5.602247909007125,-0.5265261643466943,5.999435832670875,1.0,0.0,0.22896422002305622,0.004323117293867952,0.0004455695476253949,0.0025361309524905722,0.0013030611472457376,2.9885544361755088
1.5444480728061396,-1.7521318065358564,2.9772294192867914,1.0,0.0,0.22899097120113732,9.309070719378821e-05,0.009430770556580481,0.0015660834031907495,0.029600329258455467,-1.806080833554458
1.8679042306619804,-0.7998362539561822,2.501460125276592,1.0,0.0,0.2289936928418713,0.001328737102803191,0.0009496658792572463,0.0045622757436074805,0.0012637147100438935,-0.20846712540119877
0.8955496252677209,-0.7529528761658723,1.5776694698217582,1.0,0.0,0.2289834311315395,0.0087343887203877,0.0002036537575846692,0.0026587796372876202,0.0018699040052108326,-0.3161390503340494
0.017010845912874033,-0.3850584943555757,0.39250497717339766,1.0,0.0,0.22908579946553664,0.004325060726951781,0.004890700097850364,0.0023449199225854004,0.0018509127429953626,-0.24384163988915067
-0.43091961815794977,-0.3493783766766914,0.029477945645230173,1.0,0.0,0.22895270834325482,0.0030640450827709395,0.0008323707356809556,0.002517204573080904,0.001399264422834207,-0.12719750434733693
-0.2834350743258577,0.1644008035717323,0.006391727835209587,1.0,0.0,0.22841876515296367,0.007013363533236614,0.006675885297814449,0.0018231024076824259,0.001193549963653204,-0.30633798218004266
-0.18875284335314738,0.1805756084356201,-0.17418229598878976,1.0,0.0,0.22809997238603888,0.013984739754865036,0.0008915344428395103,0.0026107943257574783,0.0017097617657887948,-0.404667261592737
0.28191554210024666,0.4151145268645108,-0.0060403227796843005,1.0,0.0,0.22812131889122744,0.013004742973411927,0.0026103462702461093,0.0026820062347743794,0.0015500162103414977,-0.3484209559852228
0.009756140305148866,-0.11406094612763781,-0.27074093801860855,1.0,0.0,0.22908787536693567,0.0038665390957075127,0.004389485477209584,0.002357824798867103,0.0017675516750162749,-0.250803296423194
-0.2828354351425263,-0.4258414573306731,-0.029415961537823915,1.0,0.0,0.22804278449798665,0.0044673986326956225,0.00024646620765188856,0.0027315164979790814,0.001008452831700408,-0.11304983624348627
-0.3043271296584918,0.05515600880772594,-0.007380972430079167,1.0,0.0,0.22901034627189717,0.003977141163635833,0.0017381108558658374,0.0025272961588304844,0.001456693195485037,-0.18071657326033094
0.17914922205342637,0.5292967433555326,0.010228349957407307,1.0,0.0,0.22858412528404626,0.00012431109404004262,0.009416089708238552,0.0004609306666919087,0.021732706052746652,0.5751483241799575
0.29194474625767985,0.009777882904355547,-0.028083289188204387,1.0,0.0,0.2290409031852399,0.012339768664563341,0.004600149298591959,0.0022809408005957303,0.0011351972402691304,2.834436647284994
-0.17437938050724117,-0.4638091935631113,-0.013326393818428548,1.0,0.0,0.22827814204826066,0.006775910188324772,0.004985268232491074,0.0024229245171393243,0.0017735668738712701,-0.30243521649249633
-0.3592790549411106,-0.061662336457838446,-0.027009648549996768,1.0,0.0,0.22904753389087018,0.003446697357710129,0.001254397643343626,0.0023773224573801276,0.0013682399656817484,3.0115394150358523
0.09328854747024812,0.4523926372165969,-0.02357260590288551,1.0,0.0,0.2282888572285365,0.008796622519418528,0.0034639154594312124,0.0025783945933499524,0.0011983485106424733,-0.21927334548396077
0.30597254520786094,0.054835459209843375,-0.026947914959595132,1.0,0.0,0.22826910099529987,0.020647274709650207,0.0019716891721129892,0.0027444245639182954,0.0008608329154267085,2.889658212075336
-0.09191391613293179,-0.4429778564642362,-0.0021052692505260195,1.0,0.0,0.2281979279977213,0.014894675774933704,0.0012803677694647505,0.0027448622083565246,0.0007282276469172623,-0.16890945370016225
-0.3334496292814402,-0.17660184265184733,-0.014446386486492466,1.0,0.0,0.22903434729173106,0.009433247103835184,0.001477737077258926,0.002578456785574861,0.0014134566223125526,-0.24494874592166394
-0.013445247633466528,0.4870029886355525,-0.0012462386158462709,1.0,0.0,0.22855010040041354,0.0001464993469484616,0.00913733779047655,0.00044307607267763934,0.026528776416421023,-0.16354003799079334
0.14886421849555193,0.23192990788371645,0.06485783160928159,1.0,0.0,0.22973492928687947,0.00800142039655819,0.0048758124212626985,0.00034303170329957753,0.014323453848485128,0.31670842743450145
0.3522588529604617,0.033141216963918904,-0.0012923594380437444,1.0,0.0,0.22811876561095837,0.02115770228957425,0.0007000690572228839,0.0030076749232410896,0.001325057681330113,2.782712697986753
0.4154279397888102,-0.26500974309653563,0.04428207013184989,1.0,0.0,0.22963025005710494,0.0011676175238971498,0.005987671510859607,0.0022912605198672645,0.002718422301884111,2.793986916239473
0.7431774292373702,-0.38536602709042533,0.5924126586751659,1.0,0.0,0.22809346502439834,0.00929113089440305,0.001119932213153563,0.00282934141793334,0.0013057036422665985,2.9069551449928515
-0.30348518519214784,-0.6154027898398509,-0.8927592144268155,1.0,0.0,0.22984221409889438,0.012092739690246362,0.00038948875080581526,0.0036737433416161084,0.006145047592856776,-1.1246040849369958
2.8462066495841465,-1.505653685889206,2.4936761404146632,1.0,0.0,0.22802127721564014,0.0033530510015643646,0.0036888436352308044,0.0035944529467580844,0.001791528455553657,-0.2943515746802953
-13.359946113174262,-0.05153015268666552,-13.300339800350091,1.0,0.0,0.27778922043457466,0.003633577702464734,0.0006232342415928153,0.0009278992641739054,0.006794449361713393,0.35798295995816065
2.862101000359589,-0.5550966508501571,2.7615861901249463,1.0,0.0,0.22808101929363883,0.017071903137394828,0.0009128368331135629,0.0027386503154020166,0.0011932104317733576,2.822499190320753
2.3184580500360026,0.5002639206925661,2.5173582693124232,1.0,0.0,0.22818131823977542,0.012392522255841715,0.0017007639705419711,0.0027213007660076686,0.0011972330936041583,-0.26242603672724374
2.523554668404387,1.4378984529833856,3.0309087202960967,1.0,0.0,0.22827879662882206,0.0008555488072088317,0.006982363359043965,0.0024826126208208404,0.0018538137763636782,-0.2741007049518402
1.9300781034386274,0.8170846847859333,2.1246473362177762,1.0,0.0,0.2280097718652263,0.0013548131349838226,0.00042053969197261944,0.0038214211915083857,0.0013194704408651349,-0.1948537907634476
0.08369790521468239,0.17337132929962387,-0.006288987656007732,1.0,0.0,0.22716674535239093,0.02318337768700489,0.0013049618467467579,0.0015908769337385925,0.007520081593474108,-1.039263958724508
0.4044807657847428,-0.20186202027827116,0.27211292121018527,1.0,0.0,0.22800131391500164,0.013943081126027419,0.0007102182590415798,0.003057728096750536,0.0018833317557475644,-0.41949183584413907
-0.11095520708642954,-0.30067602395402404,0.01293237529541955,1.0,0.0,0.22840704723390085,0.0012910207149432378,0.009081476424280326,0.0019927803798755832,0.0030858910604250386,-0.47309011423965475
-0.0394791071163812,0.0022517259954114243,0.13031690216065075,1.0,0.0,0.2280861376528363,0.01206566008627661,0.000555371086354715,0.0030765008115209804,0.001760578475773515,-0.35138858265356493
-0.29834664825855756,0.23336402910837553,0.05599763145955323,1.0,0.0,0.22840533246330258,0.0015004042535217484,0.0087099929611744,0.0017696657252655483,0.0035961944283018727,2.5550414738886316
0.20749683188354587,0.3281958763432564,-0.017086536583059697,1.0,0.0,0.22855397990342682,0.0003339849799322281,0.009079744841468652,0.002604676718588246,0.017636747293950567,1.676755427093794
0.35186106020712166,-0.1999897867279463,0.030254673765575932,1.0,0.0,0.22810608115864492,0.005489874053825382,0.0020172367356058743,0.0027874686459964833,0.0011261258623529917,2.9782943513493922
-0.19277052123472344,-0.3062558914294969,-0.017313684480565136,1.0,0.0,0.2283354817390413,0.004197640307329428,0.007671780755581528,0.0021744275013411488,0.0012473130149177768,2.8888585852365853
-0.4012939016550464,0.1359123484278959,0.019201180056978077,1.0,0.0,0.22856702092865658,0.00021042764980059832,0.009167584334810618,0.0013465402425242993,0.02484083021075914,-0.09697120670731763
0.1499522536166728,0.3153993033239195,-0.00021734326210625965,1.0,0.0,0.22811886241094753,0.012736079835488027,0.0019270438150379948,0.0027762894843419285,0.00134524527034927,2.8415633520354993
0.35309824873055395,-0.11916447045802232,-0.005967272583728176,1.0,0.0,0.22813498846378807,0.011474733369442951,0.0009989422761124058,0.0029109748688429973,0.0013178919212184677,-0.2689321556722985
0.008177412121902693,-0.35418239279137437,-0.01867514161598108,1.0,0.0,0.2295114463415477,0.0012233791177700985,0.00834692899080396,0.002105899339596022,0.004176667891066231,2.4607284101221056
-0.43742905781528163,0.033783043979474105,-0.018982936182680713,1.0,0.0,0.2285815891944003,0.00032547774879673313,0.009026996311439306,0.0025845394189572637,0.011065369122076242,-1.2424823578618143
0.030706072764713436,0.3511742913438136,-0.013099577785443633,1.0,0.0,0.22825720970533628,0.00754272351855295,0.004904607552768797,0.002574897836299376,0.001164349023312318,2.9214661583392045
0.34661439208676936,0.12804001286039624,-0.020324708629116957,1.0,0.0,0.22978503891678118,0.004676654509105422,0.0004775591103761388,0.0023788556845685677,0.00133487804070285,-0.17454506176258783
-0.004107014738544109,-0.32756442291507454,0.0038117806760909335,1.0,0.0,0.22818442049848614,0.013378356094858719,0.003941779351887186,0.0027230673969157048,0.0009057298967811737,2.9169958070731608
-0.4574559500473638,-0.044385614628457234,-0.017753926224232438,1.0,0.0,0.228560657995011,0.0001363595792001408,0.009243263083964321,0.002760496098857573,0.03782236317647782,1.1048343622659262
-0.05876254166375555,0.3429495170058206,-0.014419260148969774,1.0,0.0,0.22817137932907666,0.019590354939864513,0.0010702143146428863,0.002991533932921874,0.0010002460106484409,2.8753717181963325
-8.906444512708628,-0.05415557532067385,-5.782912543025372,1.0,0.0,0.19188488718840427,0.030885527130126475,0.0009146863495463581,0.000812693362827892,0.007653211390005417,-0.21758837133982606
-0.20277414866562715,0.18527226476751857,-0.22083661453061576,1.0,0.0,0.22989476300880168,0.012660257551117758,0.0005103566079374462,0.0025806346601096766,0.001664898517881866,2.7603234581368192
0.3424732049041063,0.07646129975841648,-0.005114629958102661,1.0,0.0,0.2281494212639126,0.015112750458635854,0.0021649934158586414,0.0028349777791945906,0.0012236642618139717,2.847099870645578
0.35758087183631315,-0.24072803573470597,0.35277208764135853,1.0,0.0,0.22890777285967068,0.006190616135758374,0.0012541327980782012,0.002548753696888931,0.0015177069995000966,-0.24175566719484975
3.706180895660746,0.15714084964428024,4.265504852978746,1.0,0.0,0.22975237240411575,0.006233177920584663,0.004182827852595608,0.0022980926058392324,0.00209397004297041,2.771568179425465
4.322640435166328,0.2592554619692386,4.949009773104058,1.0,0.0,0.22973819699928327,0.011259689058304786,0.0037675424769328778,0.002318796508953689,0.0015546944001783825,2.7858670047045444
4.040800549185818,0.18950983651849304,4.202511523150566,1.0,0.0,0.22908904249657205,0.021382993107965934,0.0028828054492573696,0.0025254047360741168,0.0009859376646299816,-0.33440793946996317
0.8739270531914839,-0.09485083673092365,4.672445684242461,1.0,0.0,0.14974382811542133,0.09986321204165766,0.00046840064104988586,0.0013573421611742704,0.011756615322568074,-0.5052316826339636
-23.446673984131586,-0.20599154582104756,-3.9817174347412427,1.0,0.0,0.4754861917582873,0.06427491082012451,0.00011615163598496137,0.001329943642414869,3.438745613399551e-06,0.5957547159042625
5.035528997529179,-0.028129719814905293,4.787224048349072,1.0,0.0,0.22821340968541676,0.007214069890274062,0.003686612064218076,0.0026392586136388366,0.0010185651070189446,-0.1782375539536482
5.592409193134823,-0.3042996672633993,5.000012450430024,1.0,0.0,0.22805952112795774,0.013527273164595227,0.0013243379811720612,0.002761354958229014,0.0012650916396240268,2.8539075313633036
5.557219217135898,-0.5105083482622687,4.6615948446429725,1.0,0.0,0.22813474502214404,0.02265851534230529,0.0013391905424895885,0.002598722511388432,0.0009505548853859148,2.8239089512150835
5.416356429582247e-06,0.023288057042100165,-0.0002526777833523527,1.0,0.0,3.057533178318745e-06,0.0014826527066999144,8.920883073567155e-05,5.769668753280237e-05,0.00931869301326642,0.5223216047028347
1.0630870847188942,-0.25357406945832633,0.8760807787590039,1.0,0.0,0.22806002130395986,0.013950566771205375,0.006242493577580067,0.002445386456520682,0.001932202795865669,2.54777751268201
0.3554795991829862,-0.35468473986825166,0.22311106029798922,1.0,0.0,0.22814361249054985,0.011134690627009803,0.0016901675000769558,0.0026617677573511707,0.0010860070569270288,-0.2261194324206314
-0.3009817502854273,-0.25085086888078095,0.02295255586795372,1.0,0.0,0.22843863094104994,0.0038679017879268973,0.008149759887142817,0.0018921850695461108,0.002177331348799005,2.644211827117094
-0.3217873183969169,-0.026556344985823897,-0.09900953005476634,1.0,0.0,0.22832527088113386,0.004819886293031439,0.008939898285790844,0.0017721415517250542,0.0028425103213987448,2.3522697782070576
-0.3136664601192836,0.2195328969848584,-0.0036632696478174766,1.0,0.0,0.22805834252731141,0.011593599189746617,0.001119906201945953,0.0027120373291460264,0.0009139827796812884,2.9546726077177947
0.1646766873107992,0.2798055652283431,-0.03426488158750321,1.0,0.0,0.228111598968277,0.01298291421805569,0.00039329582452141273,0.0028190620200531746,0.0011430427257602335,2.9002475166965747
0.4012313737450695,0.014036182579676017,0.0107840019479443,1.0,0.0,0.22982250893620976,0.009190586479327087,0.0016732377920686665,0.002452869919346911,0.0013793889778918106,-0.2589944943909529
-0.1339597513016068,-0.3045682906430317,0.017005835734910664,1.0,0.0,0.228260011051264,0.008422272188489762,0.0041558095538724565,0.0026547215752896944,0.0012527191842818376,2.907224824373401
-0.4271245892131489,0.00769785888858054,0.007606944069488751,1.0,0.0,0.22935376054305479,0.00013988123940038213,0.008777909797156501,0.0008319549711194108,0.025307382330177607,1.1538716248536331
-0.03657918384370895,0.346866229188057,-0.014870974897409704,1.0,0.0,0.22965582158217243,0.008397498376506213,0.00264762603781683,0.0023524866007659014,0.00166905827792358,2.8194798617472516
0.3922197481552328,-0.10233656251974284,0.015647981223107604,1.0,0.0,0.22803983109259257,0.021722844786833635,0.0008684349155175154,0.0028100714237666445,0.0010137931285065023,-0.3092929475730336
0.03524294482703889,-0.35843153309877057,0.02443855925136011,1.0,0.0,0.22898386264492787,0.00022162236400688566,0.009041462294171828,0.00408885022416038,0.017020828251803084,1.667833252192535
-0.41052253936990035,0.06574174060657573,-0.052374721564430855,1.0,0.0,0.22805878178691755,0.017772919015088467,0.0003155939412385697,0.002902583059740313,0.0011912066648746965,2.8221656255579437
-0.1559252587341035,0.30978265998232574,-0.024426792400641526,1.0,0.0,0.22977985136338136,0.001968374985339572,0.00085295404675682,0.0026803276754856333,0.0014238193306725642,-0.12691757963092112
0.3881963863344447,0.10724877126675535,0.006455814206445412,1.0,0.0,0.22942468187675127,0.001341657497961069,0.009519326942364582,0.0011405433420187336,0.0012198853657010848,2.740911750437817
0.12676005691449352,-0.3505557932657596,0.014519535079220259,1.0,0.0,0.22898539673018753,0.007771245424375844,0.0012830741842652362,0.0024578229409772234,0.0013136970024663446,-0.20002976389854774
-0.35141688562524076,-0.17700838071686967,-0.006358161725589584,1.0,0.0,0.229764986854852,0.013289033311313187,0.0005650706250283927,0.002498530332842552,0.0012708766640668566,-0.30617205674125203
-0.27734562356305803,0.15572978278991403,-0.06978507580611484,1.0,0.0,0.22819779832810383,0.011361035124134526,0.002543940564232302,0.0036192463812227513,0.013395131863930898,-1.6088695842917358
-0.23414625596536934,0.32580056265020163,-0.019058386739170336,1.0,0.0,0.22899867880556046,0.014038426734063116,0.00039683149712947246,0.0023942706535863396,0.0008869012628995105,2.940676510123473
0.3832873670540205,0.32491977483976975,0.11912778530253941,1.0,0.0,0.22901078369892014,0.006689039688680888,0.0015263907834944062,0.002422349092441923,0.0013968188629770485,-0.2182742742194439
0.7273328862791798,0.21428480774876804,0.5318413910856844,1.0,0.0,0.229790796620943,0.013703718633397186,0.0004462707676273014,0.002748971768982282,0.0013611721483868632,-0.29496420941538903
5.425495006485525,-0.05914082476483062,4.5070944775748645,1.0,0.0,0.22802623056601087,0.015874877777278806,0.0004895644532631855,0.0029172713395437923,0.0012167256599372289,-0.2940224375476908
5.654062700365954,-0.047252695675627295,4.964354571859676,1.0,0.0,0.22823889381834506,0.01442770766422781,0.0031858165333169598,0.0026616786650441927,0.00129817505750538,2.815375060362646
4.46540766239535,-0.09913871815356232,4.21237223637949,1.0,0.0,0.228215324106913,0.004191007455285284,0.009190667327447204,0.0021253380257660447,0.0069981412647657434,2.084799702431029
4.894894874797361,-0.17042884051450802,5.066075376157128,1.0,0.0,0.2289359544036768,0.004809661944464864,0.005383788629338504,0.0023467335697221112,0.002006750685034353,-0.3365388551449476
4.350470800184722,-0.14816491377202543,4.951151890881253,1.0,0.0,0.22806871854522853,0.004001634668785096,0.0002946493853734844,0.003036041226031706,0.0011810792921188033,2.993401454180005
4.081301156944059,-0.1021136111279927,4.627040628361871,1.0,0.0,0.22816408169915783,0.011704311000759282,0.0027830537677098308,0.0027129762309365093,0.001332913545265665,2.864484896356232
0.4965045402435343,0.26377292398928925,0.3895814685595632,1.0,0.0,0.22829408211430563,0.0011120751931681329,0.008539775591520036,0.0019014055988828688,0.022603352858090814,-0.16960869540311133
0.3074424040697061,-0.23044502336356806,0.02621116079204451,1.0,0.0,0.22826613738368925,0.010002138037317306,0.004218817848492262,0.002538136534582273,0.001305881373511794,-0.26680783607358044
-0.03862059771494922,-0.1902617496569045,-0.03900320034226312,1.0,0.0,0.22814168236714616,0.013468397044192728,0.0013854336007090024,0.0028163257752519435,0.0017181114217198884,-0.36969239558339134
-0.15597555822505352,-0.33864546634736337,0.016247761510165572,1.0,0.0,0.22898253616490588,0.004122327859698826,0.0011461083838561444,0.0024620381301370445,0.0015130075291789813,2.976606981189334
-0.42384265497819235,0.14233780053006337,-0.04965348818533695,1.0,0.0,0.22897581529543062,0.002900993101081287,0.0005558516226650064,0.0024284353289776546,0.000890762489094118,3.0548807987207405
0.18930251036948173,0.27937099787647307,-0.025468462948920724,1.0,0.0,0.2281368236371869,0.018712872823097654,0.001848109671238024,0.002683515051482123,0.0009499700931825775,-0.268055523565028
0.41581235707475134,-0.05727527863917832,0.010920029615161322,1.0,0.0,0.22931083772202582,0.00019298575253001845,0.008917217997247729,0.0033102394564793907,0.010835802083275505,1.864341313325929
-0.07711209879808092,-0.336254955370775,0.036577142441128724,1.0,0.0,0.2289251458504222,0.011136234274502292,0.001347949997554682,0.0025042335065157957,0.001084196945705795,-0.22521034064628864
-0.38969257991875617,0.021332097415667186,0.010688532476937428,1.0,0.0,0.2294319886695877,0.0005429749039466002,0.008296972296916526,0.00258024934669597,0.006920233891486436,2.253972084362727
0.09005817673041257,0.30225939642854815,-0.04753683420569798,1.0,0.0,0.2280788625594084,0.004287723210475256,0.00019890665737479256,0.0028075650978007906,0.0009901146478777608,-0.11135180248233444
0.3846454280130209,-0.11308768879124521,-0.0030110925505694303,1.0,0.0,0.2281659406052714,0.00984003392133697,0.0013181007450759053,0.0027471698234260815,0.0011349434120802222,-0.2054796607825522
-0.003011685526339282,-0.35818193018162076,0.017562813698839937,1.0,0.0,0.2289497244129795,0.012934715126168138,0.0010472104212474363,0.0024418438635528824,0.0012504717075483283,2.860166381368962
-0.47134687961980687,-0.053020615036813296,-0.021379263831777903,1.0,0.0,0.22933149008113976,0.00015453780068994897,0.009117273244929933,0.0005559968494840379,0.02780835366613282,-0.9926429536528726
-0.09553382152540929,0.38071206649297856,-0.01953596757224829,1.0,0.0,0.22934568894753676,0.0005076095970068606,0.009241836103227744,0.0005245034539988548,0.04501324635221785,0.36411815180412327
0.34403937043849486,0.13854169097486024,-0.041862974324758946,1.0,0.0,0.22980246126228468,0.00813441804110494,0.00021834457011795218,0.002564096039361953,0.0016392483578701236,2.8780523723876508
0.016545769200583718,-0.34633880076719537,0.01385410949415321,1.0,0.0,0.22806144494111624,0.010402152835091747,0.0006586401049487924,0.0027057913325754922,0.0010289822389318451,2.966241498672054
-0.37999090237423855,-0.17651968166092777,0.01237330563971366,1.0,0.0,0.22973741642257064,0.005939966481933622,0.004884698853788714,0.0020906840015843266,0.0014450167559669355,-0.24550553495216035
-0.5875433218389111,0.07696261173038943,-0.3665532919184665,1.0,0.0,0.22903894379712592,0.0017294173343319857,0.008515618106426134,0.000441340155388277,0.043746483748661046,-0.5334402062555913
-0.15151634622237617,0.3152293062255718,0.001475013862923779,1.0,0.0,0.2290559781461641,0.00057749465933161,0.008858019293546935,0.002786094511499131,0.009314025759928906,-0.9891021604809732
0.7205664842776458,0.04195704886121508,0.419314990276935,1.0,0.0,0.22985370902376118,0.00644846865558785,0.005004136829809519,0.0026656602326062795,0.0034344335990819314,-0.5665639061355525
3.9160360324516934,-0.4560735931037744,4.33774774515483,1.0,0.0,0.2295441990006557,0.002759469742271533,0.007984807808547685,0.0006630779801572916,0.05821788117676193,-0.5107866040486617
-5.1424637562182856,-0.058401554977587575,-9.389297920999908,1.0,0.0,0.16551770780220473,0.0004162831607743009,0.0002785489914443586,0.0014412853440904892,0.0019081653846784485,1.2433149543804665
5.362385864699774e-06,0.01026851889050321,-0.0023107426885770363,1.0,0.0,2.0845413322406943e-06,7.21049726911234e-05,3.565028837063012e-05,0.00015448015309380497,0.01013238657901667,0.4991135756463043
-6.097820604879275e-06,-0.006778501253037842,0.004250313273234785,1.0,0.0,1.7083164258341534e-06,1.6273414254857845e-05,0.00010587558177160315,6.688413659118965e-06,0.012039343363752938,0.34411052601441505
5.240916467611212,0.5401565323115011,4.902218891757242,1.0,0.0,0.2290203620122583,0.0003725653908457829,0.009072796881662886,0.0026678863447525797,0.0070834138107410205,2.1342387723367846
4.103686130069327,0.7930004200838731,3.697498212919647,1.0,0.0,0.2296772936364466,0.004944262961687394,0.0021679822998647187,0.0027296684001214227,0.0018280465522745905,2.9052671980657863
0.8811007677950923,0.13023138423873926,0.5483379233796833,1.0,0.0,0.22860035062832926,0.0009428182477406112,0.009145581213940256,0.0021282212531173843,0.013983707847525319,1.3171457415340322
1.45044689625264,0.027258110477357315,0.9491691700923464,1.0,0.0,0.22812640228814457,0.012174283325376626,0.0002577949194311993,0.0027604910576080133,0.0011232112546963086,-0.21826097216826718
0.27839974376519167,-0.33250672619479804,-0.004323461217041255,1.0,0.0,0.22817572483631354,0.01474326936894405,0.002109545568170771,0.0025057134599668403,0.001284037227629234,-0.31126182493458115
-0.01820248538348065,-0.2079438823001548,-0.07631246663035118,1.0,0.0,0.22891653071290471,0.011520893362566,0.002610345365811151,0.0022506160374482147,0.002145635197040308,-0.4252263843087751
-0.08640052756922989,-0.3509082240342184,0.04474780141930186,1.0,0.0,0.22977801791981636,0.009231784942438887,0.0007410350888574549,0.0026790168407157706,0.00241889339888009,-0.4116671433827836
-0.38076723694979936,0.24029348732930408,-0.03760838934009544,1.0,0.0,0.22812771758484324,0.0055230806630184774,0.0002547341047860542,0.0026240395667220476,0.0007338958282867052,-0.0874820901554748
0.09365067051692944,0.3543514017431303,-0.027639782187527526,1.0,0.0,0.22900909551960633,0.012121392621530173,0.00016099356567093363,0.0023872790789888263,0.0010561435757127395,-0.2221063709565038
0.4001676114850407,-0.19434596361285267,0.03833559624520027,1.0,0.0,0.22812516324952814,0.02239428858287119,0.001939653862566822,0.0026920150294614093,0.0007823091085164385,2.893909032338239
-0.04159368842618353,-0.3702976631312677,0.030949377681414297,1.0,0.0,0.22901339177797608,0.007793386720121293,0.0002480878747251791,0.0024649085445758567,0.0014966482844286893,2.9286211047892032
0.10663691132441025,0.017106254039819243,0.11312800137193227,1.0,0.0,0.18284011600437203,0.017991699216943928,0.0005465842146848392,0.0007527099373327565,0.00712752034117557,-0.19947800720833
0.03795030934266087,0.41104584431742713,-0.047511142992251336,1.0,0.0,0.22843776267435129,0.0003272383556958439,0.00989188469770106,0.0011279161535333797,0.03818450805836948,-0.3882746642931169
0.4266899281773869,0.05701363841040489,0.031714474917208024,1.0,0.0,0.22972562619693035,0.004695043386139731,0.0001585174660533032,0.002630602551079058,0.0015487491276132003,-0.18282979599407703
0.07015804365332579,-0.3971888996371296,0.04580824058687731,1.0,0.0,0.22900998348081847,0.0055198624019922975,0.0024251080885179695,0.0023090510511963327,0.0013411826544782353,-0.15603383084361913
-0.38760924649952483,-0.101340134647526,-0.009214698508035822,1.0,0.0,0.22976544754717604,0.008099128200561485,0.00019800985174649887,0.0027768407411195876,0.002178045369334536,2.7927743762749593
-0.12011982557054844,0.3868011889074145,-0.03816255665184048,1.0,0.0,0.22895731999809266,0.004715739569710984,0.0030062013486725344,0.002392194193086523,0.0015572935537432908,2.9655021073530565
0.3778473388232935,0.06317359827642258,-0.004852132981286212,1.0,0.0,0.22898303482497784,0.004761456037765267,0.0008580665539007931,0.002512152762476132,0.0012742761235313518,2.992956487795684
0.03965363745881489,-0.3763269771886543,0.004045655681273967,1.0,0.0,0.22811081160119379,0.009652022138182897,0.0002206713998761405,0.0029020659937810797,0.001762833316099775,-0.28408722385932067
0.03630087425295961,-0.17232000915046938,0.13564390287168618,1.0,0.0,0.22901851280726432,0.018846459615953,0.0005466110751360527,0.0027770936062210807,0.001665048808705468,-0.44608805537292573
7.4165651269363915,-0.19542002107857362,7.710725388758153,1.0,0.0,0.22899881701580496,0.01760657025848682,0.0004380741084853092,0.002040112822656629,0.002060075044983489,-0.6116414874099065
-0.35910976741094536,-0.15471742483205578,0.012678957266706231,1.0,0.0,0.22899040593424574,0.012170312664467102,0.0014081464372721216,0.002648755951723513,0.001667021974758793,2.797805422060732
-0.2954875826770574,0.2764220705819213,0.09993518532653957,1.0,0.0,0.22905092455316192,0.000358523766969471,0.009027351384758462,0.002542553352197204,0.009259798554083952,-1.0511810048269439
0.6622630307501928,0.2798504505466335,0.817098250866297,1.0,0.0,0.22821259045969786,0.016584395421976175,0.0005993382717338096,0.0028039654037392424,0.0016434402208598286,2.7464335650946987
5.715486953654585,0.9111681528831447,5.992036370982851,1.0,0.0,0.2289922759055422,0.004184324678855751,0.0003354221540222908,0.002630729699455594,0.001539033892260153,2.9709791331018898
4.949967742173045,0.7548226991121734,4.929571320094365,1.0,0.0,0.2280220469834632,0.021488758875611476,0.0009823444947041364,0.0025552794977835606,0.0012626983288186022,2.7683041081710464
12.943996743665508,-0.01735162341437553,5.081286927802689,1.0,0.0,0.19374420258510283,0.008610091349115546,0.0006912364545492148,0.00023332460879421096,4.5240540110305856e-07,0.5854194696764083
5.497108463922201,-0.527080193128819,4.9771900884823586,1.0,0.0,0.22967824784677113,0.007087862654099345,0.005689775070475213,0.0026783939182098045,0.005112741939010083,2.314168340062702
5.109072701185948,-0.6597968033158368,4.859366262260668,1.0,0.0,0.2283049252730424,0.002869370865561721,0.008646083620708631,0.0010733148671896362,0.03278895964948982,-1.0636160015558327
0.13462230920810547,0.15060677280727994,0.388374510289099,1.0,0.0,0.22804272017041843,0.008634516576914136,0.0016856426893798488,0.0031167003715291863,0.0018194376276280694,2.8502706967705094
0.1613781601443839,0.2759978228992993,-0.026182198917647954,1.0,0.0,0.22971813871874117,0.0030922172948437947,0.0010447594391679858,0.0023345424319013764,0.001373470998372879,3.0188695512119836
0.3137248807596965,0.04663426529021415,0.08657801353414459,1.0,0.0,0.22986176459273677,0.002484620904085887,0.0009764978584591423,0.0026228270484991607,0.0014449567408867012,-0.12693600851747616
0.4283880006454406,-0.22484996010936298,-0.002560573769940408,1.0,0.0,0.22905396041960782,0.015462689154614049,0.0005808481528533796,0.0022951371466218336,0.0012832519333260356,-0.3360431604274161
-0.18575997746199208,-0.28829981889694095,0.013122541242911725,1.0,0.0,0.2289908296734746,0.009028270309832005,0.001683367542735165,0.002488670501024332,0.0017218990974715907,2.8465167950164685
-0.3905305912320704,0.2635471738743719,0.02889590839591696,1.0,0.0,0.22858010391290254,0.00015048321442164296,0.009580863666610375,0.00045752106775361523,0.032987822607479705,-0.34368074375241575
0.13330353878287046,0.3481614857281981,-0.005740270009831516,1.0,0.0,0.2291553779108641,0.00021663153679224009,0.00956888859054392,0.0009478799952314179,0.055406109899145316,0.8746333944700032
0.436786691153824,-0.0910701148563712,-0.003412681967144251,1.0,0.0,0.22964927796488183,0.008729257733053135,0.0023584058629770098,0.0023248190132244668,0.0014475843323822788,-0.2453769326577887
-0.04619567629108632,-0.33314095424029994,0.03787946710365578,1.0,0.0,0.22904719227155837,0.016317907858789317,0.0005208318341762593,0.002568193836270556,0.0010243303595713264,2.8806013981623897
-0.2500052804302314,-0.34432677237142667,0.00043052728233859515,1.0,0.0,0.22811490367114187,0.012607649760151399,0.0009280986868411129,0.002828197668479371,0.0010868697774586806,2.925858621626831
0.0868342757875676,0.3258714917179717,0.0033171699070026765,1.0,0.0,0.228297938726415,0.0034164562989716166,0.0043013564674727394,0.002630002325286811,0.0015831121686613343,-0.1819656765824956
0.36839114696373637,-0.1724890824944583,-0.025214831005929302,1.0,0.0,0.22805083716565205,0.009311243010423784,0.0004970562926303278,0.002845444560689015,0.0011763992304710672,-0.18479906142738237
0.031412538581355585,-0.37660661270668067,0.007047080630863776,1.0,0.0,0.22898690412605088,0.01773658712910147,0.00017673391302150743,0.002324060864120153,0.0008227606146802588,-0.2408770254869625
-0.08606182571128644,-0.4143968198401349,-0.015616822940545986,1.0,0.0,0.22906465000799003,0.0018619973456008947,0.005497162967461651,0.002343850855873198,0.001969518482872851,-0.2185740260761535
-0.16476487085957245,0.3496289308330175,0.0012168941161795719,1.0,0.0,0.22976196628806905,0.008514431554148107,0.0010144101655825083,0.002412875367868612,0.00170829115303217,2.8807309980720888
0.3736379268943314,0.10217421058353189,-0.012251883080562756,1.0,0.0,0.22974779434036274,0.0026952737935840706,0.00018597653628703122,0.002696189590150909,0.001476183284443634,2.995479451035531
0.1842581731706961,-0.4018226880860251,-0.007393849174421221,1.0,0.0,0.22898350078622878,0.012865142083156183,0.00024775779331505165,0.0024255620711069875,0.0009305206354304901,-0.18434395507224713
0.39505781857847627,-0.14275283981075002,0.4488395795838461,1.0,0.0,0.22904533486382742,0.008049096915677732,0.004124024308409345,0.0023396662734308598,0.002810811789110725,2.550827136252803
-0.38024153733662824,0.10877110435090179,0.013007593092150136,1.0,0.0,0.22818952798219425,0.02010285577783968,0.00420580555585973,0.0025104162058419612,0.00075952057201697,2.895614577042263
0.1252188674065345,0.2601779987590941,0.27095466938489676,1.0,0.0,0.2280262194869784,0.023343458809345408,0.0010051011333427637,0.0029512383558305114,0.0013409051867494424,-0.38539898978749915
-2.430862727768706,-0.13306883229883648,-2.5085475546809657,1.0,0.0,0.22409507027954878,0.030385165844556434,0.002516331496728749,0.002854111172697608,0.006607316793416261,-0.4380979667349728
3.815672649913643,-0.6790215283413455,2.195490843777725,1.0,0.0,0.22976030753108023,0.0035308475064785142,0.004217466923770255,0.0025502404897995005,0.0022434935419634087,2.8932619852172987
4.203209115829632,-0.8050052806261357,3.0232959866574185,1.0,0.0,0.22900151693666007,0.0033308369360159147,0.001688686953174072,0.00342715488704524,0.00169851963523801,-0.2469417936330812
1.605528166196437,-0.2899484997456249,0.9882492060240319,1.0,0.0,0.22977337613883878,0.012364358356356176,0.0004532913832949251,0.0024896158653524253,0.0012242845118316168,2.8943211485183746
