0.006639693639479218,0.009089996744511657,0.00133581847264401,0.0,0.0,2.1292131573458094e-05,0.0003811848937763999,0.0004332238944158868,0.0003526786541770072,0.0036393790998868634,1.6514176626935957
0.02779912309785795,0.056057044542387024,0.0036024297567272393,0.0,0.0,0.00010895615777874731,0.0018700449933002968,0.00022533739283984113,0.0003365979391312684,0.0030827496760428416,0.6522288669250897
0.013339584442748867,0.014153238092709299,0.002914584312680746,0.0,0.0,1.6481429556069226e-05,0.00023648392244223065,0.0004493270678445891,0.00028725105113126706,0.006711323884684344,1.9360592434207384
0.01867774324085511,0.04527613509610571,0.003954724446733878,0.0,0.0,3.167397668086612e-05,0.004746882440286307,0.0007007411147264207,0.00023979057835479435,0.0034277090943242825,1.148598480382279
0.007686635998110842,0.008119764707524539,0.0014499523053683057,0.0,0.0,7.161071432676297e-05,0.0003768032167218595,0.0002780237332450951,0.0003855795553699298,0.007937255902652401,0.9098707252510059
0.007379601894585249,0.005823726015359933,0.0011072202546695816,0.0,0.0,5.7082291122175595e-05,0.0003941704488725995,0.00029761597085972333,0.00040079141117998427,0.003329689157060578,1.428041564564998
0.006347926742319886,0.010356249764389995,0.0015715494823779696,0.0,0.0,3.559635970856876e-05,0.001182341656446413,0.0005963048911775344,0.00043412268121541074,0.003285844214551772,2.313633587885174
0.007486813501920219,0.014769494549677778,0.0017090468425797617,0.0,0.0,3.459930678170729e-05,0.0009609533568264014,0.0005898203599692302,0.00044803402860959764,0.0036382316032426954,0.6289627523719343
0.010821445421470116,0.010044384152243879,0.0014176369328513328,0.0,0.0,9.631909135057895e-05,0.0013288708198300162,0.0008857476701131204,0.0003665080342874909,0.001329931544735588,0.4170951171143035
0.006981640482473369,0.007056323316594803,0.0010584919533310035,0.0,0.0,3.851894470809534e-05,0.00081564211674726,0.00017166318624921032,8.462065316089149e-05,0.00018095171673390798,1.770596818450777
0.005011305932011914,0.005120334378700082,0.0008661235560319901,0.0,0.0,4.21425257597873e-05,0.0002645582279044561,0.00019420223241160088,0.0005379166100536684,0.006296720952295884,1.1724374941224018
0.008098390744251869,0.00913570948033288,0.0011191376918059206,0.0,0.0,3.8516329241552263e-05,0.00022382558628577796,0.0002511299464084602,0.0005147967945709014,0.0031954048073580127,0.5341099573182159
0.005787206768496113,0.006971374980623298,0.0010715504392567713,0.0,0.0,5.5909242394455374e-05,0.0003081595111779214,0.0002655113469567499,0.0002683664327164283,0.002967112643777879,1.2588800920804581
0.006880100181619167,0.008230348048665733,0.001244752798598443,0.0,0.0,2.6051049390278236e-05,0.0008478397534735608,0.00026516306166802557,0.0003227410889621877,0.0022624097464026423,1.2327911251795494
0.006363185152852966,0.012134530832808745,0.0011129288190030449,0.0,0.0,8.378585381666316e-05,0.00033941527158287286,0.0002990434951597647,0.00033875185106916727,0.0013064581080045768,0.3311584903536956
0.0061072230251211414,0.006439202719135674,0.001079468849926457,0.0,0.0,3.908864582821699e-05,0.000536074307642811,0.0005072995009081895,0.0003646626668988842,0.004980140174327022,2.3526280328263875
0.004845055534117615,0.006925551381352163,0.0011061711464076616,0.0,0.0,1.874745585461125e-05,0.0013993645344849198,0.000384355853586223,8.623220613450302e-05,0.0006637484742403639,0.2673780133240227
0.005393382048769749,0.005720279571647564,0.0009201942636666768,0.0,0.0,3.442333151169938e-05,0.00026550400859253723,0.00033394850826936955,0.00024994958294856075,0.007362865456230288,1.7225235770978458
0.006011484230195228,0.008232368741592958,0.0009923947534219233,0.0,0.0,4.5274281629792926e-05,0.0014933031165782393,0.0002941142736711745,0.00018080213747507154,0.0006998014550129649,0.15356622542381432
0.010121508506145684,0.007420564261000181,0.0009096661755562547,0.0,0.0,0.00010290124799554726,0.00045688048413069127,0.0004854316838550262,0.0003679996296531349,0.003643093870724146,1.1967928391447302
0.00980480855436837,0.01171298599065745,0.0014794747169176905,0.0,0.0,5.935339177695555e-05,0.0010775097157917823,0.00030056284242806544,0.0002890829014975766,0.0016592648466922939,2.5360830083130574
0.006215641358364914,0.006212650940473498,0.001281267385510362,0.0,0.0,3.607733697298008e-05,0.0006406979749631235,0.00025011532390928554,0.00044395375809541546,0.003270525973754442,1.9288505947822212
0.005961655957779134,0.004783891269637215,0.0010021807281723949,0.0,0.0,4.413795087159824e-05,0.0002674954002240728,0.00018411640543249854,0.0002281820215708255,0.0035489268514316235,1.6988073234723466
0.009782433799759236,0.00827537142890688,0.0014897760046010964,0.0,0.0,0.0001054375246681929,0.0005964645247560514,0.000585728301604802,0.00039010927690567046,0.005400429324470541,1.5170874194041815
0.016217750738526375,0.07252177894050828,0.0038050095958518495,0.0,0.0,1.6984494031775584e-05,0.004384170210890542,0.00020721385027002692,0.00044307960923226975,0.0029279643231859423,2.3303894099150373
0.014915748885432303,0.023009897331781718,0.0032871291045854316,0.0,0.0,1.128771305998691e-05,0.00022643587022695203,0.00022428431400712688,0.0008628804077632246,0.00334572318325713,0.42207373429285727
0.0328999980919045,0.015830779723036315,0.003990630387532932,0.0,0.0,4.376964274090767e-05,0.001785921019848476,0.0005197273841196183,0.000126415256358178,0.0009735597156718889,2.751963086673742
0.005402652633507457,0.010684031368253862,0.001332825097252413,0.0,0.0,1.4853483789051385e-05,0.0016920844975698882,0.00042621057187681587,8.595700068564812e-05,0.0005449629616604271,2.5015014980500014
0.012324194926362279,0.011011949884511653,0.001979863654193396,0.0,0.0,4.1296785898408985e-05,0.00029116357115737616,0.0004950541657679413,0.0004787669376018877,0.006317684943255845,1.7038883674383039
0.018808869054473737,0.026142819520409328,0.003713120995793094,0.0,0.0,1.6427547186296677e-05,0.0002808195867326332,0.0004230863321812614,0.00045417455812263904,0.003633298541322912,1.8995948330411654
0.08136395698954985,0.09510478923231981,0.006178908280726544,0.0,0.0,7.173750216108933e-05,0.0010653593351044775,0.0002087848352031378,0.0001228901012064454,0.00022410896605764465,3.0248762817705184
0.04776395196805391,0.026697955348606188,0.004789865806686126,0.0,0.0,0.00010918232944967277,0.000425196348596037,0.0002637298494520197,0.0002261289000117081,0.0038688928630935134,2.144743486377905
0.010423292363711355,0.01052360731717148,0.0017146826023321977,0.0,0.0,4.6923634210854e-05,0.0003226022563880583,0.00035505838455505946,0.0002682399678792153,0.003215996353121595,1.701422233101954
0.007023250515584613,0.011833494428786017,0.0013606373881473487,0.0,0.0,2.0843513228381682e-05,0.0005568406638348958,0.0004968069582363898,0.0002798934018755142,0.0010178985311601507,0.3193573634371413
0.005786743795830005,0.007153408624731868,0.001366567476381468,0.0,0.0,3.111231452940829e-05,0.0002665852775128481,0.00026800219860968484,0.00035512491355196705,0.00958308883333849,1.0326894935899025
0.00809683458234017,0.005331356588880902,0.0012259226963415965,0.0,0.0,7.155561023194577e-05,0.0009055096190487722,0.00024699651242157504,0.0005128242610465041,0.004032102763688541,1.2252942089144865
0.005719965336282374,0.005400188816413933,0.0009787275833980649,0.0,0.0,2.4421794145915643e-05,0.00025619185931208824,0.0005011551973313025,0.0007445647265333012,0.0016966895427081821,0.740663102838802
0.006772484150560417,0.007767486730699278,0.0012982614164352923,0.0,0.0,5.402654239465327e-05,0.0003622489258553869,0.00038376777287679655,0.0002778333867900665,0.006113315480160681,1.443392438613601
0.005206831419399797,0.004567195417630032,0.0010096076225511905,0.0,0.0,1.8393563551640468e-05,0.0002403015943490094,0.0003393881151325898,0.0004303678736720905,0.005727483640397827,2.2172975448912866
0.0044357513389725635,0.005498945483030391,0.0009942823712323482,0.0,0.0,2.6427222314895533e-05,0.00022587130859899168,0.00040250844103569434,0.0004151555132153658,0.003314130349202986,1.488593057603477
0.005513573671327768,0.00479365072121308,0.0010334031967911743,0.0,0.0,2.9073630643268314e-05,0.00018490714096924723,0.00018263099997737706,0.000506416678744271,0.0020241336441317067,0.9156187051654078
0.00601225398093408,0.008617054147047687,0.0012204788768283492,0.0,0.0,4.2387967926393305e-05,0.0012939682802678017,0.0002298282757316834,0.00010176253764847542,0.0002428854620490238,2.9233937847644316
0.00712556528313526,0.004731686701110252,0.0011918181864588198,0.0,0.0,1.5416903827458547e-05,0.0012306002188630265,0.00019995224494570254,0.0001092375466246818,0.00023009967686747764,0.12939692152728288
0.006574875807323556,0.005941890235527821,0.0011364618516389888,0.0,0.0,3.708205210279426e-05,0.00023277559493858826,0.0002643948790249127,0.0002166253548676032,0.0028678518998995917,0.7734888009718899
0.007529847796818516,0.004183313345027403,0.0009860856810947093,0.0,0.0,2.765413215907554e-05,0.0002179133762466299,0.0002707545209660614,0.0003640207217722477,0.002717604528601702,0.46009583698164896
0.0072081629142285155,0.006670761307672627,0.0010448554400673867,0.0,0.0,3.637703114186086e-05,0.0007726862003965278,0.00015502079972309633,8.247671268862096e-05,0.00015255611752858285,0.0917939844311174
0.0060361408306102374,0.005934167619191307,0.0010415159625027353,0.0,0.0,3.6672405212136276e-05,0.0002989429572761377,0.00015618507931905941,8.96087813410239e-05,8.600569604678286e-05,1.6866245468642318
0.012627928885184759,0.008262516034677928,0.0043486356664224355,0.0,0.0,1.8392927238329933e-05,0.0008217300972803039,0.0002481223543181849,0.00046502730128862135,0.0021498444303730355,1.51928809676534
0.005549490031596676,0.006307153308544321,0.0010620749216978618,0.0,0.0,4.569678952322686e-05,0.0002510616885503004,0.00024145552575864678,0.00022500903437914715,0.004073874908736656,0.795729446484194
0.007615542372322543,0.005076895190715809,0.001297884052863239,0.0,0.0,4.035719295807511e-05,0.000545646994016166,0.00026695906062639707,0.0005190397122287113,0.004504509066821884,2.215501202249378
0.004960685352463187,0.008148880626725145,0.004851221372921313,0.0,0.0,2.0075507371303854e-06,0.0006572560384006399,2.2277224638709446e-05,4.15747342406356e-05,4.389972682951923e-07,0.1398303105819637
0.010146058151742264,0.008578583693408415,0.001308934762643805,0.0,0.0,5.8287319962199144e-05,0.0016110262631213073,0.0002480828490184591,0.00014445065004220725,0.0007574830637517064,0.20634700048567764
0.01154401239849078,0.010313503758416661,0.0020088243558939673,0.0,0.0,6.335619292131999e-05,0.00031478633389319,0.0002973198555334021,0.0002971360601410086,0.004846413242816942,1.0930168230475745
0.0073431321863539276,0.009578940753599633,0.0018507499248818745,0.0,0.0,5.03277647436559e-05,0.0007660825399815833,0.00030371178000618217,0.0003107426926485791,0.0030586598132898188,1.806033990077284
0.013660865398158648,0.013784832219835171,0.00297609181813401,0.0,0.0,2.017558026586358e-05,0.00032144541095944606,0.00033948227007264816,0.0005607069463548001,0.009268469238870864,0.7372847447598784
0.012708895772867282,0.02067502473977614,0.0028674102008372465,0.0,0.0,6.177440006486628e-05,0.000393107352544297,0.0006081212872568814,0.0003054854069606798,0.005456838824165196,1.5413407912464272
0.015072123105902236,0.018260610743870302,0.0025665405091457928,0.0,0.0,8.0927127737869e-05,0.00043117500105132743,0.0004174284609267533,0.0006074672703338171,0.0037132837681153725,1.3863420135360296
0.008206350151167332,0.005871613413324327,0.0014534639454801667,0.0,0.0,4.6054907021029264e-05,0.0016745864363300333,0.0004957538658916729,0.0004247665342381591,0.002248620287039513,2.24008945341264
0.047930297206763284,0.13972467649186082,0.04198769918127745,0.0,0.0,1.8360621661091284e-05,0.0004894264986656161,0.0001693049422570469,0.0002575647932772926,0.0032731958347448275,2.365736299931374
0.04959814388922877,0.051724734384652526,0.03696397214059727,0.0,0.0,2.98184589608244e-05,0.004270316285917951,0.000461663075096534,0.0003902441521811678,0.004607676851260507,1.061148772421883
0.006502091544505818,0.006673809805190943,0.0010668564659064956,0.0,0.0,6.355302085481503e-05,0.00034914946466194785,0.0002993849997804956,0.0003544754993120251,0.002288693962793479,0.36634735790946504
0.010099438998443275,0.01534212951543304,0.002531861892823016,0.0,0.0,4.2663023928493994e-05,0.0002824501802830815,0.00024165694982967566,0.00020644448558961416,0.0032545597115585232,1.2729107119362446
0.01003451894402314,0.01106539735042895,0.0021761895092173604,0.0,0.0,2.7060809576713476e-05,0.00042671151740654553,0.00020698757478662178,0.0002327451297404828,0.0009635474451450556,0.44241275806533487
0.007219743974346503,0.009850897438456371,0.0017031126372692171,0.0,0.0,8.919734543370494e-05,0.0005220743538134814,0.00025221843564967775,0.00029464897161577216,0.0044287322647173855,1.8726962125607662
0.007585614624711304,0.008283405921611954,0.0015683196340931164,0.0,0.0,3.4733213890703815e-05,0.00048713933919218637,0.00036103052989487367,0.0004460152922995321,0.00858687376062506,1.7026472762358882
0.010182624550485181,0.0061180002636729265,0.0011594510908063925,0.0,0.0,5.879975442860582e-05,0.0005090084643154051,0.0005958455543751105,0.00022453665892175725,0.0009945505760785328,0.3504666115958309
0.00682011745908894,0.006545567445084564,0.001252074335466525,0.0,0.0,7.493498758771889e-05,0.00046613528299794063,0.00019499204455172676,0.00031250643168048465,0.005092358441160652,1.4634739130977135
0.006417555927119915,0.012795901020436687,0.0012760098979626583,0.0,0.0,3.062386781088566e-05,0.0014998576139570033,0.00027636044355372393,0.0003238276226566817,0.005551965806987958,1.0007546845002773
0.007289694670586674,0.007945209624079535,0.001038542203367267,0.0,0.0,2.949174959001078e-05,0.00039440887705291674,0.00034481235311991363,0.0002850352976051254,0.0015484095266085226,0.41865688019565755
0.005532009371662685,0.005272353805362227,0.0009972766946538699,0.0,0.0,2.2974265703762758e-05,0.0001852521491623255,0.00024099345950847622,0.0008401569688237235,0.0027126344049206636,0.8743730305895283
0.005377882571938196,0.008348213795564396,0.0010560895765033176,0.0,0.0,4.324430233734089e-05,0.0012492085727270226,0.0004716110200399378,0.00010684968539358692,0.00024350474160831308,3.0346101772734504
0.0060319108068292914,0.005882376337808567,0.0011737849594507764,0.0,0.0,3.902959864485356e-05,0.00023938418925255756,0.00028503374997398045,0.00019390760941814805,0.002402019144195114,1.7687221480981505
0.005907621467718869,0.0072703057642708796,0.0010668698705071165,0.0,0.0,3.7131951156552826e-05,0.00021775323358176848,0.0001841629032330056,0.0003191308297803609,0.003726461924326076,0.8582465447936011
0.008470568588385909,0.007227224845398499,0.0012793817051943322,0.0,0.0,4.0517413421505416e-05,0.00032385267511954346,0.00028754184897103203,0.0005469690437393081,0.0019246594912560213,1.1265025810920895
0.00700976376243981,0.00750006148513475,0.001233303497222254,0.0,0.0,3.457767160645141e-05,0.0003309262299526271,0.00041392762242980867,0.0004423794202325349,0.003294753618341383,1.088409284079558
0.007757148430425502,0.006006264057622858,0.0011307047451224546,0.0,0.0,4.826426997167525e-05,0.0009618521463804795,0.00022736672634053216,0.00012018651026011474,0.00021999773789651333,2.278870523518421
0.005140532369011855,0.008089639569616934,0.0010211623814872304,0.0,0.0,2.6563963331424098e-05,0.0001959659294120724,0.00023366364268527425,0.00048292305497130226,0.002754833628404728,1.3712979370795844
0.006636854373898905,0.004444890328915372,0.0009425838199620075,0.0,0.0,3.355743313581928e-05,0.0005723210877541801,0.00031712586815851976,0.00010412691728320034,0.00011074094578192603,2.5391995509103578
0.00705141622823609,0.004857387844916302,0.0010544198052148247,0.0,0.0,3.581828750824057e-05,0.00020045296645298489,0.00030109421690613207,0.0002465841425475447,0.0020811573709649286,1.8865893547324089
0.006606810886988847,0.008194252112227244,0.0014400469453222525,0.0,0.0,4.2170229646397836e-05,0.00044505072088911604,0.00044344768673021715,0.0009883348650635152,0.004345262878240697,1.4499825953827443
0.01059759296147676,0.010824604865516308,0.0017814989381070628,0.0,0.0,5.110754097656676e-05,0.0010262269930423576,0.0004054640053483285,0.00011573477713675787,0.00034406391935167,0.18115672573963973
0.007045375808035987,0.01027073314657883,0.0013853976495717506,0.0,0.0,6.430213623808899e-05,0.0010748829453891683,0.0002946962148624074,0.0005935969609519005,0.0034274714560828274,1.8513931173685134
0.009085949106940506,0.007732300313244845,0.0010959529898390812,0.0,0.0,8.309925208494516e-05,0.0005064677787151099,0.0005323796726479664,0.0003175830963421551,0.01041559565666629,1.5174841832725239
0.008206795862652569,0.008949677011733074,0.001536376809447452,0.0,0.0,5.1810506783032816e-05,0.0004632646294005826,0.0003231923737383817,0.00031613971484921785,0.0010042058357512822,0.30115965534644207
0.015722661668092178,0.013345565530708916,0.002598389874980132,0.0,0.0,7.615200898196662e-05,0.0005751730925072245,0.000603861690135317,0.00035442683598340834,0.003778713566346085,1.3452499946520244
0.01495946145699969,0.01769844868540734,0.002627205344896063,0.0,0.0,8.854822545224302e-05,0.0003729866128976698,0.0004485193168920607,0.00023294337348260982,0.006192155143951865,1.318865852893931
0.007537535016107131,0.007508282026017809,0.0015248778325214125,0.0,0.0,4.075810985364496e-05,0.000817648426637581,0.0005727043950239268,0.0003235610165143726,0.003977721911123475,2.0521624080326273
0.00783316429732777,0.009525826746091577,0.0017143263781737117,0.0,0.0,5.1888928517876913e-05,0.000901864190512108,0.0004545294932119177,0.00022634736042062526,0.002917204185304756,1.7506225097643011
0.022747804454128984,0.018320992810823958,0.002554060987173819,0.0,0.0,6.0174923111343025e-05,0.000589911134006765,0.00046172122267612754,0.0009220292714340097,0.0032610142143771467,1.634221920599584
0.011054583518204104,0.01579929200436048,0.0024172675464748184,0.0,0.0,6.514794714292415e-05,0.00035933379906382914,0.00037945898973312916,0.0010051164345737536,0.003211038432928076,1.2651938396443696
0.008449892835982638,0.006584064665636472,0.001554203848913978,0.0,0.0,5.465991896437669e-05,0.0005563431645066114,0.0004263816895465369,0.00022127981251180332,0.003838657668435356,1.465028547687255
0.010355758059227,0.006209472399653178,0.0012360325222317925,0.0,0.0,3.9554522437162936e-05,0.0011704010300610382,0.0003272764492105374,0.0004016777803058041,0.0027367361484727185,2.210882774701699
0.010079628496959415,0.008503880909131574,0.001390425789244983,0.0,0.0,5.630985940125227e-05,0.00022526597786423817,0.00032035185099931347,0.0005463879989783086,0.0028207071007233533,2.410312063558979
0.005582472411029086,0.007377420817346945,0.0013004868616224637,0.0,0.0,2.2875098607863378e-05,0.001420314142078184,0.000261068363919966,0.0005545764890919558,0.0042396558159055785,1.9823406526613847
0.007098456238235038,0.0068494151030309355,0.0010407343751757607,0.0,0.0,5.871451107220813e-05,0.0015141385802828304,0.0004732180689658951,0.0002557043093312183,0.001863403826646071,0.6442585617242476
0.009275452262656587,0.009991107968355568,0.001245138332113708,0.0,0.0,6.745262070704562e-05,0.0016075059434245264,0.0004085138405895123,0.0001797907855951416,0.0006429330296170111,0.2798503037934193
0.005162364632704249,0.006508661730367974,0.0008511196703812362,0.0,0.0,3.7208259301723485e-05,0.0011747852924660726,0.00023813898200778335,0.00010513667061700591,0.00024401806307690062,0.14432378444215
0.005402823390210985,0.006309664278002609,0.0010088277667009453,0.0,0.0,3.2508530209367406e-05,0.0001802931353445521,0.00032663040552870904,0.00020122432230120348,0.0031990837440790502,0.8701494438031262
0.005918922647402596,0.007815552181754216,0.0010146412234301233,0.0,0.0,6.538342838597209e-05,0.0003110899733479989,0.0004041877028058942,0.0002231579081969191,0.013272124477808104,1.235238264077584
0.006989918960161857,0.00508626603347543,0.001098854604598141,0.0,0.0,3.6523820318765534e-05,0.0002654367037790439,0.0003071428849117374,0.0010281427865322834,0.005542600489102941,2.2208084527371574
0.005650940728612142,0.012671058260026414,0.0012501070407327844,0.0,0.0,4.647709574236235e-05,0.0003825985244166779,0.00023400087015056645,0.0002777070321573876,0.002937872219340962,1.0072754218385884
0.006158574184706695,0.004998883843244735,0.0009720680238527825,0.0,0.0,3.0917973490704114e-05,0.0003528730024652877,0.00042295773163658997,0.0001415374801428829,0.0007241726596746882,0.19244160081057005
0.03899313717890326,0.049411232495128,0.07651550456206416,0.0,0.0,1.306603575679134e-05,0.00339559549915149,0.00027987474772206433,0.0001248289950984372,0.0002949127083844292,0.15431952636922253
0.006783361495935746,0.0057109328218809706,0.0008929673286541926,0.0,0.0,4.763934808833692e-05,0.0002552086942220426,0.00021787856302525957,0.0003141982845548394,0.0016533318018770518,0.45434462262843056
0.004618749915268101,0.005928671668233812,0.0009559697031085009,0.0,0.0,2.726233444569025e-05,0.00030863124468825454,0.0005763362981382489,0.0003781101400206439,0.007042390331511361,2.101710357252842
0.00817873238312945,0.007849738610450657,0.0008532669164846929,0.0,0.0,7.837101987998881e-05,0.000344155718459485,0.0002461083583663593,0.00021097511202717044,0.0012962595284182732,0.33160221169995713
0.006510057688188719,0.006619615094141591,0.0010040144731873325,0.0,0.0,3.392470739119333e-05,0.000509591588872036,0.00029395889836702534,0.0003434978833417636,0.001988157441831077,0.5123217576631035
0.005133568677137973,0.00650229818906658,0.0012049603623844796,0.0,0.0,4.4539044472716886e-05,0.0006494418129738494,0.0003758465364739782,0.0003437896488511912,0.0024019088247774667,2.1913406420931465
0.008365498235497464,0.011683434428273123,0.001396479217522884,0.0,0.0,7.277067520761318e-05,0.000661465728423189,0.00029095465828323424,0.0004000641444407467,0.002842470996012777,0.5186505108377416
0.011281431277822903,0.009008667237100787,0.0010951193984693709,0.0,0.0,6.395369359540472e-05,0.0003792762140442838,0.0004728479396655159,0.00026666037747192015,0.003530076843566276,0.46224730269946224
0.008678993589409463,0.0067515599637588694,0.001389025671613722,0.0,0.0,6.265575750867981e-05,0.00030652297080528175,0.0001983937816462282,0.0010810433021443584,0.00694024980508523,1.821145032831339
0.008685611004598224,0.009819169975624396,0.0019142827868539097,0.0,0.0,1.389489919480936e-05,0.00018467676157738242,0.000271116513647274,0.00035129082308824744,0.006779941009386805,1.7950986314584794
0.008983236788352871,0.010351004173487534,0.0018494505691135556,0.0,0.0,2.0778658468721514e-05,0.00024246366040690882,0.00039886763664192577,0.000751987594305146,0.004861001906806012,1.5590899820509485
1.239717421601394e-17,1.1796119636642288e-15,2.544839339257976e-15,0.0,0.0,4.1928130889087867e-19,1.6872896309305663e-18,4.90262669870789e-18,3.767602549387128e-18,3.2127078775090467e-15,1.1513012765362873e-13
4.202367623387209e-06,0.00037786789781002174,0.00026018616993345476,0.0,0.0,6.855668726186585e-08,1.871193619022487e-05,6.372088009843383e-07,3.2977596829630846e-06,1.4003711758706828e-05,0.027560139758508295
0.01159583834058007,0.01092821589349144,0.002039398869361177,0.0,0.0,3.777072199366112e-05,0.0003562742532075004,0.0005031108714184282,0.0003566590883349439,0.0030131312273939084,2.0250261754111794
0.018256418132661947,0.017673222880293767,0.002688902578011688,0.0,0.0,6.908017045622328e-05,0.0006771017523549622,0.0005670300032511529,0.00043496401447828004,0.0015281323857919097,0.36825012689867564
0.005119831339495076,0.005129760895663618,0.0008263245266977852,0.0,0.0,5.5039369860856514e-05,0.0003156303228587265,0.0003933060384524308,0.00022991597452378724,0.004263085425292911,1.2542201919823441
0.005785870056024485,0.007049272700982963,0.0010825403467460434,0.0,0.0,5.127679111452993e-05,0.0003077654218345697,0.00029720172527143295,0.0006537822757417458,0.003724026807363785,1.8540000101806133
0.008530648489750442,0.005787432001104914,0.0013763782531671445,0.0,0.0,6.30366855321641e-05,0.0007923057508603875,0.00043521935414117904,0.0008537098670625725,0.0036404991301288033,1.6884344887315508
0.007609139924115822,0.006784651812994942,0.0014462566989609418,0.0,0.0,4.07551289539054e-05,0.0002899260740300953,0.00031220139592177254,0.0006775350785987482,0.005082169524792466,1.1633062983393911
0.006437685263320068,0.007462009454113987,0.0012674858709679534,0.0,0.0,4.4259749345177656e-05,0.00035674841130189754,0.00032902021965733357,0.00034131677522295916,0.005810637391760533,2.2396835696555493
1.2836953722228372e-13,2.242130092700023e-15,2.4341639814906557e-14,0.0,0.0,1.5754812818929986e-19,4.5775015722338e-16,1.0903008097057354e-17,2.3310346708438345e-17,3.2421981766006525e-15,1.180722186688854e-13
0.005009929471948785,0.006674354027962544,0.001004242976326676,0.0,0.0,2.6280065839661243e-05,0.0003977837138412831,0.0003163150035506468,0.00032507434886234484,0.005341052058899342,1.6289022401025035
0.006112238651570611,0.007262377100410684,0.0009642310860564978,0.0,0.0,6.839278460513515e-05,0.0002407566514780113,0.00024270228436625824,0.0007348002457341141,0.004798651111650298,1.0226105811621948
0.00654086314038521,0.006418142729818024,0.0010520126888038594,0.0,0.0,3.926699236221971e-05,0.00027705112570069356,0.0002455230978649274,0.00040356110073955275,0.005219079537089361,1.3353445160130442
0.007436304443626293,0.006856772596301412,0.001118865662024895,0.0,0.0,6.354877536132218e-05,0.0006904078523137981,0.0005818907057443631,0.00020242112363384534,0.0005506183875067464,0.23258202269455078
0.006082547725471078,0.0057553115803082346,0.0011312652183362946,0.0,0.0,2.6832814338363743e-05,0.00027342113954572023,0.0003298431621457079,0.00022839812465346514,0.004491860653373256,1.7570876982263426
0.007019570820239117,0.007791109189911996,0.0010899289208492465,0.0,0.0,5.5922239414633915e-05,0.0002650188272195168,0.0002464230356449187,0.00047222660952682497,0.002452509325631636,0.29706208715118515
0.007486511467578482,0.00707970049169147,0.0012664692411033414,0.0,0.0,3.428703678861265e-05,0.00025962248448007795,0.00029985919554176434,0.0011669101518758777,0.004029001634797753,2.1137996344674748
0.005167369395969878,0.0064970710136679904,0.0009420353358087086,0.0,0.0,4.539441835044515e-05,0.0005061705390728956,0.00027216911867566614,0.00031069763786472667,0.0017989406109042896,0.8325527215273499
0.005753585621553962,0.0051486899814366495,0.0008807122809236437,0.0,0.0,3.9506888159486865e-05,0.00020037745214148095,0.0002975631188656895,0.0004050391636072089,0.005152137340732083,1.1808228828535283
0.00605704128554199,0.006784864108785897,0.0010297099067520118,0.0,0.0,4.731134756063238e-05,0.0002883362274845177,0.00035575774376964375,0.0002828254563062462,0.0035627077436773064,2.1860706186884835
0.00875786658781744,0.00920366889220034,0.001326892567444888,0.0,0.0,8.744719787571251e-05,0.0002697389011003216,0.00012873842091786148,0.00040311589097282515,0.0029674407269488427,1.9046884286787287
0.018756766036173524,0.020527987343521712,0.00325709586198853,0.0,0.0,5.345986310334997e-05,0.0012108896990831398,0.0003566940522394767,0.0006400041902312346,0.008106524318026005,1.5056708670805545
0.006838951306957807,0.007383834190902433,0.001347298784797968,0.0,0.0,6.089276346614737e-05,0.0009972136924227498,0.0006540014213873779,0.00033990812664359485,0.0034856077587554816,1.5939231605643402
0.007855180461343585,0.0067985958437881576,0.001152837001525151,0.0,0.0,6.376865090232701e-05,0.0002674261500803142,0.00030415320459294565,0.00022732766320073366,0.002152448593498387,1.7891139268628502
0.009180011847324024,0.011619750637137605,0.0016155674020067719,0.0,0.0,6.595461638996119e-05,0.0009345714386642022,0.0005652503380520389,0.0003742828180082515,0.0017625968709583434,0.3834278511112739
0.014221336454674098,0.016344971846594353,0.002569739893872012,0.0,0.0,8.139699129383519e-05,0.0007488274348825054,0.0003264653460442003,0.0002894940793687671,0.004866970271064902,1.8301378534877766
0.015069842015155857,0.015677985312916674,0.002600606293315875,0.0,0.0,6.50279422150083e-05,0.0005266176303894865,0.0005307184293943304,0.0004595469165029242,0.0038978851662991422,2.099814459700372
0.13186920075328742,0.05034580848865499,0.03727228012872784,0.0,0.0,4.178491149509727e-05,0.0005515449825893696,0.00016765785054479547,0.0018883837782250029,0.0005801885614697285,0.15540752289363888
0.01576693740084277,0.020923283255943427,0.002429542653640398,0.0,0.0,9.650737573738831e-05,0.0004995282337043604,0.0006996569519432293,0.0006221986738507993,0.0034969240348407195,1.6363219320769526
0.04988131840720537,0.03756942584912307,0.012752978821761924,0.0,0.0,4.8355862087033725e-05,0.003172972568636453,0.0005286562465773997,0.00022312712074524404,0.004481587139631011,1.933435771747376
0.008845703736490884,0.008227520773921177,0.0015854279857455582,0.0,0.0,8.924591147323253e-05,0.0005782262655275537,0.0005197733327629874,0.0006359479988788814,0.0034454702004558316,1.76057949328016
0.006765581722249676,0.008543575795281531,0.0011235074414935092,0.0,0.0,7.121464711529307e-05,0.000296546290475616,0.00030411584541241584,0.00032675498146976474,0.003624060628800902,1.3137226153090944
0.011117440820146813,0.015687230166360273,0.0016224113310159152,0.0,0.0,5.882976579231737e-05,0.0004292547211335096,0.0005686948325316327,0.0002961566572695934,0.0012291491951237456,0.3013222189740537
0.007942378549464559,0.009445218126146782,0.0013247325409658092,0.0,0.0,0.00011502217486217439,0.0015403363946471544,0.00026343217420995903,0.00035924708462548076,0.005123252021296136,2.234301906463907
0.00520286064795029,0.008117160963305387,0.0009515912517932054,0.0,0.0,7.78915630288236e-05,0.00039498526430042235,0.000602374517584442,0.0003388202870962018,0.005857241180587221,1.5208829498140466
0.011222128929200595,0.012192791592037785,0.001786041934635704,0.0,0.0,0.00010721845522408277,0.000755297457892795,0.0003387197535677941,0.0003161885543754666,0.006367721224565906,1.961161684727821
0.005740102606555372,0.007037904834947227,0.0010045825604542197,0.0,0.0,5.532024923711e-05,0.00027333222425687765,0.0003092346900260321,0.00013853415037995314,0.0030437611925550907,1.841464531277597
0.008038754370365062,0.007070158952279023,0.0012851958924703418,0.0,0.0,4.951467265601062e-05,0.0005347138528023467,0.00018266096338606812,0.0001960161648304498,0.0023090428401546332,1.6175694642806553
0.006234235799280437,0.006161776165900501,0.0010700444633051185,0.0,0.0,4.879240218810075e-05,0.0003650057356226298,0.0004390497532058166,0.00045462856227566174,0.008025978462387348,0.8755774692277195
0.006661805560880636,0.006687605017449157,0.001098723797003105,0.0,0.0,5.989502425454336e-05,0.0002906353726332074,0.00030580926420870774,0.0002704516546423403,0.00303748424790051,1.8485443737931546
0.006167342183863622,0.010654597837451103,0.001289628708701834,0.0,0.0,2.937024058506141e-05,0.0002859922201283659,0.00043585879264846603,0.0008803266055533376,0.001176887000546778,1.1899933214240372
0.007195975486011094,0.007330751064623806,0.0010674978208440927,0.0,0.0,6.819492011968082e-05,0.0002980402681222344,0.00017456232311879129,0.0004270902928176664,0.004069563386572173,2.32219569848322
0.004389445709748354,0.006298297738720644,0.001115993331578544,0.0,0.0,1.7297638170376997e-05,0.00024319620064275485,0.0003400559821801626,0.00035925115308466733,0.004317158970064176,2.197513523880585
0.007606249542037335,0.008795971002917739,0.0015147924621919493,0.0,0.0,7.038388343015856e-05,0.000434947441227378,0.00026135482422517026,0.0004997288083767963,0.004102190280519633,1.0407063993368402
0.0064487592311992,0.00805756895831216,0.0012373706727772278,0.0,0.0,5.231971062777176e-05,0.00026745893345094776,0.000359201982134014,0.0004951143391234014,0.003993835591825705,1.0327843034863282
0.005270085377899266,0.005528663162966951,0.0009106571159230536,0.0,0.0,4.807702478405545e-05,0.0002543926571211054,0.00031862160117826125,0.0004926169606550753,0.004690326373758791,2.3119623887677343
0.007545066144113853,0.007307959142130536,0.0014256997567538342,0.0,0.0,2.6432453828582465e-05,0.00028709416714522995,0.00030533397571792906,0.0003017799492783754,0.004376697860064343,0.7455441522264799
0.006036813749491781,0.008898713361605205,0.0015257499838376343,0.0,0.0,3.7451000859512234e-05,0.0010270170195421841,0.0006831974795778777,0.0002790215024754557,0.0040944019882689486,1.4617640857839662
0.010735777874807933,0.011261351035661817,0.0015146024058244718,0.0,0.0,7.860296774911041e-05,0.0007586414672281445,0.00037749571390655853,0.0002891313800689668,0.0038221922027112097,1.532783258132136
0.021177693075116823,0.018912407114719684,0.00446060703305577,0.0,0.0,7.299793691252156e-05,0.0010040747033600902,0.0005790348244707309,0.00029109550108937995,0.0018854643372485794,2.1217855589254135
0.02461721897107165,0.0133452579141135,0.0037127533441816004,0.0,0.0,2.034703012729637e-05,0.0008366246817077636,0.0003201542566452138,0.00017345849220452923,0.014880236686526778,1.4335796459834929
0.01988152029584555,0.016386861209961214,0.004418047530715074,0.0,0.0,2.815144032920505e-05,0.0005433158112293415,0.000577821481620887,0.0005988514991469327,0.006737988152047992,1.9402791738091603
0.049112018037866974,0.021308862337205702,0.004046245855990854,0.0,0.0,5.297215861204044e-05,0.00019553623181334777,0.0003848720608610558,0.0003772952765154529,0.005724039118614757,1.5659942638609803
0.024038712329093232,0.017295057966698713,0.00343210064835893,0.0,0.0,3.5198259746411856e-05,0.0013269114327135786,0.00014840836999340423,7.363876549208175e-05,0.0005009501783152734,2.2895245257169403
0.010302790244944801,0.011796970587101436,0.0013928391893684921,0.0,0.0,5.0714444606416275e-05,0.0002525614981065301,0.0003709390000116938,0.000887796745911391,0.0016571459892792124,0.893769038663224
