2.730828529793911,-0.2664645873397015,2.930701398353781,0.23545636454657096,0.00457334351226475,0.0012646600589146266,0.0009559315386854075,0.005418745319782805,-0.8391775856176511
-0.5558937151981723,-0.852981647610985,0.0997625842769516,0.2355881690149803,0.006760654218684287,0.0007438298377644086,0.004184632980205051,0.044025810797359365,-0.08522491218295385
-0.05644534496271106,-0.6581032353456232,0.5163595144645193,0.23546009339501262,0.005971495852055113,0.0011797480577525284,0.0028332931656824957,0.03279657844589432,-0.3794702039830861
0.8541368385925372,-0.08279154548818396,0.8466373174450555,0.5001712734937327,0.002166064296863722,0.0030514219496187746,0.021840909996775234,0.037845039403095526,0.016119454562701054
0.04629778370406319,0.18250869960726304,-0.023560815766645288,0.23556370052015294,0.006298880312122598,0.0012611243095190538,0.005449771019487258,0.04340046999426075,1.1245858751792202
0.11599437706720928,-0.010023748974081651,-0.04947444288338377,0.23551356912238486,0.004246374804442111,0.0021031556985296727,0.0011687104285175469,0.005750208568496605,0.1519566903316653
0.1694317685137388,-0.12390550410667535,0.15696834440205754,0.23536571436572626,0.005308366469642267,0.0011911808305006357,0.008089716241337431,0.03134622489424152,-0.044180262855834034
-0.020061950298622764,-0.299874151560377,0.044923768992565276,0.23554902641095,0.00543315319332158,0.001970044507231896,0.008933134816522074,0.04874523728594775,-0.34251170082094
-0.1090592590491639,0.039922093926551945,0.05478891275069506,0.23563471696836918,0.0033145276289223953,0.003473050352576281,0.0024628556108359668,0.014723392015042977,0.6054872113868046
0.045887124125217636,0.28392434336307704,0.03946917701677161,0.23552164609738052,0.0036750011165260195,0.0018431529034924764,0.0008545129514018154,0.0018741216258047772,0.7657179357702005
0.18395742173350177,0.030435230584967846,-0.0028748998521333988,0.235564833963452,0.006812262360518182,0.00042068845258823757,0.0027879427128785477,0.02677026159167912,0.11764218480299013
0.06390643323360261,-0.2839057042787705,0.02158822137894501,0.23549978070948185,0.003408661481586343,0.0008165894178255852,0.0008495392859209865,0.0012708405329110405,-2.53793030187067
-0.08686240891883408,-0.10696611563105582,0.06901342897334585,0.2355682419559988,0.005732660428725992,0.0019214767843427313,0.004736498098651177,0.03065912577771589,0.39010831370178495
-0.011672081984021618,0.25835787610040634,0.07030299979548256,0.23550869135011934,0.003655377508529886,0.001375286012461358,0.0009254963923825505,0.0025222260242601523,-0.44451112994399156
0.1456467767683606,0.16874220033778856,0.003968755011666055,0.23547368948582095,0.006740151938462152,0.0005853682949578103,0.0021252673262343916,0.007412478685919805,1.7483345590732255
0.1398777258582122,-0.21244128769817544,0.009991394908179801,0.23555963913867767,0.005766646189743008,0.000839741399903407,0.0031583206993713174,0.02434719245922373,-0.5299049336155031
-0.033478329234775145,-0.23082412564930976,0.07342357158699167,0.2354640569772877,0.006258989808865915,0.0004571246520962373,0.002376471886481584,0.01828617486843915,-0.037643075244768585
-0.10474087480621348,0.13107779924574497,0.06131669651761268,0.235629083105812,0.006106612179909867,0.0013687158804810034,0.0016800024324044695,0.008122221682323167,1.0903408105359795
0.09047812048991653,0.26765786569679495,0.024541944948144982,0.23549980721166827,0.0056916224763085485,0.0010632574366540746,0.0033928943028449453,0.02753696149555628,-0.6387778773953524
0.19692859350680653,-0.05490392689643838,0.019140651066053598,0.23571122631510155,0.005064235670301297,0.0029389041754262404,0.015317439374482692,0.08077893797067885,-1.5933006227323865
0.01059224349264472,-0.31548961068162407,0.033654013921633114,0.23542792024119674,0.002612666583507792,0.0014772151270151536,0.0009539960855409525,0.001233801109271549,-2.7319933254405147
-0.7080460456090679,-0.07875694466838484,-0.6419994617287706,0.23539726731839822,0.006151601533866771,0.0008709875432495893,0.005959444312048921,0.026678760032227907,-0.41402578773155657
-0.12939714592531015,0.11648330797882425,0.025103424181226918,0.23555823268829834,0.0063686714547463285,0.0007004699084633502,0.005622100774943168,0.034724573822297745,0.033067130292052035
-0.005981472385151309,0.2030817025047665,0.028723334974845315,0.23566797015265295,0.006837051000392651,0.0006952939920038731,0.0035068090449353476,0.03133861521593933,0.3713011420087918
-0.7951020895400432,-0.019780379966261794,-0.7367432672150663,0.49999941003079484,0.0009110557061514672,0.0015320898052081089,0.042238437969363586,0.00926356868391435,0.06724179644977929
0.4549716781209688,-0.9911455893015604,0.15097451179698496,0.23555111171414436,0.0028537781532066123,0.0021331073495844894,0.0007807691018379128,0.0012638173246999273,-2.441383655827329
0.29741176939398356,-1.1751213516558745,-0.04569717606480446,0.2354633810058277,0.002677419892053268,0.0019408170454850242,0.0008233616314905028,0.0014211712955815568,0.21981297204076286
11.064609463344603,-0.3997977941196611,10.959881712915406,0.23551589542116533,0.006266330972168151,0.00032484761753835874,0.0016368056611980283,0.005966618345873379,1.7630575846506311
-7.722863713302059,0.3933540302584763,-7.593018297356145,0.23540439245188005,0.0005901256367459209,0.0030669800232935376,0.0009998557460242704,0.0014329514317850127,-2.5736714276725143
-0.3775857164448876,1.1244771250599614,0.0027289773948901415,0.23549436707012966,0.003456873125183586,0.0008679038591964819,0.0008417755782088539,0.0013694577249963734,-1.7151777468222793
-0.2419339646426326,1.6828644235916113,0.32898883038092325,0.2355401151019787,0.0029743396657127717,0.0013657150368755016,0.0007536994107790007,0.0010640897748822229,-2.712727092249495
-4.93853515967317,0.6001418616689665,-4.719413054376694,0.23561010346934422,0.006024212451666223,0.0007585944188408302,0.017476382591544843,0.07583676882275676,-0.179930672866846
0.0645708270081998,0.34111279761392294,0.1675591171411014,0.2355963200976567,0.006579579413418915,0.000568596329578631,0.0022099181386667183,0.019724359369100518,-0.1742901249417466
-0.07120529372757653,0.36506673773518095,-0.018892314974537548,0.235538262105478,0.005953584740759652,0.000653751504968189,0.001064114928207931,0.004653842012232988,-0.8913971331448514
0.09238697126151585,0.20175337809096341,-0.039319924062052126,0.23551730794951387,0.001595438647913389,0.00263199936224616,0.0009380947347573083,0.0012815931347595429,-2.572408116087184
0.06192738216931479,0.0033886915776035124,-0.041688468445507595,0.23547875663881881,0.005756925758472017,0.0018685046427010783,0.0038774369962275715,0.026917116240289557,0.3683824886910249
0.15041265897691306,-0.23104366133547116,-0.009028727427235253,0.23552357081890923,0.006112270764612388,0.0007281785650372951,0.0019165621018337824,0.01862012338222389,-0.07168331729397183
-0.12018164058024257,-0.1567670045507544,0.018596778405617412,0.23545710554804603,0.0016452384197999422,0.00023499570891766163,0.0011556164493468043,0.0012342522771654604,-2.5706705388191997
0.09584016857295156,0.18238304563842958,0.2823217832325289,0.23547851507294326,0.005764776751254612,0.0007298132697788414,0.0016681574072218988,0.007072301754856405,1.7501556395187245
0.11378611520090366,0.21711859605351047,0.03449954034265357,0.23556586353623554,0.0062749376520416875,0.0005584875793163831,0.003162141818142046,0.025053403868036995,-0.8460303130913871
0.17327912375893398,-0.12461637536288139,-0.034020177490004806,0.23544699738411343,0.003025074710099098,0.0013371717628106598,0.000878703014226921,0.0014249024973562122,-1.6333498534342297
0.025439652237703194,-0.23147285844108725,0.04742566958575363,0.23555530277966122,0.004723957784815638,0.00043755929127332324,0.0010880983407548686,0.0020914654727258106,2.3764316500796783
-0.1509925920106768,0.05368502579281695,0.068065010218781,0.235568734694376,0.005700196065629669,0.0013363564734090838,0.0023283307217016103,0.007761916986552852,1.7697937961190817
-0.051572613831663394,0.26768455171913735,-0.008339023293489744,0.2356095165658897,0.00618288329833879,0.0008275162538699076,0.002210710839731857,0.018610103647501444,1.2721609365774635
0.17863091707597686,0.008041997458681711,-0.017090185027693345,0.23543502275104547,0.00229996740740231,0.00025026611843336074,0.0009577137606369166,0.0012530975077219286,-2.5426620382558527
0.1172820762293166,-0.27362103212806427,0.010907816777458872,0.2355221251371776,0.006632880145920473,0.000339118371812162,0.001788481332478887,0.016587953921783687,-0.6569176606906515
-0.13800710968494936,-0.08662704357628824,0.037288048316006586,0.23544959672551447,0.0019759084504726997,0.0005657685892577319,0.0012036355920895425,0.0014599368819180614,-0.9708208489388555
-6.1675935629303416,-0.0011494601103450564,-6.189523054923525,0.014985268636380349,0.0002519217111635977,0.0005524304638188569,0.009124675090106537,0.009506574248310891,-1.3362739570871287
0.10748709360587193,0.1730908250895636,-0.015146392522602532,0.23558618739489667,0.005813041427555228,0.0009384578733711814,0.003439899811626038,0.02772649528184374,-0.6165931047235391
-0.35798418923652797,-0.011853041582576315,-0.4734899209695641,0.2353801118140432,0.0055664062454281816,0.0007731317686157759,0.004892855172380468,0.025621656840573666,-0.6686218032235755
