0.007586095139019103,0.010630534935266391,0.0013199828710584787,3.681595434685798e-05,0.001170055974389744,0.0005628041005610639,0.0007520134623325775,0.007244917443690753,2.4858341545924003
0.019824613853242683,0.019752313008293262,0.003452989360827257,1.9973619371366247e-05,0.00028105532470620306,0.0004813584248744165,0.003265443579120685,0.016177781925154667,1.630990523641838
0.018090583477912127,0.0229973080502461,0.0031131682722326374,2.888449492899078e-05,0.0003044049624370169,0.0004157253903646808,0.002404611633670357,0.01935789186042724,1.6453369376771625
0.013151903526890357,0.09042207455878205,0.00429652228744561,3.600064652215018e-05,0.001462107015789084,0.001249521345152683,0.013257440437538895,0.00814485139310642,2.2746362097338393
0.008552585179584089,0.00930434218811666,0.001399693099829533,8.268651244134823e-05,0.0005709447932324615,0.0007943385780738044,0.003226182882081019,0.006403942413952686,1.4896926934301096
0.007999229064155428,0.00759655536644953,0.0010800982023061738,8.86662669955433e-05,0.0012507446153854963,0.0004459721642169081,0.0007861396759645293,0.005950644576891517,0.9341192496585692
0.005977796303317202,0.009292925658543044,0.0015581744177472403,3.3064266815938966e-05,0.0005056170219821203,0.0005256549943162476,0.006280145900734014,0.007585543216267378,0.8837671328205647
0.007110653136706374,0.016478165149880798,0.0017112178631455124,2.4026047464195775e-05,0.0005244931978913675,0.00054569685657036,0.0034880121946734787,0.010723668166971678,1.2009004735956268
0.00940342772717377,0.00578863251072685,0.0013334509674804258,4.462965874092603e-05,0.0013684591292299818,0.0008796446315264773,0.0021694982038353286,0.01056833937781427,1.434543457731949
0.004984357631693967,0.008361861613864931,0.0010686664441104231,2.5590544624813893e-05,0.00037665637511810293,0.0007385135234048113,0.00014429557636018596,0.0005798942619005401,2.86979875574727
0.0051192497696521755,0.004010618701283936,0.0008490181285001261,2.9321642957636404e-05,0.00022497190059189972,0.0003256779137847288,0.002455602577852375,0.013311125913135404,1.853647169252398
0.008232875378804837,0.007101856084333094,0.0011124757995910131,5.2794408881218444e-05,0.00030117907254655806,0.0005048823139779693,0.00011293306892725997,0.00024250460154484637,1.5353185093960031
0.007554627511347375,0.00629111911004354,0.0010532700550198266,4.1968619273313865e-05,0.0006285297534982354,0.0007379083813985853,0.00313737351311532,0.007439978649998077,1.8951384360808023
0.006246274568938686,0.00965139859991255,0.0012204272112267432,2.3430219803352356e-05,0.0010463190801411986,0.0008195066244091999,0.00034535655946346623,0.0019935664559731347,2.7096706653936806
0.006163003904485429,0.007656816777777192,0.0010872473428901782,4.371847572030568e-05,0.00024453185551156934,0.00034924264183754946,0.00042942427366308007,0.001308009709316342,0.2892507469144781
0.006868824233622537,0.006359320739426202,0.0010828266147233766,3.808923969581454e-05,0.0007819657024401016,0.0003965223165034356,0.0028202659511605862,0.018060742473052373,1.8549471292965365
0.006385597096878092,0.007870461113899007,0.001093168163315004,3.85293952424419e-05,0.00023976519922121376,0.0003025600875453646,0.0017983786359862862,0.010334289056092731,1.5079733263014035
0.007554576662859997,0.004956370937218088,0.0009195699800195667,3.2633484343121746e-05,0.00036527802144252584,0.00044024620904633286,0.0007777424070946816,0.00291625972326203,1.1318666028911788
0.004918224153122859,0.0060885461230646915,0.0009464378430722647,2.6372066818018784e-05,0.0003162787827936163,0.000522231879580856,0.0017575440099643633,0.004726941677984655,1.883697068519523
0.006413791845224084,0.00515751648595276,0.0008795377510820656,4.9408668722641984e-05,0.00043852615917102256,0.0003978337830377619,0.005969560080214294,0.006017377153691427,1.9316186582613832
0.006386744177399627,0.01232171717640231,0.0014698746592324836,1.616238276650484e-05,0.0003486086978695475,0.000513749477366049,0.00011585016387791079,0.0002725223848317516,0.5229028048770527
0.006046103814344795,0.008404828069204584,0.0012699621617557704,6.097281247078198e-05,0.0005043620435997791,0.00048621893240152633,0.003606709876926178,0.0069715594941720735,1.325524424456076
0.006603526919543314,0.005579908605734104,0.001006274599062099,1.9931012357497305e-05,0.0003164684592974851,0.0005062606989002641,0.0036902012367336003,0.007593417534751018,1.621126664540076
0.006661271358577463,0.007568462972242426,0.0013895430627866748,4.672299637885804e-05,0.00025990948327607054,0.0004974723723494318,0.0021214315830827015,0.0077933116409162695,1.7611501164465724
0.04993123908215297,0.13437343058538173,0.0037547360369206474,3.147853819682454e-05,0.0005946960310256584,0.0004808740480816593,0.017745352440719835,0.0072330901492562456,0.4427920105713261
0.023594406834559746,0.02314127734753385,0.0034826314645164005,3.6310615144125555e-05,0.0005490193938385039,0.00043830998461443546,0.00012938212354742792,0.00041716708276004824,1.4709320853136703
0.015247870419332774,0.01814696119362916,0.0035300282995709958,1.2656638051918867e-05,0.00023378147382374076,0.0004988473013905416,8.823680750914534e-05,0.0003090000263206618,0.11543802549108897
0.006626801959783873,0.009549535944022474,0.0013338164410440056,1.8480354180134324e-05,0.00018206111465735462,0.0002355718480192487,0.0003324796637931571,0.0012531773814246049,0.30824748000320185
0.010833762033520527,0.01446544425759416,0.002032327706961145,2.8694618234944446e-05,0.0005550748819116813,0.0002770247422932403,0.00011014806268487536,0.0003536275565981517,0.8910079868578414
0.012203800733523727,0.0284351682504524,0.00350445915227298,1.5163235628158476e-05,0.0002730046719352337,0.0006380351317042083,8.969253272198333e-05,0.00023020483052441513,2.5163620295587705
0.01617369471321141,0.051638752096179824,0.004855663948908397,1.1252512174567687e-05,0.00036168379257024296,0.0003220592174620281,9.432762874204472e-05,0.0002846285009345517,0.880356227185438
0.028370861429317263,0.03681767532155145,0.004373095048580206,5.809350645330961e-05,0.00030840808130073056,0.0004492448659748781,0.006739672645763128,0.004135087897154707,2.4331914051094565
0.008884106089711848,0.010676680892741028,0.001657440268377572,3.838063725355278e-05,0.0002982726259810795,0.00036343296093970217,0.0019395493360390204,0.01335075004938663,1.7086085164710105
0.007403171129298805,0.010762699541901018,0.0013749135335943312,2.6731777632237417e-05,0.00047041613396027785,0.0003384111105218939,0.00041282132096992263,0.0024906850371447103,0.6506789694768261
0.007168385963570848,0.009039532612945267,0.0013339804814875634,3.882311916763443e-05,0.0002682976318136927,0.0003865895368705125,0.0001483778431908629,0.0003437485654807899,0.9247826008712666
0.006214203645209646,0.004870570462096499,0.0012101539043941176,5.455418049441845e-05,0.0007014098590539575,0.0009142740011588552,0.0024181351691371995,0.007202543921903753,1.4642225699276012
0.005457259113878031,0.005716984263907604,0.0009753174054802733,2.1364226247717305e-05,0.00023756217500560254,0.0004932542634431483,0.0012070581232127384,0.004606007991330831,1.7433168811181905
0.0063131106900999445,0.0075618158544747275,0.0012563069582044878,1.8937925341608996e-05,0.00037343870032397305,0.0001642260371537298,0.0001199159229176617,0.00015557524372575318,1.5047368474863456
0.007018099321483898,0.0061024614108287556,0.000997250457318847,2.7218938821214755e-05,0.00024129639470078134,0.0004573821773352795,0.0004299481522554179,0.0011949483455992937,0.33236506847853425
0.004595468298557463,0.006356319723675793,0.0009729750496372552,2.0921685438056098e-05,0.00024987778703257254,0.0003288377186325862,0.0023194722164633307,0.006860707283218685,1.2572081771268873
0.007499969556008378,0.004977700201221584,0.0010259312251861964,1.5004692880054525e-05,0.0003477202998991935,0.00023529722512945857,0.00011055448903245665,0.00023302804280296818,2.5044267048075812
0.004481943107790974,0.008550003106420557,0.0011781099551913389,1.304549374412644e-05,0.0005494523468863286,0.00023508945364541587,0.00018631847445563945,0.0005784215896882541,1.6812639337075723
0.008486493863214541,0.00613593358871518,0.0011789442885577184,4.409017716977321e-05,0.0008257908164554127,0.0007398765294208944,0.0011478358297351123,0.004291315740571788,1.1408032173921958
0.005708003971012533,0.007857223039738362,0.0011124241687364709,2.6785678260874943e-05,0.00037990117821507625,0.0005527961887320712,0.0015554673233587827,0.00779472323862769,0.9033884248249059
0.007066568091844901,0.00540271306472763,0.0010007895115393907,4.143335769019996e-05,0.00027702006556397087,0.0001595541499188382,0.00010413619682710635,0.00015811459116872888,1.5358453787222177
0.004978132966279546,0.006263128029972658,0.0009964419626538289,1.9365031912864344e-05,0.00016325888264902378,0.00022183947495210763,0.0012370166721511987,0.004633727131313831,1.833384197689723
0.006110132732428792,0.006157222833521354,0.0009779227885540365,2.3962977926558585e-05,0.00039373873377410835,0.00028522671793198385,9.750527393620759e-05,0.00010799727212157598,2.9161736759444676
0.010531197069363283,0.005151081809320728,0.004230941778431714,7.8990271119338e-05,0.00018148682472847168,0.00032475378161712416,0.0014215156162396072,0.0002681436997266782,0.3020954853048525
0.0052665093096162146,0.008301273642619131,0.0010571830852488305,2.565141087628227e-05,0.0004822139647988953,0.0006658193703437703,0.002801988655203814,0.016392929183063017,1.445844100967172
0.008455923264578244,0.005173796886364366,0.0012797882552160306,4.1886631529534456e-05,0.00045660018491534957,0.0004792285430118813,0.0040940532219149684,0.01566762453979788,1.712941518995258
