0.006921428928793245,0.009991262321980159,0.0013420326175803095,2.0688978903670433e-05,0.00034553171275267074,0.00024750424298054037,0.00017299268814375168,0.000615051631649535,2.323434376406311
0.01794520669776493,0.02750650708286867,0.003434497563612096,3.307931024374708e-05,0.0007952467669548317,0.00039094803673895217,0.0005623642526503996,0.005088937148731788,2.0803051201104674
0.019178961437639554,0.020008953947108197,0.003162346672192045,2.5807125558044846e-05,0.0008035966493174381,0.0006610927214893763,0.0005246830393877501,0.006197509491893137,2.6761250625986026
0.017640555675549088,0.07961682031535108,0.004092740787447651,3.625796765921283e-05,0.0012439299097071832,0.0017269245539548118,0.01806266004079227,0.010253245513916624,1.2245369636305736
0.007092291753120872,0.009767627350825928,0.0013926610032757181,5.3019888081187814e-05,0.0005229823286128566,0.0005256540227639801,0.003314642031653244,0.003486985384117893,2.0489413556046383
0.00851264003880755,0.005250627266694819,0.0010810728318060773,4.90130673817247e-05,0.0009106043828676534,0.00035104987101879147,0.00020811180707096702,0.0005240688369675616,2.779058480468701
0.00596879864750366,0.010605835566359627,0.0015460898603232548,3.7723376668684746e-05,0.0006524377022382417,0.0004437307447447455,0.004424375768083492,0.009907126161903914,1.7022548100703692
0.007685153208695774,0.01576471066451548,0.0017158683777866515,3.202982293362097e-05,0.0004691939224013784,0.0005420612077910224,0.0010517868251431067,0.0030364580907627017,1.651510783153147
0.011035910711299148,0.005820396865369839,0.0013217506055499418,3.1081878115058534e-05,0.0005307543111535535,0.00041139354621689547,0.004323486282083782,0.007944239894248459,1.7953563544441073
0.005579267499564261,0.008171058771026241,0.0010806478351488274,2.861665031133759e-05,0.00033884599416604034,0.00041637659620765506,8.631876448145805e-05,0.0001404304354539435,2.3747702697315405
0.006849050835318959,0.004596519215022668,0.0008331363339852608,3.468193433706215e-05,0.0005063600344220517,0.0002591790366826395,0.00015546062711069652,0.00029680609827534515,2.9950222757206886
0.005811787359008654,0.007329190806755165,0.001104022166650967,2.5048181207687647e-05,0.00026956438224449893,0.00025371707230679373,0.00010697635082036095,0.00019172028097714486,0.4695975885488675
0.007285696995068603,0.007607626408317804,0.0010552130834026883,5.192945759217466e-05,0.00038257039423838265,0.0006557407577076333,0.002866516898899441,0.0032954180367233466,1.4902765361894887
0.007383518490773645,0.008607718426762475,0.001224234553532368,3.5106345985404774e-05,0.0003082048148587362,0.0004401656940567316,0.001947993878314794,0.0047338974414417095,1.3745651473602676
0.006203894028115602,0.00776530405188724,0.0010900091152968774,2.9782672255903794e-05,0.0004015388243807262,0.0005407578840228896,0.0006616889285136941,0.0019309503866806676,0.7082283858549264
0.006676184136776731,0.006331888469970452,0.0010834142046011496,3.535043183064978e-05,0.0003078588835726876,0.0004725299899642398,0.0024660864418941373,0.011430651080404383,1.6891086723627564
0.004754532080534638,0.006611472007643201,0.0010651327968765009,2.5659637561235905e-05,0.00030117256743661814,0.0004414599512689073,9.744636205167067e-05,0.0001885256341636757,0.3497559735450271
0.008299665230118897,0.006037411950510325,0.0009180350835694145,3.5883521715700835e-05,0.00034941713852754434,0.0005205821815944551,0.0012974065077746338,0.006841564933139088,1.3889786653966438
0.004210418196228359,0.007709958899128621,0.0009409727421404153,2.1577940888163713e-05,0.0004826756876889116,0.0005141698797299432,0.00026500879262918484,0.000878357912545463,0.26045229039890644
0.007240646270114236,0.004243066726093553,0.0008819817885854588,3.7770588442196004e-05,0.0006387761483709672,0.0004954584971261334,0.0006958384312754898,0.002972474079703009,1.483633435811396
0.0064579053364726266,0.011253877183950333,0.0014677587282666662,2.349037316675644e-05,0.0002769126394456311,0.00046154959172321584,0.002416287394155583,0.007419903087810792,1.3669578823850363
0.007542692247283202,0.006834290630148581,0.0012951722070180481,6.0408428683336626e-05,0.0006555427835372904,0.000712247133144968,0.00801728680996208,0.005390188759222915,1.9563575772357724
0.0057752872502921885,0.005689205064444225,0.0009970734629256499,4.6070062856071704e-05,0.00023109861628722975,0.00032832289719450335,0.002680563427286612,0.011450489489116738,1.6166899593144786
0.006824444274133783,0.011549948293021018,0.001376321369944644,3.2906249661821795e-05,0.00043119133710026387,0.00033486468223354004,0.005160627556307033,0.00474392658213383,1.8366221261415605
0.015553672014753208,0.1052687021189909,0.0037256369119334077,5.483312827576943e-05,0.0013323391198418934,0.0015866103795919909,0.008350326984225316,0.005742801455346059,1.3141949771312824
0.01703043802424074,0.020844784810641805,0.0033386561062742947,2.572522258049043e-05,0.0002682428252618605,0.00020140017830769778,9.389840771420432e-05,0.00019470006037705455,1.5614499160285502
0.02147950372387365,0.02978764814147365,0.003710884288044566,2.1822285824934368e-05,0.00018147778167722112,0.00022043943608079548,0.0004567473437577135,0.001901138487818572,0.4104698419714548
0.00860779838777737,0.009288226150656515,0.0013891750254603874,3.7452444483913495e-05,0.0001990546161552269,0.0004644426693479551,6.744174315535798e-05,9.962577024504688e-05,0.06902939466579869
0.008958350634259264,0.010238249458357586,0.0019858372406411184,1.8782958072156136e-05,0.0005672246701923109,0.0002952781216594652,0.00012528235838067306,0.0001573402791369454,0.13962101229370028
0.018533760186970966,0.014858088526379197,0.0033204832084243324,1.6463288050977525e-05,0.0002490448622714602,0.0003084861328577869,7.074808026212638e-05,0.0001540159340442493,0.08228379626295056
0.013498777232419944,0.027260150332679207,0.004399339982114795,1.0396857865101344e-05,0.0002654828177904664,0.00018827459008335376,8.28136647297666e-05,0.00013040692640355227,0.07507835949118115
0.022720982467185555,0.02861727076267804,0.004304369287430304,3.831706098711742e-05,0.0005134391179339244,0.0007005628897354941,0.003403041335653799,0.009581136098929148,1.6400684479138752
0.007827646479596292,0.014913673645076798,0.0016570694085755813,1.5459447910233702e-05,0.0008568405679907007,0.0008296111423234943,0.00039631899732588214,0.0014580364373560982,2.6496719986957253
0.008649887239080443,0.010517642535593136,0.0013342201588522331,3.484920742554329e-05,0.0009130523718095408,0.0003963601082729974,0.0004148408003017204,0.0038962241872375846,0.81920900972758
0.007961169010173783,0.008712777223243477,0.0013499283349234963,5.03754608047912e-05,0.00033392228167384035,0.0005292509483158782,0.0021886500037833273,0.006204558950819965,1.3531026310364287
0.009764884985860303,0.004505116009252223,0.0012251821303843858,3.70958668354456e-05,0.0007329544056047905,0.00036802124031715545,0.00024001850363878307,0.0004014598776811864,0.28256810458758913
0.007089182217168095,0.005850880898097131,0.0009788537180875313,4.273301723701093e-05,0.0008800323893837634,0.00047586603236771487,0.0021338010808974323,0.015747559116755343,2.2429922170514396
0.007232435445192781,0.01064390901461794,0.001267856677697072,6.709214321092481e-05,0.0004536417664850097,0.0005261418400281961,0.00020837332173833048,0.0005020209645812583,2.8437708424761885
0.007775139641028115,0.006959197857125353,0.0010202230463302695,3.346155367590058e-05,0.00021966274814723272,0.00023856219828544554,0.00045713033609485413,0.0012736867400701063,1.4617463514966176
0.004251372514039662,0.007107571763429281,0.0009617640893565501,1.4630861316424427e-05,0.0002984656993661489,0.00023578893058393487,0.00010057323816965576,0.00018183777931571503,0.13869156410871297
0.008019464166294281,0.004627341561478679,0.00104447852128659,3.0307361508054357e-05,0.0006874326035887414,0.0004948900133983662,0.0020336690850485113,0.017756723563584386,2.3844595791356915
0.00502513956153537,0.00842701371333838,0.0011674330950837903,2.808350117467912e-05,0.00040463917189940366,0.000201516057041602,0.00010977432608481709,0.0001438846343869281,2.8127965465510267
0.008475196913192876,0.006379122274349655,0.001193170093389736,3.7727810621142876e-05,0.00045089609318398554,0.0005598111580797802,0.003544991162109703,0.007142356628054347,1.9068490206908313
0.005139414938477183,0.007484587144432546,0.0011223459139769374,2.2308490065840526e-05,0.0003633540794987179,0.000535562401614922,0.0021014640340862047,0.00652374326340873,1.7426451283615236
0.006641147671095972,0.0039054783481096774,0.0009834388576467307,1.7069262976125046e-05,0.00032192355050562633,0.000468634093101494,0.00011219046892314025,0.00024664962262240886,1.9483353022110839
0.006480828169028201,0.006615897697727061,0.0010014223698303032,3.174753400643186e-05,0.00026399261705711114,0.0003757060547382659,0.0017558396531326883,0.0070102203831871835,1.600960145660974
0.0061399392449788,0.00561736783927797,0.0009975850731601562,3.509736714598594e-05,0.0002246815498915228,0.00037814227175579694,0.003489003583336454,0.0036562610205623032,2.0220256554660647
0.011093476315067671,0.005366201751780197,0.004307467930778057,7.631492072988287e-05,0.00020348275667738067,0.0004292086781700918,0.0013441756040911952,0.0003081554342333286,0.35509407673387555
0.005682102802743652,0.007117259184724146,0.0010485065168885624,2.1099014819950218e-05,0.0006027177138106701,0.00028407999864120355,0.0001220904145732104,0.00018701505785834676,3.0423842838859576
0.00820467580076143,0.005254068072290088,0.0012652547980772939,4.892336321159754e-05,0.0015210001390546465,0.0005319889955780258,0.0005890585058164935,0.0035348341484479364,2.749694827403065
