0.00684337623821951,0.008852999429648416,0.001325498092328399,2.3239768316931455e-05,0.0003526883455163666,0.00047004105629638637,0.0018982502447163821,0.016537871366928518,1.7928569453465553
0.02307246597552907,0.019423833291900686,0.0035027374056485,3.111370298141465e-05,0.0010242334555363175,0.000884958485864323,0.0006241751214686919,0.005144043261866882,2.0931612112443836
0.015765239225270605,0.017074518228564043,0.0030057774584062737,1.2257550525770241e-05,0.0005912243624006939,0.0002480009535201238,0.00012821077114132725,0.0005935016684872578,0.28833027132047545
0.017593181029033435,0.08088390946440782,0.004234271716501919,4.526667343362973e-05,0.0013169779970061998,0.001403368390210962,0.012075180756090176,0.013301617403696647,2.0329043177291224
0.006197870633644399,0.008601908442165648,0.0013952021340578327,3.640724293846091e-05,0.00039201789120246007,0.0004770934573647155,0.002629405211917614,0.01102144481285146,1.8597400629300025
0.008243741430049566,0.004690342938443581,0.001067157353476121,3.314128084086542e-05,0.00031467546310687267,0.0003265568647844587,0.003332384658502106,0.002510621525520264,0.9256084666769656
0.005968632469197095,0.008559559938777939,0.0015293265255814496,5.181365335099114e-05,0.0004489594197064187,0.0004216443492958754,0.006894823990780642,0.003056612935777676,1.6903447464754062
0.008303807768182313,0.01567457432891144,0.001666382979428533,3.8709607102546876e-05,0.0002724862453012249,0.00038030440857783404,0.000901232048401053,0.002462463079124642,1.423899732707346
0.010881824875357318,0.005186238855517744,0.0012980972218340704,2.7951892479667234e-05,0.0014784180443875488,0.0009084812580393688,0.0008031106044332933,0.0031645050693202437,1.3509697481529577
0.004580203382311467,0.007469174418263983,0.0010396335080615426,2.0212839703826876e-05,0.00028467550376599216,0.0002533334369342745,8.194945388319679e-05,0.00012042604170377035,1.8809074050302261
0.005134090707378768,0.0041786342647844,0.0008565305862491499,3.1125523011949034e-05,0.00022748078268912064,0.0003516439657450048,0.0032498094539301246,0.002879509147134311,1.8156933239347228
0.005692651319794509,0.01017645864295853,0.0010801710135057917,2.436520153405254e-05,0.00033049186526510255,0.0004441511412246907,0.00015773231432686326,0.0003715080122507796,1.8348754670812846
0.007555880915208013,0.008552363059218138,0.001057078450624694,5.442055800798297e-05,0.0003845737751447163,0.0004826829247241724,0.0029120236570551543,0.004005857573726404,1.4490176214054376
0.005935136713957247,0.009461640962406216,0.0011922527045272453,2.6745580019219126e-05,0.00029633050800006354,0.0003853492175280617,0.0001577565255451399,0.00033816311365382235,1.3434365456200767
0.006078898097619849,0.006769075516035094,0.0011045339204036196,2.3511379481697177e-05,0.00031175825494755843,0.0005118366011628153,0.00713160793075507,0.018562871808612533,1.4115382096102613
0.0057620228660921,0.006892184213924284,0.001075570162777796,2.037971544521142e-05,0.0003657846024262297,0.0005490688529376308,0.0012858749804325201,0.00531617769993081,1.6133389104454234
0.005797870104082527,0.00783926424041001,0.001092994673590903,3.109368756608638e-05,0.00041656084155611875,0.0003171082644243169,0.0015027042345413378,0.006493830507638448,1.239959894658212
0.007048785064297004,0.005063317263421833,0.0009199465594580732,3.336206235601159e-05,0.0003020264225766365,0.0004473781760131715,0.000948987122777717,0.006655635786018839,1.2322795273750848
0.004538999632143232,0.00742934438579312,0.0009463068669071681,1.9766658520155743e-05,0.00033388620639706945,0.0004463440355233505,0.0004029679193322864,0.002407519119456768,0.5719227606997657
0.006114978297270169,0.003802367644187425,0.0008775233770656768,2.392744336338775e-05,0.0005796217824103845,0.00034343979451118277,0.0021089483328799114,0.010420412895541737,1.3048113811000024
0.007198911897056872,0.011027541693015687,0.0014769264986583374,3.65770146926282e-05,0.00017768528043585384,0.00022946192550689213,0.00012245078480095062,0.00018605364316922381,0.1928048574287305
0.005823848438774497,0.006578809843303246,0.001275920148626978,4.2683260978185546e-05,0.000621144571637596,0.0008256734663575001,0.007898597050121938,0.014586536797066778,1.4987674188646984
0.005429999192724939,0.004891620875509048,0.0010039888201470064,2.84055109279927e-05,0.00022857676024343047,0.00036676712709820804,0.0019571130956342903,0.007581303193455388,1.9177139105597798
0.006604111402112914,0.008529594499188452,0.0013834117036858509,3.351790066058108e-05,0.000513674546204076,0.0005172639095414074,0.005598951320248387,0.018127065970254822,1.8241885181466626
0.012780139656237336,0.14651733169144568,0.0036777184526919373,4.748260779018392e-05,0.00048261452291846496,0.0008727506508193804,0.010394158929387717,0.0007750989496025001,2.188270590856178
0.01092636156738433,0.012052196165348503,0.0031934013955868157,2.36120884339906e-05,0.00020687064093244032,0.0003277911994873532,7.115001746111977e-05,0.00011817349157610549,0.06309900465746349
0.021129594782702727,0.01811023409448704,0.003631552756709041,2.4829793627069192e-05,0.00020257511741268413,0.00036668325484192125,7.821204830920382e-05,0.00025648978660597376,0.09665363087714675
0.008472381087658253,0.010098375286703997,0.0013325531124495468,3.971329521796287e-05,0.001045927454336729,0.0004036124893774901,0.0002284006062883924,0.0013243299675183224,2.4334518111986423
0.010395465505080359,0.013465680851263415,0.001993427747656586,3.10905302281441e-05,0.00045019009947939146,0.0006153857454012625,0.001803274476161458,0.007934104490223602,1.736509128084789
0.01096038655678842,0.009573979108436046,0.003690447637114868,1.1546997552939943e-05,0.0001262805382067774,0.0002540901784836052,6.21103592274665e-05,0.00010741885428228446,0.060875749378567226
0.042350313374605285,0.020164162558943145,0.004584370720641365,2.9827012394518223e-05,0.00034014814598592774,0.0001787574653618356,6.33230410840101e-05,0.00013099848406992394,2.0879466134493803
0.022897430267070487,0.027680037211652787,0.004491984888317708,3.8169673304986363e-05,0.000462987850480524,0.0006753017095553459,0.0016272688917289514,0.006344460361638856,1.8253603652242363
0.012460487469788332,0.013169192684970374,0.0017103031509171373,6.112903727699387e-05,0.000296996228105104,0.00039622627993496053,0.00015935630234604768,0.0003788313930645943,0.5209110737200323
0.005922894418257148,0.009109766231194605,0.0013594844385076714,1.6378012943621857e-05,0.0003181373684287353,0.00027735660754438923,7.546128363811853e-05,0.00012266138929872667,0.08586265178043032
0.007831885539009851,0.009775995990870208,0.0012886566561692643,2.9674208469382616e-05,0.0004960461015561027,0.0004690641500731391,0.0001404985086573632,0.00021787559058102223,1.874167478315406
0.007321091883299193,0.005678596139534369,0.0011873434033095322,6.067613278764457e-05,0.0005730461229374202,0.0004351259954218839,0.003772321005058302,0.014148641183415623,2.0533317861639584
0.0071913609383841195,0.0064266085497689624,0.001006957687657274,4.946830750184616e-05,0.00041541818568771306,0.000208163129873184,0.00016027770854869233,0.00027415517410123494,0.21686866847341946
0.005991617322060509,0.006719568609912223,0.001274339026910183,3.731989193138202e-05,0.00031385484416110497,0.0004368032111933409,0.0018504695119706297,0.004211223087644303,1.707979296811372
0.006845472626983521,0.005906593507479839,0.0010160822209219942,1.5209494067291915e-05,0.00025470382655488964,0.0004130971441049163,0.0004888707344947203,0.0013614127595744504,0.3326684784726407
0.004262438590114447,0.006861312507888062,0.0009581891810274377,2.2528697227683014e-05,0.0003955300423897091,0.0005015633354658777,0.00012913847035934606,0.0002763231486608934,2.5474601313007645
0.006684187464545595,0.004492161717601715,0.0010147910201436382,1.4482942871162527e-05,0.0006287901450975692,0.0003611401580346153,0.00010067938863531016,0.00025640274088315265,1.1688127165978133
0.004088271282364322,0.008043983127501927,0.0011579348615960714,1.2805732129693664e-05,0.0002987854406089428,0.00026869115891330894,9.90737548871043e-05,0.00012935610916326226,2.9560112635300175
0.009275029062888449,0.006348804524784686,0.0011812609954767446,5.243601548750805e-05,0.0011102386503494437,0.0005980767989698063,0.0009046703259094879,0.0036905575714948737,1.8214040487359802
0.005878303978724522,0.007149150315762156,0.0011170590313685318,2.833491494086288e-05,0.00033303617447953817,0.00047855827161931685,0.0027494426197034894,0.007041873531637123,1.260964266944831
0.006151640585361096,0.0038474674914491984,0.001000214180630632,1.7953968670974947e-05,0.00018818650314222118,0.00023787617921328498,0.0017479044458208308,0.010491253044554082,1.6804528584597396
0.005419294781209033,0.007249119494643312,0.0010026572262352405,2.888595967791053e-05,0.0003149423262670721,0.00047433328443493585,0.00014566552039160333,0.00041692152760899745,0.27712068949838714
0.006993708311224528,0.005409185480522518,0.0009771335485896184,2.4793036333699316e-05,0.00037902598239403354,0.00023348164676860648,9.529956328080612e-05,0.0001144495752937102,3.069014915992246
0.012605504916760126,0.0065961296588785395,0.00418059974467379,4.901523332903962e-05,0.0003171304061893641,0.000534177886063641,0.001630932714468638,0.00025201804605050397,0.2254328796506089
0.0059331683921222695,0.007123539946849575,0.0010599742572956529,2.3631225016499236e-05,0.000334034669952557,0.0005287856948434881,0.0009738290545060194,0.003684650338952203,1.2335673637065667
0.005887320234559506,0.00522584520732699,0.0012622156970905243,4.9190472643701936e-05,0.0003850924042924529,0.0005669330888558063,0.004070183820464097,0.009842192843478004,1.88079376205132
