2.7355139035666944,-0.2650917550989576,2.9306843313120083,0.23547654426872233,0.0031870334204083185,0.0025724419174750126,0.0008736559760831435,0.0018874036579040376,-1.5963346053565377
-0.5373710503240057,-0.8106927331022136,0.09975158813001696,0.23557283132112544,0.005543574782243603,0.00188094825098431,0.0009292623338101924,0.006716990863963227,-0.3679191629581853
-0.06384525944750616,-0.6367419110531212,0.5161772261121093,0.23541434622902635,0.004915879186589352,0.001221471710156288,0.0008791569732260633,0.004518117371633026,-0.6020653756873448
0.8441288317666298,0.5031373593133597,0.8463660212479741,0.5000476707204766,0.003526411899462274,0.00944461521443633,0.02943880835792624,0.06830947725001017,0.15035445101529446
0.04171492505593058,0.18810552673126502,-0.023477119664356328,0.23564965931240422,0.005913050648719553,0.002164878777192705,0.004806910575314571,0.028573364102195936,0.38484816378634895
0.11267400979542903,-0.012349129058871219,-0.04947083612042129,0.23548148382536618,0.0018652978808822974,0.0031038452557651574,0.0011717088467629517,0.0022185643963099776,-0.8690761140289827
0.16540695625970414,-0.1206637416807921,0.15697676791268872,0.23530418210179643,0.005572470598176376,0.0005255982301463913,0.011381479606056741,0.04936030869082976,0.23656924969099116
-0.029257133345194107,-0.28993148337733404,0.04498932574739568,0.2354685733947627,0.006311448704247912,0.0006646726912633926,0.002506152987378365,0.009561904425770892,-0.5265037908899751
-0.12867338369133657,0.0391005565571011,0.05480654745760542,0.23568743286578,0.004960893976406481,0.002763627375091666,0.010907983381545569,0.047965710529626775,-0.48521607375112746
0.06166949951143291,0.2796299775162226,0.03946448827237535,0.23540573810394788,0.0025285030921051253,0.0008102081133733607,0.0009880082540377798,0.0013202898319378377,-1.9096722598772125
0.17773913434637637,0.02176470761638246,-0.0028268530623820477,0.23546587848147693,0.003816627949566936,0.0019569269291929204,0.001201514047804796,0.002293586173470717,0.30945498989766385
0.06407183693288818,-0.28516373087589714,0.0215940124848232,0.23549833372286885,0.0024244208042048404,0.0008192299854969996,0.000871671307122166,0.0010493764096459238,-2.8355096306065324
-0.08975485079740085,-0.10139555684628038,0.06898765317450825,0.23548752127061504,0.006270607195623509,0.0008834040075522615,0.006235614600964047,0.029935187466704382,0.684920627637986
-0.022293733528704694,0.26768507270210085,0.07032706863508337,0.2355576324739842,0.005998225414121138,0.0008527874322082816,0.003966727532701901,0.018398302028272657,-1.421064140591383
0.14311298303039768,0.17258227570747053,0.0039642879807065025,0.23551972548919956,0.006471331829743242,0.0010742771513394997,0.0018291285902535665,0.006845493777883202,1.8098295746738917
0.14470609202210713,-0.21177766815309176,0.009974804765610853,0.2355968838306894,0.006312227308450885,0.0006259008446979398,0.0032164786621432166,0.025812814566056785,0.2547605072061942
-0.03863014831838941,-0.22452496144999629,0.07347067909370691,0.2353950416490089,0.0023943334397209517,0.0011426786744422896,0.0009264843236082062,0.0012009370256848197,-2.833990118665939
-0.10396038949690428,0.1339580042515114,0.06129235226566012,0.23559373617274584,0.006218157214233984,0.0008464472207232565,0.0019310293185248112,0.01123383968257086,0.05045913076653871
0.08952327336461545,0.2513136176734966,0.024552439383121814,0.23547830358761337,0.005320257040269888,0.0012085795920902598,0.0013699484729103083,0.004866324632950007,-0.863790213081246
0.19532148164446267,-0.05758672291979398,0.019173617192025563,0.23566371542985384,0.005975970356340832,0.0020775120148736836,0.0012740208072324888,0.008170801113723144,-1.0544227448812133
0.026008302015628204,-0.3180415022704806,0.03361956155175346,0.23555672614532427,0.006615389005874704,0.0010301443464193203,0.0036373356119554115,0.032574462384190254,0.8564358348643359
-0.7094760307472697,-0.06883710374426438,-0.6420413123137749,0.23528072641676154,0.004883406397032225,0.0012569625085436923,0.02290502701080472,0.06782770188289367,0.05140795881742738
-0.13013031711022063,0.11671450432606716,0.0251156677374359,0.23555932503362198,0.0064188338505939664,0.0006431191261857455,0.0035351382819111604,0.02917622183270846,0.8170717394497727
-0.011149533730446123,0.21336934136502084,0.028741961448051693,0.23570790345981427,0.007218175276696015,0.0005006243244828521,0.008479627747642883,0.04655341229823366,0.044885255041964056
-0.7487264756750965,-0.19661075189260158,-0.7365881054991786,0.5000453524469799,0.0015776266694718009,0.0028018738651858924,0.0346898224278704,0.03720207497711114,-0.2960033569411869
0.43284478602390375,-0.9780101631270524,0.15071077775781694,0.235515582807144,0.0029298627484910956,0.0020085629456766366,0.0008493689616896563,0.0013898428935037802,-2.547162827903672
0.29112688954669436,-1.1849718236087445,-0.045226142667356396,0.23544651628963487,0.005954810308539765,0.00029600560715601064,0.0014291101283599923,0.0064951748175417585,1.810139480952796
11.055323462912634,-0.40511275176046146,10.95996997718056,0.23545655357778295,0.0013485579497985178,0.0009206685648543958,0.0009885632276480725,0.0010805233276317565,-2.915744272688658
-7.722966870145171,0.3848688467724876,-7.592710866662065,0.23543211002467437,0.0012119535044281488,0.0004083641207675156,0.0009379890139170651,0.0009699521831859437,-2.892927711497489
-0.35881352630318664,1.1436677737131553,0.002185508437999273,0.23544532508115207,0.002082875497220468,0.0015395567747659028,0.0008870135822546483,0.0011881394210672437,-2.8957387104409205
-0.2045316912096793,1.6456837865392835,0.3303096912041877,0.23552440673991354,0.002178998778126923,0.0012255776166526294,0.0008632000610564415,0.0010411928046432884,-2.9034054850145377
-4.932844957528532,0.5852525258838606,-4.7195440114187575,0.23561333503292997,0.005899713920325938,0.0007483089680574821,0.004592149995268348,0.029583370972028383,0.3606244450580021
0.08285523134469709,0.3285787434737203,0.16760663523735758,0.23550873737677647,0.004785236892706664,0.0016149050745995566,0.0009701350146301597,0.0029188265159313903,0.35092655218413776
-0.07711201154727397,0.3661931026008905,-0.01887274765717569,0.23557129855531417,0.005200567053654171,0.0005480532806921164,0.0009977819698340827,0.003991611020328364,-0.058915934866024866
0.08914497287922102,0.2154026939656094,-0.03929326051545268,0.23560358358198438,0.00622626541948424,0.001169216915381504,0.0034894237085958393,0.029047674858565464,-0.09436985617761405
0.057913554742256936,-0.006647878302648646,-0.041671932667439876,0.23522115037574298,0.0013726871083838126,0.002064472463430412,0.0014166225554799784,0.001718836526845954,0.10563932069925262
0.14379808300739136,-0.22995997354056932,-0.00901806087200861,0.2354876941457623,0.0051741190214486775,0.0013029476746108286,0.0021221690384565293,0.0169657937787597,-0.9757765288895178
-0.11262442272844508,-0.16943282991948522,0.018564916404478927,0.23560278664395307,0.0039626904431806715,0.0005506663409292616,0.0008872860803101225,0.001295956776227684,-0.8465684551448401
0.09065296577034525,0.18242534240570038,0.28231123303809813,0.2355036252670121,0.006017041643752669,0.0003550344736449,0.0017092410025284902,0.0074524628901009955,-0.39487492874947505
0.11443856115801615,0.21280134300829454,0.03451519975862598,0.23554123521698325,0.0027294816566357867,0.0009705328326048172,0.0009366311431954916,0.0012396018617752882,0.22268746297606723
0.1826883868611377,-0.12227130551558299,-0.03402948662882162,0.23550525206639514,0.005269196402962071,0.0011325189539567056,0.0022115145127245455,0.024171405239024817,-0.023295705077088523
0.02301333320878397,-0.22852291435097927,0.04746078706722161,0.23552482232469762,0.0022294485275459602,0.0013759675689025807,0.0011613408144635514,0.0015114279081228528,-1.19325335489547
-0.16563762863464807,0.05959138728809738,0.06803926981511292,0.23554296041993883,0.00611894723497176,0.00136379351366375,0.005842294423576568,0.04618468587852938,-0.11771356833104236
-0.050502541025820365,0.2665991143758159,-0.008330690299463485,0.23560445418407858,0.005990632519530937,0.0010706832381225343,0.002989772895268237,0.026728823884923623,0.3882323402249918
0.17986371382774727,0.014932224862812211,-0.017115328053880576,0.23550206508563865,0.0026794410461668337,0.001569133547110046,0.0008712976720277863,0.0014044272218902535,-2.166448265203578
0.11904351164235,-0.27260236690039535,0.010880872466425197,0.23554008965098655,0.006568479466177,0.0005743972908606662,0.00272407641317323,0.02532355287389104,-0.208945356220685
-0.14762318316504314,-0.10300763261734797,0.03733034741671264,0.23555357878786146,0.00600823257520678,0.0006744730928843266,0.006001803309914517,0.04590449230444473,-0.9652336522509383
-6.164162037462035,0.001299365635867071,-6.189062898970382,0.015030413721570187,0.00030515872757021727,0.0006158888167311873,0.008835276663098494,0.009546332041313516,-1.3894970007058964
0.10309981667061353,0.15740907069158078,-0.015124412088203433,0.23553700680481485,0.0025337859427428107,0.0014515134398208746,0.0010400884123494296,0.001525368308416961,0.1891794695323718
-0.35881422595360474,-0.00488494632482079,-0.47354725161725064,0.235480311630904,0.0028035354327968277,0.0011500838637480536,0.0013607369512924075,0.0032343181074480517,-0.5787402493067465
