2.7332266067991813,-0.27104129128563953,2.9306907983796733,1.0,0.0,0.2354859392147674,0.006107483734541412,0.0007510815803887851,0.001120399200245417,0.00793570633539896,-0.16188067722900662
-0.5938030953169711,-0.7659269945649329,0.09958655004116002,1.0,0.0,0.23541218906893024,0.004405852805115361,0.0015578033467043464,0.0007389939234414756,0.0036948824114744756,-0.24331534422077283
-0.07810477507426983,-0.6558696473415402,0.5160358919545569,1.0,0.0,0.2354241051656186,0.006217604588937758,0.0006599721009580801,0.0005177398173002731,0.04019781141816957,0.3378959913889495
0.8539844510908465,-0.29520770826044396,0.8470330533086763,1.0,0.0,0.49994014912851675,0.023665219065548204,0.0016966191913933924,0.00037396396143459285,0.022472583339971257,-0.06638449870988178
0.0700632840425274,0.17087707954815107,-0.023519446823600576,1.0,0.0,0.23526087187515865,0.006569544425779876,0.0009878990606465951,0.0025169353231305576,0.030062753002803592,-0.22203617282212781
0.11227998365518804,-0.027405709718377493,-0.049408005698975514,1.0,0.0,0.23529136763613898,0.005899527066701536,0.001044071797496926,0.0015005937413079256,0.007545334156288446,-0.2576410368314324
0.15117924011750886,-0.11181926908902234,0.1569684306714324,1.0,0.0,0.2350746489510549,0.004570871912752132,0.0018751515442194805,0.0012824117126290855,0.006316792458131893,0.5636412014531098
-0.0332732733958305,-0.27676354457489505,0.04486487898311132,1.0,0.0,0.23542148194227464,0.005265868084669168,0.0017270214296378331,0.0016765276316371804,0.007397870139794504,-1.1740696681830267
-0.08953543280664863,0.07340676331339667,0.054722309269369065,1.0,0.0,0.23514808553588773,0.00593153584674818,0.0013743663102069488,0.0020631746333969686,0.005441371127521155,1.7903750740580362
0.0662741932759502,0.27357979732977056,0.03946993885731523,1.0,0.0,0.23537110909850548,0.001099962368745638,0.001734890454788205,0.0010789732567022278,0.0013425064763127137,-2.423882936687912
0.18315505433228718,0.021927489307780906,-0.0028896422965157616,1.0,0.0,0.2354665194419726,0.006663690154076549,0.0002968613034062185,0.0015994555985263264,0.01837047435872907,1.1329540961291604
0.0742381734678616,-0.28847127836356073,0.02154475948110541,1.0,0.0,0.23556839068323338,0.006439282063122886,0.000316453384086589,0.0015589859695167617,0.010752166773208812,-1.3284200558058386
-0.0997891167890956,-0.09606800304963356,0.06904651316769565,1.0,0.0,0.23537335089552483,0.006355458298862607,0.0003856805832228547,0.0004824173841351343,0.00867674051189871,0.33696951336152
-0.010143052939081139,0.2681038378207743,0.07026413360531505,1.0,0.0,0.2354670936670741,0.0056386473502198385,0.00040623752997595683,0.0006896993750009648,0.004671035977764463,0.022838923705988744
0.14892528557704524,0.16130779916069324,0.004029902276094981,1.0,0.0,0.23539826401746436,0.006599504264646584,0.0003616629914639547,0.0021435143586956817,0.007020774216352699,1.8488127797344143
0.1340642137830439,-0.21146803996677627,0.009985916694677799,1.0,0.0,0.23552486444383078,0.0056485076706670745,0.0013359460124759757,0.0009065640259271373,0.00906330108391166,-0.5404360011959107
-0.04312379361287533,-0.2229423136252993,0.07340143147436837,1.0,0.0,0.23535874745082047,0.00372365442410655,0.0004603354247468575,0.000876212026477588,0.001631687957400593,0.11382601927126326
-0.10048646078207896,0.1388983349428176,0.06129066542711559,1.0,0.0,0.23553332345783892,0.006316017458985063,0.0004180893226705687,0.000956308112066205,0.012526522258050996,-0.19053747296713933
0.1084923535704446,0.2512354165877637,0.02445702627942405,1.0,0.0,0.23533578916560008,0.002788888934421349,0.0008545095588171563,0.0008552194575675581,0.0014551069646146421,0.1342308096010914
0.18703969570693285,-0.07095394099536975,0.0191411041569022,1.0,0.0,0.23547060662501956,0.006641458899027981,0.0006848376543370285,0.0015586339054744613,0.007086422652464927,-1.081634199814332
0.015311657106772751,-0.32036971001605014,0.033574357744024355,1.0,0.0,0.2354775047794885,0.00601931310215086,0.000524929909989773,0.0004900650764200092,0.0024936156112568704,-0.5270111257005422
-0.7159576737300107,-0.05507954590325621,-0.642031194639972,1.0,0.0,0.23496292624332105,0.005884732473425173,0.00029674495866886,0.0024371859892629356,0.01165868018141534,-0.0819356132710109
-0.12818321732568627,0.12269530693198236,0.025083647172511703,1.0,0.0,0.23549551790569936,0.006473166407435744,0.000287789626669146,0.001902358937892348,0.0385813145018456,0.6925547930920978
0.026405476394408163,0.20328698524139935,0.02869733720788679,1.0,0.0,0.23530635081138832,0.006702402150753674,0.0010885235289638836,0.0013523438898411285,0.030546291111338237,0.22865701051292836
-0.7570574131655267,0.020880900607739363,-0.7363191622367985,1.0,0.0,0.5000744775048003,0.012085133922205863,0.0002916661177235433,0.0022852003210720225,0.0048986508237977375,-0.6039715097364894
0.47974594933311926,-1.0178664259616257,0.15134604862237797,1.0,0.0,0.23557627372039822,0.006151257414666957,0.0013190254210914392,0.0021694760495613763,0.011480098927891674,1.263834676165606
0.22753811025929344,-1.1854524384969933,-0.04520939466012639,1.0,0.0,0.23535268908327858,0.003162415986019448,0.001135333906185692,0.0008698381891004245,0.00183598268817216,-0.7669862391338969
11.051673008533633,-0.4043294011633634,10.959886041931293,1.0,0.0,0.23544529049572066,0.002113558552249475,0.0006701352563983538,0.0009858549117220154,0.00134539168501472,-1.4824046042741097
-7.737475076540562,0.4034314815931059,-7.5931013589860505,1.0,0.0,0.23545438966170637,0.00587911996192024,0.0005850048616610194,0.0010310514813730842,0.026400936763080522,0.0728905151484722
-0.39264639961367187,1.183146657270058,0.002708839165256624,1.0,0.0,0.23548775609568912,0.005890584942751914,0.000797457006650818,0.0008711354497501979,0.04391432329419212,0.5522537825941111
0.13314259132583983,1.4819855947024603,0.3354215163840506,1.0,0.0,0.23523964699902483,0.001497198010144297,0.0003096162984058433,0.0011741348841482848,0.001348220182132953,0.025014550777428823
-4.86638655902884,0.5899287418308435,-4.719180897736042,1.0,0.0,0.23540767273621835,0.0059101109763480195,0.00035034242000607616,0.00029583335289396043,0.020884450399478224,0.143480546278474
0.08581129314464031,0.3386945374865517,0.167552565857256,1.0,0.0,0.23547487098730638,0.006131163660658069,0.0010485654757179522,0.0026347139198299612,0.02262269374678611,1.7230429964858254
-0.0712130338517268,0.3539232034593244,-0.018880505613919032,1.0,0.0,0.235548714677061,0.005642256086940756,0.0010024402310836891,0.0013156862012615846,0.004203605742325424,-0.7332617125113949
0.09581178041446248,0.20894012105987197,-0.039283418775379726,1.0,0.0,0.23552376943088982,0.0063280998247299955,0.0004952667599071168,0.002416045001930326,0.034249756055979956,1.0334079209428797
0.06238425348222892,-0.013680804086618531,-0.04159189618128451,1.0,0.0,0.23509488967899006,0.007144128549813689,0.00040418409932442946,0.002108132432420152,0.011558866149245624,0.48509774401789796
0.1465694267861051,-0.23686750908484447,-0.009061249342277514,1.0,0.0,0.23547878810630712,0.006029130461668413,0.0007396473730772184,0.003448912463580738,0.020519232758122456,-0.10331663033916028
-0.12894136709741902,-0.1624113940440052,0.01854200451050629,1.0,0.0,0.23543604256048423,0.006577094736550419,0.00048274707264441853,0.000298335317588116,0.01952889891983694,-0.26070201947314947
0.09216227336094056,0.19364273171513513,0.2823381403618246,1.0,0.0,0.2354406367528159,0.0055990074404276054,0.0009955578841780901,0.0010886620938663116,0.030197816498149177,-0.6761857594437811
0.11997465404043617,0.21484335517857228,0.034522490112120434,1.0,0.0,0.23550899962633562,0.006135196698573311,0.0006730902445863071,0.0009648969586331008,0.01835325592357273,0.3576106085433046
0.1838897810485375,-0.12773242638468052,-0.03399442003962489,1.0,0.0,0.23546803777338807,0.005900558752094918,0.0002779846786054191,0.0014453463066256846,0.027843333742516966,-0.3944798906369165
-0.002694951634913278,-0.21675888318903544,0.04745043756084204,1.0,0.0,0.23529445281266223,0.0019129887787247325,0.00044508528145641895,0.0012326119160262683,0.0014764437331242963,-0.8570216147257409
-0.14033212370877024,0.0723704219140187,0.06798145415640489,1.0,0.0,0.2353631368544933,0.002112070347261522,0.0003047450815821607,0.0011893868226849353,0.0014064498203014814,0.008961118665137572
-0.0411561278251123,0.2696155819866557,-0.008352478622935191,1.0,0.0,0.23552789794468898,0.006210679513237795,0.0004044282397418822,0.00029297374706278346,0.008068124268652655,-0.7036035707205472
0.17597313186209274,0.00942637836533003,-0.017111727615193032,1.0,0.0,0.23546094343107202,0.0056224858245399675,0.00039433455791242577,0.0020544314112593853,0.009853488899587875,-1.700169342690341
0.08918085121359781,-0.27111193772820213,0.010828565201787637,1.0,0.0,0.23532964255656003,0.0012777704271965092,0.001238948712637697,0.00101586898776027,0.0011183757988070264,0.292142115354968
-0.13975911949003272,-0.07113519449232433,0.0372475991816216,1.0,0.0,0.23531429276142474,0.0003838559592431837,0.0008251907534714779,0.0013112138863930602,0.0013489799049870859,-2.549486366956402
-6.13843022388623,-0.024898939339176602,-6.188186169443627,1.0,0.0,0.014660280684460318,0.0012269589398891305,0.00035751510484584195,0.0006462301471644449,0.0040858280637709925,-0.08483535470116907
0.11509627529152268,0.16744734627232172,-0.015152478083916909,1.0,0.0,0.23549221192773515,0.0059037672881928766,0.000379423005750664,0.00039792782882601825,0.046601762937042025,0.11914663156474474
-0.3591726312833879,-0.026509031030018105,-0.4734751615438365,1.0,0.0,0.23511265384614188,0.006181794288552195,0.00054243548179115,0.0009524974702966681,0.00969914878604524,-0.43136847809513007
-31.342979198235422,-0.026837150540799035,-2.3178806336401316,1.0,0.0,0.41296022299375296,0.03594442125717737,0.00040455142869593315,0.0007298487144806059,5.460934367040444e-07,0.4667856854726775
0.1524896629159069,-0.16949230202027352,-0.05135245622994675,1.0,0.0,0.2354186771281188,0.0028673487660857964,0.0007448274889109641,0.0009569227777828923,0.0015399122108566141,0.14386842170803477
-0.0245533958608698,-0.3024496621687667,-0.013620310760523776,1.0,0.0,0.2354252050467206,0.006064216057123659,0.0003896261289309003,0.0003890186096678622,0.03194173253397792,0.1431881278653374
0.17816136736970256,-0.15550045773392476,0.23948263158404393,1.0,0.0,0.2351435191696172,0.003104064166970662,0.0031140295195761798,0.0005451684208484785,0.005224106012701659,0.6056773356471173
-0.9295885391823293,-0.32386889814254644,-0.6428213585918645,1.0,0.0,0.23541756141620315,0.005853526467684672,0.0004934706756106261,0.001080918609510737,0.039711362608730344,0.5328608606880594
-0.2027490462030048,-0.41494934862064503,0.16670694729434907,1.0,0.0,0.23550191179963034,0.006310961996521151,0.0008520557735862848,0.0019351479200552227,0.014673128680700797,-0.10597749215229953
-0.22946943031490002,-0.1997873090603068,0.037357110401371386,1.0,0.0,0.23543789061490863,0.005345407276223346,0.0009596174804038651,0.0031277861219016936,0.022840558946370507,0.5986086136503842
-8.375966059145107,-0.027909692055873778,-8.249150252437243,1.0,0.0,0.23523407033041768,0.005251486886349499,0.0010141530054582008,0.0008405182223149078,0.003066084374036487,0.6284057226955952
-8.63205740840254,0.3369059744148347,-8.983371419444207,1.0,0.0,0.14696069479916807,0.0004833436229227895,0.00030521215000914645,0.0004889060223212708,0.025122412929017603,-0.3629955984636104
0.8780455190192002,0.041360467400140974,2.388481527463494,1.0,0.0,0.33367433792529905,0.04109702192905463,0.00202612302250731,0.0005550392207118753,0.010662763552986567,-0.16771912328149097
9.089005622807012,0.15808286837540048,9.069493251778983,1.0,0.0,0.23530863013231032,0.005699552453919394,0.0005076917234137429,0.0014573046199937742,0.005921546309196408,-1.1697330035414986
0.09296559583843607,0.37517926132290463,-0.05430975744111327,1.0,0.0,0.2354811029208408,0.005939997903572414,0.00038088001686044815,0.0011622172074885564,0.010100117859082831,0.16823208087827785
0.10465503305225056,0.27059237687500226,-0.04001682198638423,1.0,0.0,0.23537347410617698,0.005778418185765635,0.00042251199371870756,0.001402235670359929,0.004319406986269633,2.380809338987986
0.7943683692189812,0.10250839414856949,0.6732441462805266,1.0,0.0,0.23526271596538645,0.004618713983402007,0.0019513658577749128,0.00044949866278790046,0.010898430105102566,0.8572548959677677
-0.0032976094770601674,-0.17396879964446987,-0.066891976048315,1.0,0.0,0.2352020030075062,0.005774688014444083,0.0005439271245949292,0.0006603313788409109,0.013300564815906748,0.9010206425339372
-0.10393859077365772,-0.031760571443668506,0.06263574167472621,1.0,0.0,0.23540132978041153,0.005732221001348371,0.0012100577178206968,0.002166462674253137,0.006631350649353799,-1.5552819252936734
-0.06396691607795926,0.09165490312995485,0.044932434051775716,1.0,0.0,0.2352445439723293,0.006397778191136469,0.0008244628012679366,0.0003588012755708322,0.03316963110266922,0.5593611386400197
-0.050154646703598746,0.23794651677326645,0.08298319787504006,1.0,0.0,0.23549551807479835,0.0038260963317862267,0.0016115101963074343,0.0014270467446760044,0.005868529975422742,-0.6758441476421653
0.1259369898721246,0.14077826161151794,-4.4649826780545325e-05,1.0,0.0,0.2354615390723575,0.005659044257222892,0.0006332448242248631,0.0017138404929726882,0.005773909064124881,-1.2617728848867558
0.16345726090868287,-0.19968813042258035,-0.03111219882892559,1.0,0.0,0.23557586769274952,0.006458798106996476,0.0003308963172982593,0.0017778731930326883,0.024272291617811276,-1.1071894144825376
-0.04153222964888534,-0.19907225977875412,0.04728534382205037,1.0,0.0,0.23542178389174884,0.0021514231969357914,0.0014011532663369282,0.001172972347371101,0.001554255263724124,-0.1410979940442397
-2.2788657949169018,0.14155157305457308,-2.0807808656311297,1.0,0.0,0.23547065054522887,0.005675904864862318,0.0007104604727427892,0.0003189327248594007,0.018423701097627188,-0.5923680102428117
0.0836995387489333,0.2584373185223777,0.06268736426333854,1.0,0.0,0.23551368865184355,0.006210794426264013,0.0002919153511602999,0.0018605428711730365,0.012827218532038432,-1.813282167725696
0.18464504222109882,-0.07904485001325115,-0.008784040150249015,1.0,0.0,0.23546061844535732,0.006088149341731572,0.0004933848653314886,0.0005977569101190979,0.00525715339054907,-0.2870623178481063
0.04782357035767584,-0.2723604421963027,0.013220252028274575,1.0,0.0,0.23552891532908213,0.005858519234093377,0.0007923613601959321,0.0010669501783662013,0.013819972570525363,0.3661883989000385
-0.07773679398885244,0.003166374829025015,0.11365405262477893,1.0,0.0,0.2354098235653656,0.0015028539180123664,0.0012314030838118549,0.0011579115386985152,0.001423677767283641,-1.964271666974442
-0.02564460793092573,0.2780543373180434,0.06907790855936044,1.0,0.0,0.23549622310782609,0.006465905844888219,0.000377095526959601,0.0023508366172856478,0.011706388967549565,-1.5801876671366863
0.16926844965243892,0.06163536586867771,0.010746865748546296,1.0,0.0,0.23542176137611626,0.0007788680512886377,0.0004946562495352568,0.001220306091658852,0.0013274151691034552,-1.7066617314166541
0.13797907380367888,-0.25149040134617845,-0.004954154996513627,1.0,0.0,0.2355088139478423,0.006155726940357544,0.0004835130904740956,0.00035851224867904867,0.024481004431834957,0.6691871384597604
-0.09021336689206358,-0.12959047736893517,0.05924692916486811,1.0,0.0,0.23532963428266085,0.005880957319054476,0.0010869577853071962,0.0014695147643400553,0.015793179859025515,0.12983736318822128
-0.09959212343186832,0.22685245224641487,0.06033003626123002,1.0,0.0,0.23537637273061934,0.001887428829205421,0.001835101587111591,0.0010413490677187915,0.0015571059065226489,0.17610781654659324
0.09205228412519648,0.13963881021997965,0.10789146658701985,1.0,0.0,0.23526279319493534,0.005409731579248588,0.00048111786768306123,0.002026944968968879,0.007589043171805128,-0.6993272637361537
0.0852904509941066,0.19686214651023967,-0.0003903282615700095,1.0,0.0,0.2354725242017911,0.005402045464042659,0.0016543793878712866,0.0007917025070088993,0.013785720921526653,-0.7228347914007993
0.024971485672677533,-0.15010670346277105,-0.04075982230700516,1.0,0.0,0.2352230075568986,0.00612137242476583,0.00037254974363472434,0.0021777346194792185,0.005268804120293605,-1.3374791372612933
-0.3064852838021645,0.04993127228283767,-0.02135478456421601,1.0,0.0,0.23535800016064715,0.0049680696688601,0.0013924114779210858,0.0020032322767168085,0.018935515264811922,0.3685380997823495
-0.3451235648628376,0.10272334906952485,0.0008254187803688065,1.0,0.0,0.235436927234189,0.0057731736948969286,0.0006615130953950779,0.0005053008929494156,0.017889746509829694,-1.4699039619095915
6.588028692409338,0.09742319215983103,6.69965631279962,1.0,0.0,0.23520735327195982,0.00442744732709979,0.0019263873510243844,0.0014026112580197822,0.017755542314517172,0.04013215625224602
-7.762633581604735,0.075788461977462,-7.863418300489179,1.0,0.0,0.23507040794001036,0.005767193529202597,0.001810957246375252,0.00027308979415524787,0.034402438783600844,-0.852740111601793
0.28559772641996894,0.10112575873486222,-0.007202743826078616,1.0,0.0,0.23551576007344768,0.005711699272944059,0.0011724546211026685,0.0020662594676672235,0.009398972218749788,1.3182989456200696
-0.013376356749945017,0.10276884795989526,-0.4707933975890219,1.0,0.0,0.2355688790166247,0.005299231502008814,0.0018524651349451334,0.0015945041653260604,0.020336319884440273,-0.6112304012639757
0.3510403485454534,-0.07682136260699732,0.21494489929867375,1.0,0.0,0.2352741933704274,0.004713076488872831,0.0021490495887474016,0.001023658515146992,0.012994996782676035,0.821963914710738
0.18317163462875405,-0.15791430290135716,-0.023989070853428246,1.0,0.0,0.23549616849478644,0.0049539555463436885,0.0010286172754951136,0.0008677895732091943,0.004434878659490392,1.1924653505288496
-0.012481214338646506,-0.30838703604914647,-0.023698372652769917,1.0,0.0,0.23546112783039544,0.006578770308938857,0.0004263653721704518,0.004379857661533501,0.033574448280779406,0.7035077751346644
-0.1890300458363298,-0.11255892398537623,-0.11211438051278884,1.0,0.0,0.23509612500424484,0.006486176806697364,0.000580574991192279,0.0005699467817275273,0.005870438832323356,-0.8144323742929781
-0.17549172629729443,-0.030547673565326824,0.012989694586418438,1.0,0.0,0.2354627055471589,0.004134483127893195,0.0014548407663959966,0.0007869923255312793,0.002749010143757492,-0.2193835587794065
-0.014123673880554442,0.2559972317350679,0.04935651187114773,1.0,0.0,0.23558693015067364,0.0032204397632869487,0.0006673912089265648,0.0010531360335837433,0.0014874033219768182,0.03351001316025468
0.22632856528995496,0.09685641117380296,0.06551741734554872,1.0,0.0,0.2354640632244632,0.0016121539777652683,0.001283013117726589,0.0010650379104554508,0.0013028002087592673,0.12753049187962281
0.12873957362060245,-0.24112835658091605,0.0014017268183155328,1.0,0.0,0.235525285025245,0.00625303457956488,0.0005134707077042608,0.0014467370134676246,0.009626338735190473,1.6317786033367931
-0.11745403091268235,-0.184580285071932,0.024128436614556204,1.0,0.0,0.23546047825150304,0.006844913967438258,0.0005259937439443632,0.0003963114525149873,0.030082586908933735,-1.442687343337134
-0.02818060106746,0.1970587549660446,0.12813663810439682,1.0,0.0,0.2354431277144561,0.005658265791879565,0.000953878523233363,0.002828556467330084,0.05103576007470919,-0.018541802928096745
0.21623292382927056,0.23179116155974738,0.11712442547582558,1.0,0.0,0.2354148971818346,0.006119275121469825,0.0008274932394167171,0.001472227638156397,0.0068738366193721884,-1.2969145963661561
0.15844880150895688,-0.12341574959954679,-0.007421768226279951,1.0,0.0,0.2354329938954818,0.0053700109312815455,0.0006706001625503668,0.0013245451122166198,0.0038606859262407967,-0.7708278013787652
-16.713314476117574,-0.05696226031401326,-8.427132293799332,1.0,0.0,0.15744796019500198,0.009501274137806248,0.0008134746616730062,0.002699106063115456,0.0023211010836101066,1.0711082591364611
-0.11683818964507096,0.04633663541631148,0.07066995325975226,1.0,0.0,0.2354884702315674,0.006058955762030811,0.00044470610799234495,0.001689391786102073,0.006965883463446969,1.6598262588926846
0.05810085002971741,0.28816996595590005,0.08775356236311102,1.0,0.0,0.23557654450865217,0.0065346299759126165,0.0007348886379856095,0.001087780538302969,0.036017291929394,-0.3561010719735696
0.27973742588578365,0.021623131008476196,0.09831516382781644,1.0,0.0,0.23548820761515182,0.00659751305688121,0.00041645193924540056,0.0018174688370161125,0.005783599928606909,-1.341473908550809
0.07642476306723811,-0.2548877498674737,-0.0029114914895929014,1.0,0.0,0.23547218190192018,0.005725458623357103,0.0013070272446534356,0.0014079900838391344,0.005385928249638446,2.0636252991680037
-0.08084694901217683,-0.11799679022798075,-0.029345947297694065,1.0,0.0,0.23524701046801674,0.004653463169955828,0.0023662525440155263,0.0005660551320327656,0.004663685445997251,-0.744689781896076
-0.2560630291570697,-0.12840826848058776,-0.09148704160928461,1.0,0.0,0.2353449362680134,0.0050652209414261155,0.002316094279532428,0.0020778298233463904,0.006836175775786891,2.1476915129110683
-0.20962508010013053,0.16308365970369404,0.005887332302396663,1.0,0.0,0.23560565734520578,0.0063361345782427725,0.0005388349260568248,0.001112981303484816,0.006587536438589566,1.9225787060582618
-0.16022031027477213,0.15046819764248912,-0.04506811690166607,1.0,0.0,0.23535666540421674,0.0055761762635649055,0.0003717536212727022,0.003057369104132695,0.04402788686384147,0.045954550475446575
-0.13141392546599256,0.6496775674065154,0.10454251156419499,1.0,0.0,0.23551004079801555,0.0060067758024008044,0.0010621355294912,0.0006633527468420548,0.023553833703485967,-1.4516939864871525
-0.4603072143656712,0.46623870059752404,-0.3058208858350013,1.0,0.0,0.2355079006945777,0.006148243536369489,0.000530584684734357,0.0017514305779560656,0.02031698092359925,0.6243149296288174
1.6879567496005458e-05,-0.01230557804450421,0.01124986237387627,1.0,0.0,4.362829224141564e-06,2.5633503618727074e-05,2.5744151479184163e-05,0.00013147422098302988,0.009702140040418607,0.5809635511686587
-1.0657338131067272e-05,0.005142028215617378,-0.0025515614560887388,1.0,0.0,4.764382863082804e-06,5.129123905324482e-05,4.189347304596945e-05,0.00013016730209286842,0.01017345419176306,0.4306591013154476
0.15380007663326428,-0.37757612131283047,-0.08330632337420697,1.0,0.0,0.23544470957009417,0.005997818247236706,0.0010138661064207292,0.0008829990614223943,0.015501096907366637,-0.3382417765099785
0.6409367475785562,-0.32006971272444407,0.5134070406819135,1.0,0.0,0.23521760322732224,0.0054626463221837665,0.0009639523338097243,0.001986690002528652,0.0048888213465028765,2.2509592629862962
-0.10347097552110773,0.05605119908088387,0.05386656576469323,1.0,0.0,0.23545755311113067,0.005755892184097546,0.0010058992155432163,0.0009999137526152126,0.02389530508532043,-0.806071278190857
0.22393008175493553,0.14818731714554917,0.09496595519329011,1.0,0.0,0.23529564119353696,0.006384457741520388,0.00042876027305485995,0.0015871494896531843,0.02899411452654013,0.7539425293381694
-0.06645973586209929,-0.027765965924051596,-0.16521966223182724,1.0,0.0,0.23502705643319344,0.006841466034084835,0.0007645162717447595,0.002695398347210013,0.013393308453732529,1.0630223923227884
0.12161534529547648,-0.18765582163945763,-0.0405867418761071,1.0,0.0,0.23546679055908304,0.00597997209466305,0.0005937929225674785,0.0015276664379053285,0.034091012485885565,0.4242788456788826
-0.017721699987975896,-0.23107198197595719,0.0709393944307547,1.0,0.0,0.23544926670001115,0.006192756998952843,0.0013247171332567444,0.000621235577174063,0.03934333820566661,0.45979111174551157
0.24199798606975217,-0.005065622261381463,0.24191637419516965,1.0,0.0,-1.6821575083841936e-06,0.0006549872799649119,3.0038272170605795e-05,8.390090385560468e-05,0.009791902993582555,0.4003005553985277
0.1033750776210226,0.2625864893091896,0.07111576330376267,1.0,0.0,0.23548149773522534,0.006365862992200175,0.0009282856718174553,0.0005784208495136906,0.008668553316358886,1.4072573937078388
0.24303918636481928,-0.04618852442277502,0.04124601060441111,1.0,0.0,0.2355245451882794,0.006466133672353288,0.0003625824632647873,0.0009607563073778557,0.010325930166908186,0.7898039674280601
0.018643951470814622,-0.2715842542519461,-0.01255129052892008,1.0,0.0,0.23550934237833898,0.0063956610968440575,0.0014856911229404672,0.001617070229138695,0.01954388974674912,-1.0733541750555167
-0.13975253596831522,-0.025430651426912868,0.04114373277541324,1.0,0.0,0.23540872870555066,0.005265003198709728,0.0008736607806379865,0.001418993918345505,0.003474789603338293,-0.6149553961644987
-0.018198627098028077,0.2710571063847482,0.06575995858905602,1.0,0.0,0.23548568644319132,0.0063446545047141515,0.0009531980779615883,0.0004468286488800048,0.027303231118378787,0.4490223477535315
0.19810332233807665,0.08994796742236325,0.02745856354054295,1.0,0.0,0.2353962934152837,0.0066026735799002215,0.0003964609559662563,0.0025355034756812072,0.010280368020755005,1.348010545577118
0.0960499701371538,-0.2333629128967145,-0.031204000985038043,1.0,0.0,0.23547382106724593,0.0062792929686673,0.0005733641666712014,0.003338384559534878,0.03130449310751496,-0.13296623448423256
-0.11178193074719936,-0.16822704296586738,0.028137646967759118,1.0,0.0,0.2354597093332346,0.006384863131438467,0.0004827515691739882,0.0008946571958594909,0.004021788609828192,-0.5032071530928282
-0.08305440670168038,0.19697471406552916,0.08853571065381854,1.0,0.0,0.23557323181338852,0.006792623363410837,0.0006168352243926665,0.001812789066144218,0.016770053956830528,1.0065680095164529
0.13829746810532242,0.220548094762364,0.041542291569654256,1.0,0.0,0.23550862382130577,0.006700425853628925,0.0006163279047080802,0.0003736037225591723,0.014152123404990334,-0.7432940469821344
0.17675155358308656,-0.16630844668434977,-0.006760944119468468,1.0,0.0,0.23545668294455244,0.006955648749499872,0.00018928260489147036,0.0009888331619242986,0.011085920917648482,0.6326675157466681
-0.1362840171414979,-0.15640140206643754,-0.23527902880753057,1.0,0.0,0.23500591180498134,0.0076660670542606476,0.000746515343018629,0.0041817785558341475,0.018444719235969513,0.6853371112798322
0.3057199408298967,-0.12322891783149857,0.27758290213924036,1.0,0.0,0.23521851208560687,0.004590981878129918,0.0025755270940685288,0.0007218016843623864,0.025240892315380802,-0.4540557651177905
-0.09151875619309599,-0.2442285500342715,-0.045941032197900765,1.0,0.0,0.23545656559726127,0.0064922733684202065,0.0008542387384152974,0.0003464737136389369,0.01568931414788586,-0.21959575391941047
-0.028486777156625613,0.12395435196641799,0.05987057929611803,1.0,0.0,0.23523299576373022,0.00683115286913336,0.0016520113980233247,0.0026069758845678513,0.006274654522498504,2.0189795117548717
0.4928518765497777,0.05598657268357174,0.20607424641508992,1.0,0.0,0.23521961767337302,0.005783853063622011,0.0013002275446285505,0.0005868993132756459,0.00936446311533368,-0.30949783129804626
0.27565617029996836,0.04534582881616057,-0.05776551925633846,1.0,0.0,0.23543877829918003,0.0057271555417164055,0.0008805975953052043,0.0011895506843802757,0.02780450907980318,-0.5780420958731254
-6.004228899794959,0.11610767987140766,0.3182670630587749,1.0,0.0,0.003116398391640525,0.0017811163954793148,0.00022345726916615943,0.007506180512117575,0.009760936660328972,-2.7732165510467914
-0.33235922341863583,-0.22356966180954344,-0.057401491637164584,1.0,0.0,0.23538921302747182,0.006160432102183807,0.0008015153397040114,0.0012898116515460128,0.012875773501285239,0.24237853129222509
-12.808815815606277,0.04380178140609147,-12.538035975774827,1.0,0.0,0.26886466098248435,0.007291413194081644,0.0007462040359578177,0.0005211517635476002,0.008001575720796801,-0.2045122570843975
-0.16371302385658387,0.018976461918795106,-0.017921175396244014,1.0,0.0,0.23520278953386925,0.0060312976875155164,0.0007690591873197664,0.0017935789060283412,0.011963913773440348,0.3641115662330328
-0.13088739042041134,0.08252169483793872,0.091148953170735,1.0,0.0,0.23540452114391422,0.005824707397018151,0.0011634515631099517,0.00046444649108127,0.010241149771322906,0.23391983052617912
-0.03426072245155528,0.26857666900550864,0.025405912452636712,1.0,0.0,0.2354401058919898,0.0067823819651998156,0.000614484278709525,0.0029538102096757215,0.010103498988107739,-1.9776676019831254
0.05976816113747706,0.1377481562812236,0.021573572755964558,1.0,0.0,0.23518368269728543,0.006316205164361914,0.0004189158801463178,0.0009704728601131078,0.008485931071261024,0.15940819936526654
0.18749612806691401,0.12698544359704636,0.0163911723880873,1.0,0.0,0.23552300253752687,0.006964407707265887,0.0007291761001119294,0.0006513759373030447,0.028045052306682774,1.2274497932392485
0.11367613941257752,-0.22166624507589391,0.005217989981230473,1.0,0.0,0.23541413456917928,0.006268990777817164,0.0032435626178226097,0.0025812610611020627,0.02265770301281298,-0.038406655434855476
-0.09627426659802944,-0.1832428826681679,0.03427035871628584,1.0,0.0,0.2355290634694314,0.006735423978387485,0.00044824538859918864,0.0002276026755750418,0.021683592409392143,0.740866961254709
-0.12607159446666458,0.19443986003651745,0.03577188400367738,1.0,0.0,0.23533633854490438,0.006965777299718343,0.00028120280966449044,0.00035736049682368276,0.003945679470287641,-0.9684592843241072
0.1482662088194484,0.2343780644149521,0.05221579926977828,1.0,0.0,0.23541645399396233,0.006612690825845126,0.001412570621590042,0.0009488918377835273,0.02456327558490045,-0.8351977621431333
0.16004582356253708,-0.12058336441791719,-0.026435099359878988,1.0,0.0,0.23544992907068155,0.006567740082051837,0.0009187483000052553,0.00041604942227034053,0.014607521203618157,-0.31729016711807595
-0.05028074741163099,-0.2692052883047017,-0.011671466592742598,1.0,0.0,0.2354094010810806,0.006085988020102941,0.0005406408803395232,0.0030498819580774554,0.013646480465967259,-2.2451323950313755
-0.13664592979261392,0.051733951496817886,0.06444370398364063,1.0,0.0,0.23538314062383892,0.0064747004235188345,0.0002915221290542932,0.0004738722841884932,0.01788830798554895,-0.08127693885937595
0.06435442348706812,0.27212961092127397,0.08840644637614761,1.0,0.0,0.23546731326911768,0.006695879031822793,0.000526448563714501,0.0009472514516057761,0.03005348239954642,-0.09347981622308725
0.20438595850076077,0.022680168046919906,0.01328665873565028,1.0,0.0,0.23530503591499285,0.006940057108136478,0.0004421931415556005,0.0007709212688395377,0.023293966427771026,-0.18355121965621937
0.24813945270647472,0.04661506949852597,-0.020392539282449502,1.0,0.0,0.2354237367186643,0.006443058084079514,0.000693006847658672,0.0012701969657823715,0.04177508931081785,-0.01228609910488447
-0.15432622896416098,-0.10680956287784987,0.01359114207011003,1.0,0.0,0.23545855439465582,0.0064160962902570905,0.0006356829887277667,0.0006705088838776128,0.017836454021541052,0.22596616490172033
-0.05830149325392282,0.2304695643414605,0.058428152762333284,1.0,0.0,0.2353680587090724,0.0062920694963304845,0.00034620268914052746,0.0014183135570440461,0.01585191240315449,-1.231333109542779
0.39519667312362494,0.1114663543892309,0.35357351882317434,1.0,0.0,0.23514316045758793,0.007224735183754441,0.0011568526076866869,0.001594313567333981,0.02190892880781263,-0.12421198203046183
0.2587083973025535,0.10156808695551418,0.058264659670274783,1.0,0.0,0.23534200011603731,0.006896203538424209,0.0007774768336812405,0.00041287379961905843,0.005232025151658574,0.2611432463617072
0.06639332110888155,-0.17769342006018649,-0.16520875686270414,1.0,0.0,0.23496546578284183,0.00579328397044335,0.0012266132683888024,0.00044386494369227334,0.0029220748169133267,0.6636880144147494
-0.2730651379598158,-0.19752638199735137,-0.48250728058215253,1.0,0.0,0.23508464490488754,0.006807088371492207,0.0005293579971495214,0.0005514552596475869,0.05716982776148147,0.03616451500272967
-0.6680188678048956,-0.33323369814654574,-1.0606907939119274,1.0,0.0,0.2352394476360712,0.0064984783267403095,0.0012781369150144746,0.0013396161437142843,0.020204562555277642,-0.2625888201252136
0.6231598002093706,-0.9076056446948605,-0.5759503091488898,1.0,0.0,0.23552690039556648,0.006744172934162266,0.0004869010253290834,0.0008377568836251516,0.009783811904354279,-0.5477230469465495
0.5967492041817112,-0.6903010498517435,-0.15673678253481507,1.0,0.0,0.23532664182970803,0.0032392631060724434,0.00030040698776957135,0.0009553802760739399,0.0013926898666141556,-1.8768853730050643
-4.375707510630311,-0.22819018540815456,-4.636409680800537,1.0,0.0,0.23552558037264568,0.006518958923779773,0.0005099427770573587,0.004367640603032975,0.020620581737347033,-1.9208096622217696
