0.11159757875573288,0.22212443471549068,0.005422860319951785,0.00016047561947682299,0.00023131603513070254,0.0005378881027719864,0.0005034715408582025,0.0011691151305237755,2.8339533496139695
0.10086271068628336,0.2284432925091774,0.005369018218364838,0.00014692323813820076,0.00035137502566900296,0.0003522741781195267,0.0008222496807875045,0.0012271885899403673,2.742350907712647
0.11055645379994329,0.19536739199630626,0.005168281017640661,0.00016537068453068642,0.00025297902946398856,0.0003410645468290388,0.0005833128132209213,0.001985726681919614,2.5197908204949795
0.10280743906839447,0.19366926052866623,0.005128960840123376,0.00014903924952319728,0.000317976126460596,0.0005047418786399313,0.001476532641537872,0.0033081502593556586,0.45776790760323605
0.1260634334729771,0.23302926329793094,0.005021433870736429,0.00018577744854893845,0.0004476016338486217,0.0004110556222948653,0.0007398158172860509,0.0011055229140202404,2.7742210523394024
0.13479007344954422,0.2569489326547112,0.005716588689678826,0.00018799364505998951,0.0005000349130097907,0.0004692131143649013,0.00082738036439604,0.0009428949633435604,2.9009585639524404
0.11051123009861233,0.22340796525861417,0.005230171131119546,0.000164637855778663,0.0003246313689741503,0.0004662870799671603,0.0007511226566327074,0.0014043102574396935,2.7236163777246976
0.1282042622234864,0.26746842167280044,0.0051117305775643385,0.00019090652617321835,0.000420570197870531,0.0005631725543052653,0.0006874681417824693,0.001108134079772777,2.9129275480929824
0.13024104159929528,0.2547577983867583,0.004745378622274546,0.0001951519687746154,0.0005159975404254784,0.0004174013492942738,0.0007722352814079629,0.0008098538995242422,2.919821989349675
0.12132957652188507,0.22475901324487305,0.004687213299797414,0.00017213057988048577,0.00034251517117446154,0.00039690531475887827,0.0007905093848408491,0.0012628979156184006,2.689443588488595
0.12104418576590671,0.23784509855995833,0.004857958131522775,0.00016321180694117324,0.0005034991678044314,0.0005708150843336595,0.0008299519488132636,0.001297786225089467,2.8627189528651535
0.12233237042977313,0.22955697485515716,0.004521953478358274,0.0001765863411489058,0.00036947898904745615,0.0003185919321399991,0.0007657337398569783,0.0013048537623590933,2.596425006896053
0.10558838138617699,0.20015106595169335,0.00438600631725719,0.00015680375162348015,0.0007024022711017916,0.0003337156915747853,0.0006936116607476245,0.0012009795026532541,2.357292401473099
0.11091324503500997,0.21477665933247728,0.005256761069887508,0.00016132242325659702,0.00041496248038527556,0.00039060841406577497,0.0006457009613601388,0.0012503497189001928,2.552394190332219
0.11604551427287096,0.19377026741845849,0.0044774210255776456,0.00016453883121299737,0.0005109026622252285,0.0006354085054542648,0.0008053513581181486,0.001627956024954229,2.824927948156407
0.11805510511078485,0.21899584903358346,0.005352127998628527,0.00017992035005950582,0.0006078100939476417,0.0005139326403292559,0.0010309220411307827,0.0015355182208157121,2.596084774438064
0.13213964798428685,0.1966295424855936,0.0044245040747385115,0.00019710403758242302,0.0011375345858307736,0.00059426424470947,0.0016227071395763025,0.004499602300949873,0.8515355165204791
0.13732640969801335,0.1788871609749079,0.005147418909503195,0.00018771190971148078,0.0009010526814529769,0.0002996593429049261,0.0008249622265183965,0.00248645887334026,0.4980594389759403
0.12230006947965386,0.2384452872825932,0.004849030212003515,0.00017969969916888115,0.0003297469377221297,0.0005488928086259851,0.0007238897884123551,0.0012451987008502076,2.8721333249888605
0.12013574178832588,0.22555108200297866,0.004905955519553935,0.0001758855524400952,0.0003178992123925561,0.00032669335545106314,0.0008480261060916872,0.0013178987637961354,0.3786322823370672
0.10949963943665851,0.21661252056503522,0.005242505239546324,0.00016425667522265938,0.0004159507061609605,0.0006554656176642493,0.0004258615994192621,0.0011660186236817143,2.754954989935248
0.13690748620372484,0.22283147131390973,0.004656244029731196,0.00019501561304841194,0.0009173942892380332,0.0003287993119265937,0.0007597433515603162,0.00217324878386407,0.46808242682272566
0.11512809595650912,0.22387940452140512,0.0058429007427335256,0.0001694396955977597,0.000437411991883432,0.00039104477810129363,0.0007009931111119342,0.0012344402938595182,2.8279640062318214
0.11051327324975738,0.2373872115927047,0.004915195503854159,0.0001724379413884423,0.0007196293708148116,0.0005063262270850242,0.0007504140653547287,0.0011833275816818761,2.3082095524238593
0.12052051085582355,0.24565090488915647,0.0044844833556302,0.0001774646637721162,0.0004932191248108044,0.00043503211316243756,0.0008143341932561778,0.0011762586134929998,2.852358480461527
0.10461521126782498,0.21512702434560138,0.005219155507417587,0.00014946320733348113,0.0005186640100356844,0.0002935026614379527,0.0008178713662293569,0.0011374424917681555,2.377821541864583
0.11568233851291938,0.2244844195200284,0.0049572649994978745,0.00017448192671671558,0.0005753897259562404,0.0004454723230601225,0.0008824035410833834,0.0015115586152656662,2.8046137708953314
0.10123490359993634,0.21484322580167883,0.004600584680987097,0.0001510098609533172,0.00047726156427955953,0.0004005640195560107,0.0006717548666092059,0.00115413052761124,2.7644675109910453
0.12606938522341138,0.21628646976038654,0.005698658925781007,0.00017843691481717706,0.0004927236065452226,0.00038948383779975826,0.0006990691760964629,0.001460135081433801,2.900200638119315
0.10450561975453429,0.22556640917429163,0.005072871940726343,0.00014911521241158069,0.0006874779423608364,0.00037769741648361477,0.0008639321305121278,0.0016970224755112906,2.558824239092596
0.09491135399514783,0.20517418166197846,0.0050310903087152645,0.00014156312639446858,0.0005680850094223116,0.0004264414960293189,0.0009952824932260467,0.001704410762158949,2.6182413187584537
0.10167905502381876,0.19153599587594553,0.004759728217374542,0.0001493601750826271,0.00028623888214885144,0.0004486897780298138,0.0007456272572522071,0.0015249784770853619,2.772512862752468
0.10217717860050907,0.20133616972410195,0.00559666308284563,0.00014551635301036686,0.0005245990899347481,0.00042320641024638805,0.0010815828799927846,0.001941386819263612,2.6993575151706217
0.11904785893946354,0.22834433735011364,0.005702058412750587,0.00016958561506458884,0.0005311955346324053,0.00052284055766761,0.0008676438120842989,0.0013634986893838906,2.9113546040604166
0.11350574653906141,0.19085896237341687,0.005147057819985998,0.00016780130461514396,0.0007875150177560334,0.0003763683453274835,0.0006046768621896877,0.001524708103023818,2.658640925553772
0.14583467345351525,0.23497310850329167,0.005006748829535173,0.00021990555731482458,0.0009343202597573045,0.0005075350179278679,0.0007540076086518014,0.0014175369538057024,0.29827628612215196
0.10567019430792571,0.22090578983784107,0.005955943038122867,0.00015695333481042454,0.0005650489179171277,0.0004103128722127822,0.000784755975722183,0.001171321242476154,2.558064700673597
0.12999189833401056,0.23405497779482304,0.00500143366429852,0.00019001470971881005,0.00047650495917515417,0.0006976829935168859,0.0008862682149211991,0.0015293760843233866,2.7260998180643985
0.10086335443581598,0.20116604019161435,0.004231575679333015,0.00014786873356087993,0.0003873934697468487,0.00025056196229388786,0.000834105260009154,0.0015559403196943754,2.4123824752741356
0.13249618850166042,0.2466883241302277,0.004745228250054397,0.00019510298907767732,0.0003175521213507469,0.00040341112422198464,0.0006989091345178573,0.0011801522143444,2.754014453673183
0.12832839193541992,0.24150611867668745,0.004624177582153037,0.00018335863941225508,0.00023131593561488708,0.0006080292212052048,0.0008956353462673847,0.0016844262399712462,2.3973523591678987
0.13874652680464306,0.23466077431767549,0.004549628006838187,0.0002018155043246678,0.0007452218043007428,0.000547799506771902,0.0007471365126187545,0.0012486198182213731,2.845647004810917
0.12489607515410527,0.21573192646230088,0.0054025370602902335,0.00018412304411784153,0.0003159888227699215,0.0003891314506838534,0.000706130403796457,0.0013065415632654018,2.491673954004623
0.10827107721209722,0.19748064444486557,0.00474714028646465,0.00015424971248085832,0.0003826456399254204,0.0004849444655886763,0.0010772888005942712,0.0020204424897051604,2.2732422962512215
0.09851097767034031,0.21687562245163816,0.005014460926686024,0.00015322196129828334,0.0004832526193277663,0.0003516476930598893,0.000792157181937444,0.0012902434245651837,2.6793695350450344
0.11760802802180521,0.2259424577119448,0.004745573078792415,0.00017253810711343563,0.0003994297001001287,0.00035292691161987647,0.0008436002908310188,0.0013640453459790953,2.6090924732810046
0.14182666097086968,0.23574756086710977,0.005080005611244764,0.00019908086530333124,0.00046064859630896035,0.0002871220472776259,0.001037918625132703,0.001531024965656468,2.804635900298895
0.11433614636092,0.1988752579561271,0.004366579075284962,0.00016480196915994943,0.00023893009585289855,0.0004182852879337217,0.0007213053150164296,0.0016778556340322599,2.890939194424144
0.11466178557713987,0.202120323217913,0.005407987632568381,0.0001660761605018217,0.00028453824815429863,0.00046766834630370736,0.0006532305459738164,0.0017325823653442575,2.829940968788656
0.1329612058612565,0.23009052570530722,0.004889919733561052,0.00019155287571561146,0.0006038149113895068,0.0003337445083083708,0.0008596125922716432,0.001226455901021814,2.2568406692191445
0.12431973774145866,0.23043104044901305,0.004476935119914889,0.00018575680435672324,0.0006053385249354026,0.0003344080508896751,0.0008890674917964331,0.001521042488285353,2.8322861982331684
0.11600911968473607,0.25717440343103776,0.005520639486094366,0.000166607523475334,0.0003240928459332653,0.0004761000605216466,0.0006953932189447742,0.000948478361162626,0.36173276619495415
0.10419454143085022,0.20629173270867976,0.004684476353902488,0.0001560355679987125,0.0007361501063289357,0.0002585677072083469,0.0006096701443313473,0.0010678937515865806,2.5522274696890337
0.12358927936646712,0.2073254153198966,0.004681799227890015,0.00017484374224489057,0.0005299596796654126,0.0003777061870018298,0.0005240228466444008,0.0016003527323837936,2.879299276669214
0.11646197809814432,0.2079029995110143,0.0046020162975156705,0.00016918639156125793,0.0003750936655029958,0.0006205046664635752,0.00102294232718373,0.0015759651093549395,2.8926868635071132
0.11028505630983537,0.21917504584139952,0.004904454725322802,0.00015870775555254393,0.00035614003712236943,0.0004750281121101452,0.0006890954415212208,0.001277452160592307,2.3943547489972468
0.09994403103791763,0.17038323912434988,0.00493753800782996,0.00015111425786660138,0.00029928503848896293,0.0003351830766093412,0.0007176173149702755,0.0029823685631712882,2.6651302137508766
0.10958010880558836,0.21891188609010212,0.004675512498988274,0.00016539264022927359,0.0007687969776202463,0.0003518204708546118,0.0008250958654470524,0.0012700434011722753,2.52549886902969
0.11644850421764237,0.21374819774150938,0.00481432357850018,0.0001646140296048603,0.00043920211180873835,0.0006627814506088021,0.0007634882274723195,0.0014581395899755914,2.8860291027356895
0.11809320041422608,0.21632751283106838,0.005163451172957875,0.00016675061706733447,0.00041911572551900963,0.0003551187576458944,0.0007361615636184696,0.0017909809470137163,2.475272352591062
0.1351820979757533,0.2068407903816056,0.005359982352838086,0.00018722514249905754,0.0003273852664047244,0.00036951375785540866,0.0004857045971703563,0.0018036205832610154,0.38409756409398327
0.11302452721508591,0.1993921033909165,0.004601897654649089,0.00016610449150474373,0.0006654649572849907,0.00049612414848881,0.0010163504343677246,0.0017665190829938148,2.786246712242858
0.13005390930794933,0.18952676536252813,0.0050021572651820145,0.00019096790268914715,0.00035151760660837174,0.00037013937542152635,0.0004312569106269089,0.0011856179741219382,2.7656825806084164
0.11960235658270144,0.23653651808524,0.004508545253998124,0.00017308450920431806,0.00036712759764298965,0.0005323511711677927,0.0009450554524632596,0.0013360930445016788,2.73819562201342
0.11377888740243668,0.20637607904189398,0.004819969700170597,0.0001700835962439042,0.000476918163844873,0.0002665038511683836,0.0009721551149614085,0.0017520206897780714,2.7750008132123294
0.12421031141821029,0.23658392075020354,0.005142789202661407,0.00018085293441472776,0.000634054986653104,0.00042886323530167927,0.0009678594587088504,0.001227289847388098,2.3804728793406578
0.12371240865302334,0.22040458004925553,0.0042050707940526144,0.00017276174659847627,0.00077780108721546,0.000659790200802213,0.0008754637401510423,0.0014132228858357112,2.642729655871541
0.11446525436539264,0.23031301580170704,0.004574733857272627,0.0001733354272760835,0.000821464901615315,0.0004244179384975867,0.0007111796225084524,0.0011167683138802243,2.518349746732169
0.11722454487289213,0.22656404715814243,0.0049696916051159895,0.00017565065589218303,0.0003286720158355203,0.0006021555061861015,0.0006849694514727069,0.001332023383992926,2.8086326519540643
0.11743993150315611,0.21045037485352414,0.005045323543291804,0.00015794924105322588,0.0004178755240305211,0.0005224357431601323,0.0004541731792852,0.0010189098861726389,0.2820097476640422
0.13681360904339673,0.2206546017303973,0.004919330792595417,0.00018883565462336123,0.0007201587974831518,0.0006429802849154581,0.0009160830200806563,0.0015365745597476874,2.832182323509555
0.11791785961920781,0.2196580798903056,0.004865905300743882,0.00016579008824173127,0.00035304998245230075,0.00037418798989231563,0.0007892227617212363,0.0011628802585952728,2.6006352987362766
0.12535612400214058,0.2425626699459101,0.005548991446676555,0.00018172114651295477,0.0005425862467442113,0.0003717723443304679,0.0008415005039374282,0.0012067785369537433,2.811213303427678
0.13392547568659333,0.2282840051055301,0.005150105413553812,0.00020368680226289524,0.0006107515546783254,0.0002481668399526293,0.0008537358752458901,0.001397758319488104,2.595045177667466
0.11246167964261579,0.22209447688929224,0.0047621485181215855,0.000164685734506857,0.0004802058928480482,0.00039098140562001115,0.00076419987193233,0.0014093152015631151,2.2255490247924894
0.13267789599252136,0.22857263854875787,0.004619477569543825,0.00019003986991267182,0.0004559621796426666,0.00034281229140384486,0.0008327857449739639,0.0013184254358006762,0.38420526499642504
0.13087144194801792,0.22598077192712748,0.004834491270543525,0.00019872240222615305,0.0009137198879165544,0.0004223525726619143,0.0009410488851614424,0.002821996666757176,0.6235334636834882
0.09151019251098798,0.20340866675072716,0.004998334617079115,0.00014161528861240033,0.0005479960329612808,0.0005200216558598679,0.0008805750965571451,0.0016832116014084855,2.625592602506923
0.09912865370290572,0.21341132884795005,0.005101637655782236,0.00014549662123743037,0.0005970103355441129,0.0004192702659178345,0.000760277927262072,0.0012944580843469188,2.566868025632411
0.113519984482119,0.2009219180281155,0.005272270996373632,0.0001596295090189249,0.0005781332261435163,0.0007637254303922764,0.0007107134426516877,0.0019632560023327035,2.91311253413511
0.12201433489130235,0.20833839930184142,0.005062510705276846,0.0001705568740139943,0.0004080969212632405,0.0004298333366547471,0.0009376746538326688,0.001840161646361259,2.8809059354230526
0.12527420969447975,0.23578586020578118,0.004533726392408025,0.00017301779858963417,0.0004185294764855575,0.0004690721094339449,0.0008539762365387562,0.0011614608716795016,2.7350940539018653
0.11506722904023173,0.1930879273788432,0.004605022687576924,0.00016318078919747708,0.0006474090182913839,0.0007602024831944602,0.0017721788733097185,0.004480213905235148,2.7958634280311894
0.11503627278998368,0.21521176523246807,0.005163725892636454,0.0001595578486202922,0.00040272222793411906,0.0003969185642429124,0.0007582196794271938,0.001403256987943759,2.8895633175703286
0.11735952321499125,0.21252845580859378,0.005145237410948496,0.0001811250505352487,0.0003353564481664244,0.00035413616639084155,0.0008911446864183695,0.0014559941833337219,2.7768928704711384
0.13031360531355948,0.22959068208552738,0.004527901702378809,0.0001831896490466548,0.0004041699670724637,0.0005901902105822003,0.0007609877719666479,0.0012346911556878391,2.837370024335021
0.11548466484937914,0.22965721268049324,0.005096210001722874,0.00016971621694625473,0.0004401556886678579,0.000379908445895334,0.00084613009417848,0.0013740623548483494,2.662365920009321
0.10968602716020197,0.22617972349842586,0.004470324749585464,0.0001612518842164966,0.0004084414674782574,0.0005582860724523967,0.0009102068519946668,0.0014699497946905457,2.5159912796060437
0.15144534730328768,0.2751309629319296,0.005720182759779267,0.0002309266090254077,0.000356382360735526,0.00039934273040638757,0.0008172721034868454,0.0009976817127034534,2.891279257140614
0.10643673775964704,0.20797672375227844,0.004705957858202765,0.0001553289588677549,0.0005648842113748791,0.00038667988957496725,0.0009378140616627544,0.0017769208914647093,2.3356689922149045
0.13967690101419417,0.2316974124838908,0.0053885059166430575,0.00019896876043482584,0.0010013773971991075,0.0003310095292319317,0.0008563772690511488,0.001795596728446023,2.0154515302703633
0.10528440332680127,0.20464493725117744,0.004346631709443315,0.0001471674327198647,0.0005355890407702655,0.0005198564534280871,0.0008230595763745775,0.0016441265262308266,2.451686391838051
0.09961125023398389,0.22745645851512442,0.005275515291595427,0.00013708954480186068,0.0004272740120002363,0.00033775350959292834,0.0008207063254955143,0.0012254759962439265,2.5519340907893944
0.12276056245190381,0.22313540830706546,0.004514199030245111,0.00017138295261157817,0.0008295404453112766,0.0005274723856534083,0.0010140255319191058,0.001653172284184666,2.814904064809899
0.11560618494753416,0.20348714946465046,0.0052662122113957335,0.00016987534546719852,0.00047010636597266117,0.0003830006226160397,0.0003055614436398767,0.0011654574754283219,0.3022155458783992
0.12038468559184884,0.1829027965594428,0.004382939647062132,0.0001768783515028364,0.0011232872367055726,0.0007399320226286853,0.0013406503462026812,0.0031822430521027873,0.5235217729119382
0.1067019183007541,0.2154909935624111,0.00481122953216945,0.00016071146913474176,0.0003729856420724033,0.00041339877462269714,0.0006913396925075295,0.0014427350764460915,2.496159164534393
0.1142603558577197,0.22360425966280006,0.004638981558018479,0.00016066311402700704,0.0007621649836424025,0.000505958678055853,0.0008431506648794532,0.0014609645362778994,2.600404397796854
0.10269358862996786,0.20576358287609853,0.0046109708206714,0.0001480760053866954,0.0003650078468539312,0.0005653964239870301,0.0009236622998204971,0.0015441556013713283,2.696378369169844
0.11393374045833225,0.21621292461094652,0.0046624896177148295,0.00015168060152690965,0.00026229674024584777,0.0003239653411683066,0.0009313677698047224,0.0015494563856707205,2.5979729081595155
0.11618643626271294,0.1796061587724598,0.0055852459068686895,0.00016579998774153738,0.0008318091537174888,0.00040054421222654777,0.0011550506973736104,0.0036221658761129063,0.5464582453441365
0.12597669953710408,0.22967360657372285,0.00532219077197863,0.0001748358319358994,0.0003666166449463413,0.0006879916738016183,0.000697045111018891,0.0012931203824315168,2.695501208830689
0.10190720096026726,0.2074857788811502,0.005188448077186693,0.0001522389538883784,0.0005256857309396161,0.0006992277100928563,0.0009287383325417819,0.0017354370101386627,2.87942387634074
0.11376764017634536,0.24844562739310483,0.005543351796818896,0.00018065444500674313,0.0006203335688413387,0.0004362921337234222,0.000791782088075892,0.0012619814955143896,2.7464193558707555
0.1324501478747878,0.243910679225022,0.005349024953334898,0.0001822144990088735,0.0003645178559716893,0.0003878169394137041,0.0008852904145624677,0.0012849791207611208,2.715717511872982
0.11966507798577898,0.20916173485464165,0.004329035864454658,0.00016270068312859465,0.00045134103877958183,0.000526784678992665,0.001036501386763498,0.0018359683893068568,0.4011989706968728
0.1086714847340954,0.22008870420396315,0.00510041296145524,0.0001771635796308716,0.0003653753053911579,0.000751577872322689,0.0008905942864481685,0.0015448934284240478,2.735166361327492
0.12640459891989428,0.23203616133536506,0.00546222786244756,0.0001793089050965869,0.0003901764564316669,0.0004127391170275224,0.000678391583359129,0.001196283167260831,2.907235375757769
0.11693984033187928,0.2043500526338745,0.0052374101368840255,0.0001703931068385096,0.0003073967178809684,0.0005715965382607863,0.000843143443448519,0.0018988590250359396,2.7471500309442507
0.10037199147749049,0.17047729085116572,0.004925932144712743,0.00014460348578440506,0.0005487516760573621,0.0004196500642502586,0.0007055620287319108,0.0028704742212269743,2.1504175556410416
0.12095390078807677,0.21305899219494073,0.005419938150823697,0.00015688148126569436,0.0004174387332808963,0.0003246740525512909,0.0007819132164988523,0.002002285147658833,0.42928558348251633
0.12336036707375296,0.22071135607589495,0.004949437782881951,0.00018896710119433395,0.00095142536977219,0.000640098485534769,0.0007264012422014129,0.0017319165336459,0.759358370202129
0.11507230143547197,0.22086313709383842,0.0052441428246867245,0.000172653546412512,0.0005056464078997463,0.00046095598705979467,0.0007855236231840873,0.0013933526167989258,0.36985982513588955
0.12154319415728247,0.23918011088664615,0.0044254869636259925,0.0001608106584075044,0.0003962611525765106,0.000409295575093741,0.0008633181091959523,0.001221272280917596,2.6862763563425642
0.13010720592307867,0.21885376502059395,0.004337516100706438,0.0001855235213264152,0.0005312031551984621,0.0004175249066719954,0.0008843579120965436,0.0014754757366514048,2.592907362428298
0.11442175320991131,0.22540973086011873,0.005079015854913635,0.00016126609846481106,0.0004212046740331273,0.00047210289510894645,0.0009090906463044421,0.0011753219767202305,2.91522520370055
0.11769846775713426,0.21187625189573137,0.005286535663627106,0.00015924299906607212,0.000415803346210639,0.0004140968198118761,0.0008461933587546062,0.0014559117165251956,2.7962934662136565
0.1070899151101866,0.21147950857374131,0.00582788216363996,0.00016155230228449241,0.00032376874674824445,0.00029194269836381063,0.0007232725623320546,0.0013339494407755858,2.894945960898874
0.11322809976585267,0.21675798745951252,0.00485259149009016,0.0001633247884613175,0.00043278653216674714,0.00033329086986230716,0.0007449178272677895,0.0013322866674840815,2.716316807740287
0.10089182166666467,0.22312169949218863,0.005497150685221323,0.00016013877821179274,0.0006376662409585757,0.0004178415519458927,0.0008358036714889933,0.0013040245444409207,2.4645043021181565
0.11843646583753396,0.21226137317549695,0.0058700992496368105,0.00016739283818801283,0.0004107944793496352,0.0005247254681407703,0.0006349433300787295,0.0016851882628882704,2.8333938572537267
0.11119373289466265,0.20417863188834645,0.0055001892637421305,0.0001675519015407362,0.0004678099556951679,0.00040968350609589033,0.0007902680718205895,0.0016592732393176633,2.708690098946751
0.13008657912632202,0.28473539274415033,0.005116535165733508,0.0001886773930098976,0.0003179798554041216,0.00038884106214927917,0.0007299541615796492,0.0010120381770627837,2.810603711363905
0.11146720017316533,0.2067146126594671,0.005498591766209058,0.0001649641214352537,0.0002648277761310318,0.0005434578177171933,0.0005904304328021875,0.0013245954665215738,0.34385268767652766
0.13906390980405872,0.2269134840541578,0.005304239282228379,0.00018516392006700662,0.0003160880909910644,0.00037736671853550363,0.0004449467523611495,0.0013141175144606393,0.3299997653460617
0.0947782001739382,0.1911662407555349,0.0047654732946533366,0.00013214704359794982,0.0003777653803559165,0.00046185493013671395,0.00029615858908801506,0.0017239689590854328,2.3229839288819933
0.12653257467044646,0.27631988975372657,0.0061250606606144675,0.00018056749891457173,0.00045155464628270027,0.0002662303885479952,0.0007997731219490087,0.0010868522013112052,2.769265109978799
0.15018249105510376,0.2140466931988327,0.005107891823167643,0.0002047913351861136,0.0006075375896547955,0.00047383589799693325,0.0007121653429567557,0.0014170795945516825,2.8884954667748244
0.12771661522974864,0.21593608073567583,0.004442700144514297,0.00018706395699449402,0.0005813436620165079,0.00046816437828905934,0.0010969253360080878,0.0016671414453330868,2.6865753442512412
0.09610049068806777,0.2508928405343471,0.00634500786631114,0.0001553544471874695,0.0002760285255820942,0.00019906044205665775,0.0004798395896810748,0.0007385980700873458,0.24563326772404376
0.13074519193558898,0.20720403783849256,0.004646483927713952,0.00019171566284826734,0.0004358173678439796,0.0004319855598826221,0.0012280543634040073,0.0018290305743707909,2.8176725454350966
0.11994260630707147,0.22618963920301835,0.004439522744073283,0.0001722425302057095,0.00029837768098191664,0.00041908186688166467,0.0008027199907127735,0.001440422512054366,2.8823299101170337
0.1362889977502626,0.32295450617946925,0.004567495081582011,0.00020699269504623796,0.00017729636729290908,0.0003614655188052811,0.0008653874668371714,0.0005990519481808188,2.882952921920003
0.10766501891222167,0.18774508738021053,0.00581533066042237,0.00015533291283594195,0.0005077366207887836,0.00028962161548607286,0.0004759430871200519,0.0018222919914207196,0.36364970202553776
0.12846870328948326,0.20541412434772033,0.004192143474931336,0.00018711751320606195,0.0005762644371986054,0.0005278486234439007,0.0010102823257150846,0.0017365650847157815,2.5023017406683734
0.12282124768935565,0.21543625941622804,0.00503123423976124,0.00017962088200091148,0.0003866465247610499,0.0005278863117158085,0.001053743121999283,0.00157538498917019,2.861911935607051
0.11730589385044703,0.19240861035574677,0.004264634148300017,0.0001650072553071988,0.000966604272906025,0.0006134518793292858,0.0018103406795927136,0.004196383519168031,0.5517201172398553
0.13220921073729022,0.22758219139425945,0.005926509842108208,0.0001939336467814819,0.0003474062229136012,0.0003811207912157476,0.0007169031822640682,0.001021565071995333,2.9007284580038615
0.1232594120076592,0.22932472850196395,0.0046186435524526795,0.00016736697266179346,0.0004374653556094689,0.00032189187284488376,0.0008302071207791727,0.0012685005543858487,2.6413990663853393
0.11586992502308509,0.2097009341683544,0.004428295292165332,0.0001676753104568369,0.0003721981758185913,0.0004096355109393743,0.0006389836658651313,0.0015599963105868754,2.3864781720481556
0.07874672069971968,0.20377167259952586,0.0052480630035871756,0.00010713614297701838,0.0003719976256240598,0.000391027770316977,0.0003102752476538331,0.0008404348042141715,2.9155481997552655
0.13271568037986733,0.22687562436710254,0.005332245911449869,0.00019324475828679468,0.0003564407306797125,0.0003769249817937302,0.0008669472289718497,0.0012678835067072981,2.749055041767338
0.11662902598026315,0.19714472360989588,0.004787453357400027,0.00016883065233131673,0.00038235371650328454,0.0007492081287223224,0.0009101919220865773,0.0019375818980629637,2.703561915456136
0.11621484520358533,0.22061476320340906,0.005401386513200411,0.00018068156966809528,0.0004146398733059696,0.0004953695984677379,0.0009146394528767798,0.0015964377563552567,2.8158108699501128
0.11985532234188881,0.22361264487524804,0.0043174199165395485,0.00017531865546792548,0.00045432525880897317,0.00023624688181207945,0.0007310121171118978,0.00130588500538656,2.889767371624621
0.12225060830191227,0.19692259255508304,0.0049851353223059015,0.000176174241957337,0.00022946723808426524,0.00033998732991337525,0.001482984213427409,0.002565996608947538,2.7017740845008045
0.10354857088725716,0.22619785711726403,0.004971053932338805,0.0001472601691966516,0.00046560741983081783,0.0004897850571755449,0.0008032466163417,0.0016534081709913496,2.691999605528407
0.12241753815830861,0.2113363034107697,0.004712236774408742,0.00018054192473492562,0.0004958617132844397,0.0004172398867836666,0.0007808769415724934,0.0017070173835873914,2.6107973288037742
0.10072196060579981,0.21987230734765642,0.004245851157423331,0.000156998803721261,0.0006110297957495717,0.00045833527688417426,0.0007141507492486872,0.0010836869075311264,2.406105529113207
0.1354856097362135,0.37317980493524006,0.01126908116345676,0.00021911029507367072,0.0006024700212677335,0.0005059665723877496,0.0009931382375251616,0.0007182782824100998,2.785430121995978
0.11696191538858387,0.20948680398240468,0.005567843566633601,0.00016206221225124488,0.00029948647897601414,0.00042892096401690955,0.0010784402048189614,0.0019935442233252796,2.8498050523659755
0.12699449140386823,0.23294053595606454,0.004492887268392971,0.00017633076218456672,0.00036819280796991893,0.00033394307908121983,0.0007804659073343054,0.0011020169979387914,2.4784630455503245
0.121857075718822,0.2197200160546755,0.005070999089539325,0.00017310248615483656,0.0003742545745963371,0.000388934805624465,0.0007746841395465585,0.0012475069266739136,2.5363497155387145
0.12219634353333685,0.21754971554210792,0.004874112924560158,0.0001849390218730347,0.0007141051949295822,0.000404539419932023,0.000729852381126716,0.0013353940034354671,2.660929407694496
0.13752871609591455,0.23123068035867672,0.004937503307388924,0.0002024796011714282,0.00041218838619346335,0.0006890750821639289,0.0006932271069417598,0.0009718264488733815,2.914542798921715
0.11910758963454296,0.21731890002695023,0.004762977069824985,0.00017458879472747875,0.00034552543489174686,0.0003216028600455614,0.0010061966146431465,0.0015852912845238805,2.6574251798161854
0.10454235214620611,0.18885199306580258,0.004616038311592511,0.00015812755187053369,0.0001999395071422091,0.0004552189923571079,0.0007473777612764331,0.0019800239677387173,2.577961374734718
0.10008145115708603,0.18596970575974958,0.0046847265974264765,0.0001353941778253907,0.0004009890767878152,0.0004305281067301809,0.00130293793527163,0.0031640667686945083,2.2086531999028876
0.10416599729095202,0.18780173355627885,0.005049677607142624,0.0001581126857703014,0.0005014387038712416,0.00031477563040444554,0.0006540393004099989,0.0015943432821558165,2.566239879443896
0.11523527858152918,0.20870875903033942,0.0050652119941101146,0.00016441545016603122,0.00044338655003744884,0.0008081657180780854,0.0008743630168212068,0.0016087051791535412,0.3645704277322563
0.12310993598837308,0.21193852692492018,0.005127644037303566,0.00017466348642887627,0.00039023335312553264,0.000430198764554891,0.0005716799712394194,0.0014742662671253233,2.6505760151497153
0.14548865908116962,0.2491222951422982,0.005503735886946589,0.00020950652768264637,0.0009613085779197596,0.0004916396563097637,0.0007373274446030452,0.001375958602130692,2.655013752257
0.12061492332258483,0.22549841447420604,0.004779540495579598,0.00017309567956914462,0.0004400058646420748,0.00046783476250102487,0.0007809349173105921,0.0010995300438110095,2.5113034743165903
0.11868992057937369,0.2084098846339044,0.004727390357889786,0.0001633336013439133,0.0005886836282517548,0.00042136553066548664,0.001029022520349503,0.0018992930438664474,2.4310865949544125
0.1035237651353351,0.17568017947034165,0.005205989614895327,0.0001522025482290148,0.0003778490805121645,0.0005066066558624614,0.0008708094461302198,0.0030341374176306103,2.722522868486844
0.12806661705536584,0.22394200872180828,0.005380274463601701,0.000182986699835777,0.0005286031362716898,0.0004446008143601036,0.0008572852059361144,0.0012924986631138243,2.8371940451805844
0.13098102049365176,0.2228748534967133,0.005222341781369705,0.00019029554265669903,0.0003323197013618761,0.00030678241720683924,0.0010697451084151995,0.0013960930866781707,2.8641598766267804
0.12094303112836782,0.23312003002979725,0.004824334276204917,0.00017021321959511304,0.0003110496894315869,0.000416521752775122,0.0011607271424046637,0.0015307132869418006,2.6367828019462873
0.10608106433173156,0.21999057991322818,0.0049150263519839935,0.00016208111803219308,0.0004883076694344426,0.00047688118541666544,0.0007856014262893063,0.0012894169621857927,2.7402213389688153
0.11869032133603931,0.20011589770025734,0.0056088678993052275,0.00016732054208565795,0.0004254864176064514,0.0003597924811324548,0.0009227748299161789,0.0018821499550211453,2.4515948946048916
0.1086333859396814,0.18235303327771257,0.005089139614979085,0.00015235177541568138,0.0007737226728747306,0.0004054939016138186,0.00033599544933084137,0.0017899860575445717,2.3647938270233313
0.11392268434095475,0.22594720287277154,0.00511906188882691,0.00015339598909113868,0.0002821049785583776,0.0003770933031793411,0.0006880060824092971,0.0011494454821453439,2.924717349448428
0.11945816863933857,0.21697701283251514,0.004946696849816313,0.00017739140683683754,0.00022455803293142893,0.00048624583343673716,0.0008993519077641582,0.0015457334461417718,2.576522963882133
0.1017337801195378,0.19807203531920378,0.004805626504633094,0.00014197636761808364,0.00035817197349982227,0.0006464327839553888,0.0012925285811827894,0.0019959932906062163,2.9330611114701557
0.11770334782047634,0.2253992179989177,0.004669982880892323,0.00016454609945094963,0.0004519136520703125,0.00032359214407093464,0.0007348576318968416,0.0011913730287262292,2.8691020971840433
0.12994451241194546,0.2266551399163107,0.0048574449345102945,0.0001873423718483567,0.0009461169439289992,0.0004360223938416551,0.0009240628229174904,0.0027718786995055327,0.8541941921080007
0.14610137377820423,0.2351542594655337,0.0048064547386547215,0.0002114196224959327,0.000978814732876004,0.0006208775542391944,0.0009207361420229181,0.004290965972245936,1.623943926613779
0.12963408631672435,0.2332510558238669,0.0054653476360875235,0.00019530938285980732,0.0006161744161815968,0.0005924124538862737,0.0009053405228076754,0.001692379167693004,2.691040572503324
0.10825577579303607,0.20031201725616507,0.004898690475178624,0.00016246881982655818,0.0006396813776743537,0.0003833757309777902,0.0008861548651472104,0.001615392124015487,2.6355917420066253
0.13155607344638584,0.19582025821095012,0.005626885231741401,0.0001849247252532624,0.0005821189719125697,0.00034516135787574355,0.00044063446348664877,0.0017450010650646485,0.2502497769371964
0.11975194506598766,0.19650773425667406,0.004641887428809811,0.00017637731327209703,0.0003219862726362253,0.00036852095947147563,0.0005746901252379846,0.0016068362908069724,0.32107900345496854
0.11620253679654065,0.19933215398522847,0.004495478385424123,0.00017585242633812683,0.0004918643999355235,0.0004935660746478277,0.0013273589160947361,0.001967741287563821,2.919098235137671
0.12162110946513015,0.21911975713889714,0.004659687377400051,0.00017858052594721779,0.0005342305192384088,0.0008255323788991978,0.0009180041485631555,0.0014952972974908634,2.8300719602597493
0.13281926508737302,0.20655664491928324,0.0046467005387335215,0.00018847962317380728,0.00041672497432816057,0.000381357854352263,0.0006195984322565703,0.00135260123493585,2.8794625630076105
0.12176020042252522,0.22559420876211828,0.004711334548493432,0.0001682799234203235,0.0004959476569797719,0.0004911490953557647,0.0007872010735339696,0.0014668428546409634,2.8129439450808174
0.07919095032622837,0.270519223464373,0.007036078261854315,0.00012873286447357652,0.0004176029014125691,0.00017953465409149052,0.0005598789659629867,0.00062260696532251,2.933901683369422
0.12298329452652912,0.23970516967443245,0.0055427793617016,0.00017630853130943096,0.000280255216816795,0.0004301132408190634,0.0005317678434471471,0.0009236147360397584,2.878705095197092
0.10659223693098657,0.1909362971274632,0.004414198780545724,0.00015145536231999564,0.0002647145676961018,0.00038606651673879093,0.0013575181824813382,0.0030051296544179817,2.5726233094262407
0.13038807902016564,0.22133480245254256,0.005087990619575132,0.00019034747426836059,0.0006157299805688315,0.0006818641958664528,0.0009271090454022049,0.0012055606442625294,2.3699156913127135
0.1163693251399829,0.21591346655688273,0.005142321210643926,0.00016669494211620214,0.0004832150973032565,0.0004080795064708836,0.000663068639740473,0.0011310473212760499,2.257745639882767
0.11226264689566962,0.2957883883437578,0.005988242452088077,0.00018307722598982367,0.0004979985388377135,0.0005070289203748222,0.0006933335211364996,0.0007543140441175811,2.7381602545422306
0.13398232532723714,0.21780678177006066,0.004459942821509152,0.00019289036584493123,0.0010262154685800775,0.00045498668934090657,0.0008127241802244829,0.0019199450631139077,1.935209280149991
0.11992002343239953,0.2108534265473512,0.004800795773582388,0.00017940651815250802,0.0005104428674584235,0.00043461054115162534,0.0009719784507668076,0.0015259408621604623,2.8862228387062556
0.11339112990882312,0.22158694304781637,0.005164268946609065,0.00016220250898901667,0.0004800425901131224,0.0004132146634641777,0.0007089761583451165,0.0014439928404525117,2.4649965534511753
0.1199298006665151,0.19139132443451015,0.004873426114794166,0.000165767791979317,0.0004564051621590046,0.0005073395124515166,0.0012383793195656601,0.003341114204491111,2.7316707131475346
0.10892738274074143,0.21991264868579188,0.005607564549057452,0.00016610052011066737,0.00042904433530933244,0.0003085848552690932,0.0007216860250113862,0.001062132949339398,2.6296997384145113
0.1164286412928263,0.21935244223765407,0.004773877024898549,0.00017061430124113718,0.0005479111025967149,0.0003087747324738887,0.0005807808111703884,0.0013143936826298082,2.521210109677151
0.12176599042999318,0.2155016311783476,0.004822925512395587,0.0001731710174090384,0.00021920424216965406,0.00037961391030567817,0.0008132686278114553,0.0012836701096759487,2.8095594052775703
0.10855829573204298,0.22361915723783723,0.005399865743831016,0.0001551481975832654,0.0003225242451812933,0.0005241759096742083,0.0007921831070931362,0.0012587557605506102,2.698675642331154
0.1330544406576038,0.21646381175206084,0.00566616881539096,0.00019554616254156934,0.0003171686544524304,0.00037489371354874505,0.0009788683007016644,0.0014965347477604808,2.700528863743927
0.13582853992905047,0.22993898277934247,0.004873992292137547,0.00018666994737227753,0.0006295372589819959,0.00035016377015479743,0.0006278015823997065,0.0009355709782072833,1.8933910943213716
0.12228044011687986,0.24103879950523305,0.004896321580887259,0.00018189863151948503,0.00040458494951597966,0.00033815314348271724,0.0008088772450571718,0.001022618455107195,2.784537860143297
0.11890304927733598,0.25128157185622557,0.005644929287989295,0.00018040904832018764,0.000395047636878098,0.0007442957564073665,0.0008221673580255905,0.0011499902034991219,2.644490231414215
0.12351332002089639,0.22141441675265264,0.004666371240223884,0.00018279765379330626,0.0005743866752467331,0.0004985455499855575,0.001107042249451911,0.001496661239939075,2.210015373459549
0.10172506976936843,0.25077555323541606,0.006442825873952131,0.0001511524443472381,0.00029335886876684706,0.00018779266520417052,0.0004497526629564135,0.0009189789708755118,0.23400138590048145
