0.034911578386944656,0.03588398789187049,0.0016326776230942816,0.00016951052553217978,0.00032831923702929223,0.0002886167765251888,0.00033427269209276286,0.0011282805880731238,2.611253111681728
0.03441413215384559,0.041655377439186514,0.001854382352921157,0.0001636766435964301,0.0004560369534616998,0.0002252755319166603,0.00030548099925567263,0.0008146054266019197,2.8600104258467987
0.03710542414689333,0.03738992741791989,0.001686309185122051,0.0001817028165063526,0.0003250146831457981,0.00032273043239875517,0.0002157341199048243,0.0008645070312502598,2.7968586014916195
0.03648038404028075,0.03801864963097382,0.0019026744214325135,0.00017747076038485035,0.0006321894790575738,0.00041963350834982045,0.0002618182707783269,0.0009052561662703692,2.1757957136224717
0.03319888326276844,0.03598668908392063,0.0018756971319922036,0.00016155617349459408,0.0009221532583556856,0.0004924135132180649,0.0004180117114423147,0.0019745045074130167,0.4397601976845588
0.03789130511612597,0.036933518255850756,0.0015517044065153306,0.00017308090641766124,0.000867031814792432,0.0007162517687525466,0.000871329626493775,0.0076839567727781865,1.5292676522297335
0.034587399091600836,0.042494019444251886,0.00204994288328686,0.00017147584612638614,0.0007581960072636612,0.00029547525732079804,0.0002513791340936762,0.0008630732841328955,2.825966692104749
0.03616814170441152,0.039335445819109034,0.0017435362957854003,0.00016522900437323124,0.0008275656941589683,0.0006385795508939049,0.0014233681320967972,0.0069331161074536055,1.7439070173062023
0.0417727330264499,0.04112997282333413,0.001738079737439349,0.00020461491286799917,0.0005274437170149028,0.0004443289521734919,0.00038594203683752507,0.0009994890002462341,1.7483076320382365
0.035296009721197924,0.037943654647923125,0.0020624603760701003,0.00016685392123806214,0.0004926649699256054,0.00038051013838727004,0.00024109132631024665,0.0013349909873549039,0.21846405819645448
0.034238769110544943,0.03621935669621833,0.0017156793856828332,0.00015428921239098582,0.0007165617822375886,0.0006651436023681897,0.0018891099630165692,0.0106997357297578,1.1921032822916136
0.032203895206113026,0.03467533607062616,0.001774865749949834,0.00015084319089759323,0.000714606444748337,0.00038508465618689307,0.0006222881369787641,0.004238027558115932,2.035686110208527
0.031039949855109213,0.036863532523951095,0.0017128167741939418,0.0001465516572722857,0.0008555066305764631,0.00038910303383721435,0.00029708343196292253,0.0020615048751857147,0.36901782298076713
0.03427583016814349,0.03582165788177838,0.00173206584124768,0.00016781669822459427,0.0006442342274313824,0.0004542412224510514,0.0005557001131733326,0.0028768578406672767,0.4695229275315728
0.030284036613058014,0.03719926334910798,0.001662957359946788,0.0001422989457376974,0.0003527571046526658,0.00035974717002830816,0.00021143073914458446,0.0007838568561165058,2.6442938033641816
0.035810818769300666,0.04081373100627203,0.0017744999178464142,0.0001768183398813254,0.0003051243460648976,0.000510781155472779,0.00035712628204953014,0.0008286322730302769,2.8990486924613856
0.036163234344252726,0.03694754406726245,0.0016646629690547166,0.0001756031061236162,0.0002168565808489613,0.00037398500369790815,0.0001722400971482114,0.0009015284686874654,0.15608981187525395
0.03221980932110986,0.03683746805613189,0.0016370638053270984,0.00015133155523357138,0.00043318944544645614,0.0005112061078756736,0.00022211570053060073,0.001595070041001819,2.6001579249543845
0.034282730715448,0.041803252794157475,0.0015593202923931473,0.00016397828808048905,0.0005036123684392175,0.0004172267632540908,0.0002962518481121825,0.0008477847748605691,2.9031369992793805
0.03693409792801435,0.04141635840865272,0.0018177659737901128,0.0001772222043987125,0.000705164864809491,0.000467529455161753,0.00038254903248015175,0.0009238256098510688,1.5423395743838297
0.0356824749250977,0.036341851318080126,0.0015437340188355253,0.00016917777900612584,0.0006548309841736839,0.0005416218959726933,0.0007806672070338954,0.008617873039814178,0.9787391486922805
0.04387496937750885,0.0393789351977555,0.001932350732766482,0.0002146160852235284,0.0006244121232918848,0.0002553263061730298,0.0002977818593815234,0.0009853611121850429,1.9343076427751362
0.032268508710119305,0.0354427839039859,0.0015788712250753693,0.00015063515462767954,0.00048459308794838963,0.0003714693827494768,0.000178504110895201,0.0009663733347829141,0.21031953495181238
0.035040070229182284,0.03472230059758868,0.001807397772725842,0.00017177096094440114,0.001020135944735804,0.0005771243731445897,0.0004688271561659017,0.0030481144707958513,0.5664208819302874
0.03839827311898763,0.03581352306509896,0.0015931774999531883,0.00018828267654274645,0.00034450081127665975,0.0003005645630598299,0.0002440040863382743,0.0008198619704141351,3.0202622359596303
0.03174573479101533,0.03845927583698407,0.0018032531330560925,0.00015276058310938233,0.00041640917261362166,0.0005149464759392581,0.0004735489046625616,0.0013688032209783056,2.7721458077275876
0.03439437743145774,0.0422022132895559,0.0019585773445885517,0.00015909809249272825,0.0007844611586902696,0.0005735924838042911,0.0010283246773276256,0.0095081705313134,1.1406581507191855
0.036916825391511324,0.039622856942489994,0.0017211209059341513,0.00017260954307230094,0.00022998750244724716,0.00027930453335802503,0.0005137293964847533,0.0012965609599730737,2.980489757584849
0.034789573838765415,0.03908817432299016,0.0018699231651383983,0.00016457623742290546,0.0005157883234888664,0.0005108605413274347,0.00039993777483465667,0.001372085739292204,2.9049117167107417
0.043059075384265996,0.04049777845322796,0.0017856261009002524,0.0002035061761936134,0.0004312052171153615,0.0003725335275130191,0.0003101735754447499,0.0009197577716223856,2.976946499089473
0.03622832587453875,0.04189615914844045,0.0017937943128333894,0.0001737364010830982,0.00048000372389700484,0.00023953794256838923,0.0005639204192092449,0.001213816014905597,2.9323293224010625
0.03419090356135268,0.035167321501308677,0.0016419626916036319,0.00015992881512609237,0.00037919265614137,0.00041838926034884315,0.00021056078566144862,0.0018304309103268155,2.219635497302028
0.038479787512333795,0.035315433104438215,0.001537542418290874,0.00019137431307672073,0.0010724592758489058,0.0006052007261074773,0.00044917892182330264,0.0017300068255436708,1.0286933242690326
0.039100873280793196,0.03770432574788237,0.001646661428992159,0.00019245199166286142,0.0011219535873713193,0.0005881504052814561,0.00026984267661206104,0.0011921092778141092,1.6681779460659771
0.036761046545263514,0.0363804853542295,0.001696420529074779,0.00017412590945289008,0.00031237491070818495,0.00025403440556663804,0.00020816639660356913,0.0009420723629154044,2.1222355683861487
0.022630464468108114,0.044512128663884994,0.0022062305359783767,0.00011608397708483492,0.00045565571917243933,0.0002638479341182064,0.0003282011650839016,0.000792285697381319,1.74348340003557
0.03755468667860764,0.03777398658607932,0.0016079265906493423,0.00017955056925217177,0.0006331395325199293,0.0005638874515285561,0.00043337214777554046,0.0018726906456737302,1.1133984316720664
0.03654843116283962,0.04169249345384114,0.0015554282760976614,0.00017844570797074792,0.00046485597869547185,0.0004538393521166457,0.0004004126679508231,0.0010828622169921517,2.2565978066148005
0.041192032512612844,0.038512435097167785,0.0016815019841413012,0.00020000354660079965,0.001067151900497523,0.0005570762228101338,0.00023603282150108353,0.001272296298318653,0.3787075712534175
0.03449656844167218,0.04879781670842585,0.0018277412389335718,0.0001725580640837108,0.0004955421641712721,0.0004250948843462261,0.0003932991371398031,0.0006974915660484848,3.0328226348460534
0.039921339197670665,0.042627729659211036,0.002065599353703431,0.0001930302434318689,0.0004403555592635236,0.0007779257300273626,0.00032729118829920236,0.000869785901748362,2.866031211765558
0.03378277283152376,0.039999943610569286,0.0017445492201195187,0.0001585105551859595,0.0008096313182553399,0.0004508614109549411,0.0005550570972590895,0.001830778845436395,1.9123758958003685
0.03667733509678791,0.04673829070480475,0.0022936599806433564,0.0001847450133292248,0.0004340864301544247,0.0002526420308076045,0.0003268482682224992,0.0008104103597306971,2.6032519588769625
0.035481143369107244,0.040084695526320296,0.0016119454363958045,0.0001757274909435684,0.00025980731756151184,0.00024166917639895994,0.0003314711146215718,0.0008651650821774818,2.909315785701902
0.03631185120747817,0.04103916722159103,0.001837310223408789,0.00016177208500117013,0.0006960011247833718,0.0005507575411295573,0.0019737877218041996,0.00990134210666313,1.7594723708277775
0.030478767051408073,0.03978048701926533,0.00174425448666618,0.00014018666829543566,0.0007043640523846643,0.00023635650276886575,0.00048427182750763667,0.0033699767770644993,0.6503704382558974
0.032928537603193184,0.03583311073032738,0.001733874020131731,0.00015614267373489498,0.0008940952916021513,0.000772403977354945,0.0004100277993116823,0.0029371813380010296,0.5988373731485513
0.03145922770539466,0.03735543551942475,0.0018671506853594852,0.00014527958085357425,0.0003892271195625369,0.0002941001446037505,0.00026602071809016665,0.0008336758883315538,2.8338049385271895
0.035346638183314745,0.04405555690316173,0.0016605515398406437,0.00016822796306215627,0.000272405028777842,0.00019750605747340035,0.00035936941907342674,0.0008033019992778478,2.9087334165408163
0.03600946677371241,0.034139503002821016,0.001701801043129038,0.00016852272392921583,0.0008315560096327904,0.0004992789089758322,0.00039921576891021476,0.002493329966139616,0.48610231147283817
0.03363020142017295,0.03799291803917645,0.0018841157215293562,0.00015974171113805228,0.000729240648915025,0.0005451462051313345,0.0006492351864268323,0.0032285999759189407,0.5271421100966268
0.03668959245997383,0.041870507638713986,0.002181185014305087,0.0001692033954386758,0.0007926101354747866,0.0006942607540827574,0.0013533767738778083,0.00901925847106097,1.8187951100201114
0.03791186497981257,0.042843634606712734,0.0017295503019743724,0.00018091050449787842,0.0002824124005370426,0.00023122313255803672,0.0003591191831615002,0.0007239453149616784,2.9462598294710305
0.03819747437957939,0.03783772655457239,0.0016330746405875474,0.0001854499062167157,0.0010217773236068945,0.0005715496587265824,0.0003068221087209664,0.0014713238616551932,0.7007308053490152
0.03563835235601113,0.03527232861624586,0.0018377447368463945,0.00017209525999601017,0.0012449917371465612,0.0007763570508108179,0.0004597464688763333,0.00277353187163112,0.6715395765742515
0.033379608402269355,0.0363695030976252,0.0015632330388329007,0.00015658094250692016,0.0004838084733108377,0.00043316969097628564,0.0003918648221147186,0.002819022234695596,0.42283351327852553
0.04208937273540597,0.04063495797880871,0.001567532124230735,0.0002057215468482462,0.0012791091249125532,0.0006508654149943249,0.0003670221187629017,0.0018504784109817237,1.3978837667030335
0.04073300740912716,0.04131086807008562,0.0015759885181275766,0.00019650217523935247,0.0005865185492348643,0.0005235598108869875,0.0003534193328295109,0.0007946581046434049,2.006184535730403
0.030952994422228593,0.03619660009646566,0.0017236255899565533,0.00015206866197976353,0.001071276821096677,0.0007982955576316737,0.0004656714998544748,0.0018366252608690724,2.883003343990086
0.03885928609230816,0.041165109800024205,0.0017248189692216026,0.0001893728248816058,0.0009543962741502796,0.0006184996913574908,0.00036757591335119673,0.001050901203011879,1.624142753325285
0.03980152684457313,0.04415397673187846,0.0019693557810906044,0.00019103863076209404,0.0005692286242070048,0.0002945169169271114,0.0003190479692101639,0.0007507214587189665,2.725263800961595
0.032843455509754295,0.04103294004879081,0.0015485475250324686,0.00015591285570051386,0.0005913889842971295,0.0004958074005673763,0.000593351207014397,0.00168371481110874,2.546444224988083
0.0312541491532881,0.03508815618332636,0.0017361356298809505,0.0001527356530208935,0.000407328972120521,0.0002801192123125957,0.00017179450345673004,0.001636546088375453,0.1865152834164419
0.03280071256890385,0.035837482041286915,0.0017489817767119423,0.00015277854878440752,0.0007823562521451238,0.0005798245589048614,0.00047411980335986177,0.004638938924395824,0.7484847011177423
0.043082976024598374,0.03826646953318993,0.0016230452124759316,0.0002077498459250262,0.0005506851035916478,0.00038723782325556096,0.00021308029032415609,0.0008626105159280408,2.337119638508506
0.03775760526840274,0.039377156786889383,0.0016702614893691497,0.00017800291293971777,0.0004269131233515805,0.0002675193583047303,0.00021143414481764606,0.0009313974195802585,2.9364435487085894
0.03524331612649909,0.04263570529452441,0.001621444250480794,0.00017414275723250246,0.0011264594175363653,0.0005261392701393693,0.00042849883421382256,0.0014724276611212564,1.0890606667460976
0.03562262327879563,0.03721779892998425,0.0016661612735126307,0.0001735023081734015,0.0006521723341767192,0.0003055736181114771,0.00024072616137346242,0.0008847842784412361,2.2127499709195075
0.035762305092494985,0.03593357637511313,0.0017645241943246499,0.0001743192969381192,0.0007878341300309206,0.0004573191593689934,0.00044316094288441974,0.0015624284613296297,0.5392673554361725
0.034001736050274976,0.044023236748682665,0.0016944496553323932,0.00016263036101631695,0.00035333959744767704,0.0002871482305174591,0.0003639955260073404,0.0007761430987159063,2.878124590734801
0.03953686810278035,0.04074928808905027,0.0015554046968244235,0.00018702536104631828,0.0005617387373192737,0.0003966659025639368,0.0004305499881571524,0.0011673993975980523,2.7688815285386608
0.03803649527322345,0.04404960032310265,0.0017783145267001854,0.00018450250379498817,0.0005697579829282055,0.000428262315857261,0.00044306433528239756,0.0009392659396969274,0.8799103152819108
0.03673302105636377,0.03515046131148518,0.0016480845965486982,0.0001798929806803165,0.0010108174462241852,0.00040557806439250546,0.0002554620032539022,0.0018563777826624786,0.7686968556641638
0.03654546842006558,0.035280023074398016,0.0016501420996496395,0.00017753932133261709,0.0012736364692956944,0.000796952747495411,0.0004770116385778442,0.002348379728931208,1.1780805333303854
0.03403590100216563,0.03993692955317178,0.001734952409817441,0.00016513336018202923,0.0008744706141986783,0.0007147843353323092,0.0006629900671771377,0.0030503811610382856,0.990038842261673
0.03328736659119014,0.03931736919386471,0.0018133152350191164,0.00016148381939520365,0.0011654482436318939,0.0006944927727527643,0.0004978894408517902,0.0022042142176282174,0.7556680968863216
0.045011896767863525,0.04022004771689086,0.0017190415793131794,0.00022165205529947209,0.0005097254332591243,0.0006743718249088287,0.00027131623463790434,0.0009126051442287716,2.457293018044673
0.02967180537557979,0.040499405362311044,0.0018924227473107861,0.0001440032765031272,0.00021443145988540884,0.0004817126379980001,0.0002527185650003154,0.0009044064726699802,2.8702237905658943
0.03440082890835524,0.034957237991741545,0.0016820869869431823,0.00016653543581445938,0.0007402185132196679,0.0007126184652508132,0.0005310449863221164,0.0033296167608336453,0.8228339206576463
0.03946164936680017,0.04267048856249101,0.0017451666129951757,0.00018992190260497702,0.0004489140598654555,0.00066146187785154,0.0002671213803484037,0.0009303286145699066,2.070712760825317
0.036538288092127114,0.039203216566687536,0.0016120080744702334,0.00017742711539370348,0.0003654466186749113,0.00030318735239864153,0.00028878426859944585,0.000746315507260643,2.8434999826860543
0.032367358775126635,0.03435529067376192,0.0016773272136644337,0.00015284820250253638,0.0007759633760542164,0.0006564268620696587,0.00041447095682618844,0.0021979832105268994,1.7664892304209652
0.042082047094273795,0.041531748884915475,0.001831965003366124,0.00019847241405216874,0.0006600592769233263,0.0002802369015064256,0.00021694292818518534,0.0007551946889364409,2.8670109183661783
0.032579677465155776,0.03458960932938102,0.0015270121590073345,0.00015257600065176778,0.0004558360497709234,0.000554896902419415,0.00018422951894173415,0.0016444100960608039,0.2282018051326477
0.03441811888060578,0.0413805664838141,0.0017561291202983637,0.0001650781994831678,0.0005282809534041892,0.00024383249660131167,0.0001959831431322873,0.0009638312096456891,0.17892909373188343
0.042854489072134766,0.04214688440732108,0.0017493227285625293,0.00019827178088080083,0.0005455058772243294,0.00037734261713035536,0.0002821058732547366,0.0008155426961803249,1.0692584859394643
0.031193619624965977,0.03879948042429404,0.0018058918217287456,0.0001495736311258866,0.000535017993861686,0.00048454410801748005,0.0005459503621052374,0.0022519663630782023,2.923546380143672
0.032539967092444964,0.04070304251040511,0.0019952413746655144,0.0001559324525114849,0.0003710921384154643,0.0005374951556818546,0.0005956008843474233,0.0016074739948068169,2.6985202396275367
0.034971917393684,0.043840554521978256,0.0018232139839244699,0.00017582186163443673,0.00040210862811845393,0.00046177577597631444,0.00038987294361129645,0.0009535461713455807,2.8599448888563974
0.03611404203860482,0.04216482688756162,0.001728414421104068,0.00018122815426160647,0.0006735655182395066,0.0004193307965120319,0.0004633631085879831,0.0008780218773415157,2.5627784958429496
0.0335654641247646,0.039491359548249665,0.0016147723318010129,0.00016298101275006644,0.00020141186628608212,0.00026242667794365744,0.00025414151802111704,0.0008703621363433518,3.0134946265729807
0.03824489367028133,0.04572342466718437,0.0017561826921728488,0.0001870545670349577,0.0008404733179490993,0.00043893800196996715,0.0004016519939635738,0.0010187113621033634,1.8543236320157037
0.03799960934112275,0.03964241065080306,0.0021517777143047574,0.00018941029099688579,0.0006700264140316431,0.00042585363729026864,0.00034908857326400696,0.001044852883179969,1.1950893814571422
0.033432283642571115,0.042800114439855916,0.0018299365184850046,0.00016029018426763929,0.000463706487546547,0.00026281871594833616,0.00047294574322719664,0.0010208675880492698,2.9572443393869046
0.03405091521115904,0.03616939787239404,0.0015926039099639874,0.0001605516472596493,0.0007977597499648866,0.0004378990807472935,0.0004946989839794916,0.0030310088020074014,0.8483593676085813
0.03613695242053652,0.04575196817391961,0.0017710206354153884,0.00017812619549793495,0.00043223191564581984,0.00031376502327183127,0.0003568050180976118,0.0008967334865257663,2.959536429386316
0.03795088648977862,0.0363555930555774,0.0019484094868693984,0.00018494656361786824,0.0004740029589292798,0.00035707752026159815,0.0002043581197207199,0.0008577561470774244,2.7957826537158414
0.037744175445349075,0.039618311186151556,0.001702128274953011,0.00018215108088306871,0.0003390160393720344,0.00027111795798317675,0.00022306959422459791,0.0006880329394837138,2.8016995247304757
0.031130828099193097,0.03700460457300257,0.0017862353603843898,0.00015019309961234234,0.0003500155910485256,0.0005377601253524025,0.00032712999896201435,0.0008506846790367297,2.7087566542708745
0.03792887554565352,0.042727959686746884,0.0017574913477146695,0.00018302424817039485,0.000360514233627141,0.00023769368767983382,0.0002836096045001644,0.000889573121905789,2.9807335947667104
0.03305749924335332,0.03890637198958419,0.0016365062160543613,0.00015661889063194333,0.0008393210059026384,0.0007241346626315235,0.0007773019830519913,0.007395932086883221,1.0934133993488788
0.032709747149206624,0.04082506070951139,0.0016891962946624327,0.0001499868433744449,0.00037631256928418106,0.0007381290139906307,0.0007085219001870838,0.004235501469717674,2.8475637774793205
0.03778586593723739,0.04284881551413377,0.001747939800122722,0.00018718898257890412,0.00027558471590181255,0.00038393562902131715,0.0003549404438924303,0.0007124583763416751,3.006304881082761
0.033648874141821994,0.04402723246021862,0.0017801279800433352,0.0001622854840459317,0.000857244082666934,0.00037849499878824964,0.00028707296119394267,0.0008291736528113739,2.573162464322264
0.04296313735174506,0.04270160646700718,0.0017187204347857495,0.00020872632361563923,0.0004963518750838853,0.000513901026737561,0.00031051123217060075,0.0008822736433032644,2.860858943185871
0.038829816058310145,0.04102379917758957,0.001644740078362978,0.00017357682274810106,0.0007859497614068717,0.0006520698671484487,0.0020310091804809473,0.009416523784926857,1.7903968000283736
0.035196668048850334,0.040201791951531306,0.0015839037936499257,0.000171673099458603,0.0007178590039472885,0.00048745600950570047,0.0003388647289870354,0.0007027408758039595,2.616590127635285
0.03019280175800984,0.04008705785792199,0.0017859735900004376,0.0001448744430183951,0.0004480352172467547,0.0002987016733547127,0.0003253503656808487,0.000765852843181502,2.58172957352779
0.03587343756035919,0.037656896671658814,0.0017848539104480983,0.00017207204648019535,0.0007219626840935404,0.00029868114921162496,0.000425375733282332,0.0016549451843582887,2.926760106038166
0.038748263269290165,0.04263577676930189,0.0020147167960603528,0.00018243940888267973,0.00029820237749731316,0.0004888584732954444,0.00048174649610386076,0.0009539344888775381,2.863895522116877
0.03740755956806267,0.037477606416349216,0.001780510137982103,0.0001810068393265242,0.0009925212316486806,0.0006384991369094221,0.00044977856651435096,0.001301845179769072,2.1289831911810246
0.04304596618724204,0.04072267406540695,0.0018622249056974359,0.00020912669684608373,0.0010063376744168335,0.00040256343293462775,0.0002495996856268346,0.0008911712864879747,2.195534294002529
0.0349736613877792,0.04164892584802259,0.0017425274160115804,0.0001623038371422998,0.0004153635558503443,0.0004061021110608647,0.0003285095068095516,0.0008307764123266127,2.968012137086229
0.03721154643633877,0.04090575118664679,0.0015580581669086073,0.00018068308412074905,0.0003986172394176612,0.0002658800445556419,0.0003125113922453402,0.000745008782555831,2.814275200332926
0.03640055342234964,0.03434735577621859,0.0015778968492996903,0.00017479815547562244,0.000730124993446399,0.0005648068477094793,0.0004943526586649307,0.0040413026968869675,0.8945217028132671
0.034279167564077395,0.03722776850423891,0.001686749295271076,0.00016313070411629635,0.0004403003343362448,0.00042606953988025997,0.00021547410690550867,0.0009402090779340066,2.991514697123126
0.03358838642774652,0.04226587725742629,0.0017102642049396225,0.00016369464230886927,0.00041179823864437775,0.00036343653457829853,0.0003218832983555463,0.0008815782248870843,2.877300961079976
0.03410672590214107,0.04345148684032525,0.0020761867156388163,0.00016740657863365053,0.00029011047216954375,0.00048224572186996014,0.0003786184436432642,0.0009143388481492662,2.8626860350880325
0.033029987676384424,0.04168793402823478,0.0018701252474446583,0.00016117002703587986,0.0007415936683129488,0.0004990608296986404,0.0003536155008493335,0.0007796892282825726,2.9598794623002367
0.03587765654232033,0.03762035020131163,0.0015765264916954614,0.00017271228846255692,0.000550235370581235,0.00035846984485878047,0.00046066218487023325,0.0016614877850862526,1.5915295113129695
0.03891478704315565,0.04271295318161317,0.0017260206365346188,0.00018517460682175913,0.0005532111280187418,0.00032958912092030424,0.0002503032954102137,0.0008506960325656262,3.021422450018327
0.03032042130826316,0.03598294336134737,0.0017811927632072795,0.00014596824098942127,0.0008494902909390872,0.0006653833928179317,0.0003662347718192903,0.003309670364396888,0.7579663152654115
0.036642699491013835,0.037177827927607605,0.001612342410689848,0.00016549311118468376,0.0006624112943895103,0.0005628640127355406,0.0012448222117384296,0.008351575223063278,1.7456982005899573
0.03121009627231752,0.038739925621482124,0.0021110730627209697,0.00015255656034827219,0.00033908935188878145,0.0003325047837950562,0.00020032177711508148,0.0011112623032712677,3.0085081144331367
0.033113379956262616,0.04149634966885511,0.0016867470418051717,0.00016800856808016424,0.0003927093064285981,0.00031915845060549475,0.0002999697320542488,0.0006332689113264995,2.744319981320203
0.03679150741961174,0.03423816099194577,0.0016829443710871467,0.0001768442941091371,0.0009743126074074495,0.0006025217344449222,0.0003409332360246922,0.0017686501990938671,0.4726225460180221
0.03516917161637152,0.03738645012856916,0.0015831024779308352,0.00016704754870453228,0.00052323896904867,0.0002953562960325768,0.00022893060685245944,0.0012054739095253995,0.22561082347544492
0.03324403885833997,0.03556762965826566,0.0016675118166409105,0.00015811923908556747,0.0008708585186401055,0.0007638571115114899,0.00047790289589409756,0.003604191667979525,0.7188010394544576
0.03513942067935359,0.03983685971333644,0.0017347108057495604,0.00017079057683561555,0.0003956305590210907,0.0003345560476936111,0.00017143577113854332,0.0008991964126043049,2.5445710908128776
0.03947511344544974,0.039013923440544,0.001858313397284385,0.000190671321939555,0.000377060259249788,0.0006020129828469451,0.00024665888096283433,0.0008112040168968628,2.6095105821171716
0.03830077819688631,0.04011918717646681,0.001632328121302526,0.00017105401529949338,0.0006407967940341607,0.0004802067078548544,0.0025008474655368704,0.012844574806626353,1.7769662162536077
0.035185852952493255,0.039761043289103966,0.0017891670170723253,0.00016289326268753714,0.00033615329402059764,0.0003665909166507932,0.0005144042137818587,0.0018065759331931215,2.9128318822348978
0.035637012896015494,0.03466822575085669,0.0015619311583826676,0.00017451203679767885,0.0006024444005323399,0.0003335257102489761,0.00031443865902953277,0.001453101399326928,1.0534529159473183
0.02917238382012571,0.03945612757164144,0.0015399579003532893,0.00014048110407234693,0.0002606420600750983,0.00029341059691713917,0.00030548657365107797,0.0007497507336585909,2.8189536685825733
0.037446422208370356,0.04023778832044207,0.0017529520685030443,0.00018391263280360506,0.0008196530195335693,0.0006464786420177005,0.00023369263949250065,0.0012892929704274938,2.427867575610299
0.03708769804502848,0.03897154946426589,0.0019243862535578433,0.00018250693586653905,0.0002889445052885818,0.00047142705059978343,0.00025441401034823795,0.0007785443488001055,2.994741363051825
0.03409258816082638,0.04402971121145133,0.0017720421038042596,0.00016768452738928752,0.0003818645314981589,0.0003045194374861501,0.00037938707950972684,0.0008492554640559802,2.9978661771239365
0.03511814670216316,0.04032849497456765,0.0020126617879479927,0.00016789440977240904,0.0005537707891973528,0.0005024046574530723,0.0008251388474982045,0.0035034654878491286,2.9073245454746632
0.03180346018960134,0.04482465321759876,0.002076034019441919,0.00015493941961878518,0.0004255341998662997,0.0003488990819322429,0.0004403327401873305,0.000794160490203007,3.0142312528236985
0.03138105558498303,0.03928742953741929,0.0019118352675473618,0.0001531647753339712,0.0004517729940469434,0.0002618689740949009,0.00040548677563300296,0.0010445807521076579,2.8960530724538898
0.03459535230730892,0.036440985575847476,0.001699289646955195,0.0001646732359982335,0.0008236312309136739,0.0006803159797134523,0.0005351838734585981,0.004022958112260766,0.4909865800302079
0.03709227333072498,0.04073724425659491,0.0016610060923874072,0.0001834731700830128,0.0003458968798973023,0.00032599587912473393,0.00029548403701119385,0.0007109548262746123,2.5081942424234986
0.035569989301901174,0.04027203791412109,0.0016455873297803241,0.0001702737269706177,0.0006521325695861854,0.00047370502264526093,0.0006720923508327858,0.005498683964388882,1.1547944415631461
0.03362263230987257,0.03390099723980486,0.0017085002323661697,0.00016182111346197303,0.0007012032223072419,0.0005319065826894436,0.0004120714713715297,0.002677523300797759,0.5885440036999247
0.03228669308239299,0.04157309711836075,0.0015972234270681782,0.0001624810670760029,0.0007541687645863419,0.0002608357154425829,0.0004148006841001716,0.0009291114084995948,2.6243580585824127
0.03304071370598621,0.04166833187462477,0.0017633681998587534,0.0001608916595177488,0.0005580745377605214,0.00042130621179122034,0.0002657605209584679,0.0007281369650779596,3.042819886770749
0.03462801968163657,0.03679366442182229,0.0016202908341798239,0.00016454176275239007,0.0004038178988396591,0.0005371843297881078,0.00029932879563068483,0.0011385924539458264,0.22936900950870767
0.038236590637498666,0.038670268718618984,0.0015201862495469484,0.00016744345384091394,0.0007995315396751517,0.0006781033440792809,0.0018461955612623234,0.010806392711600542,1.81604911700998
0.03947265928685833,0.039364160583437495,0.001972476487060832,0.0001974669706499218,0.0011282464692757908,0.00047838072499899127,0.000342316173925366,0.0013490092404469225,0.6605299478658246
0.03402526999543854,0.03993581492986749,0.0016430715326354564,0.0001598447110674874,0.0005323428858220731,0.00022008377671529718,0.00021740267413344314,0.0011383308097893037,0.22217598145098022
0.03530186421743944,0.03634228744443069,0.0016176506066203219,0.00016807107508542434,0.0004715961729620911,0.0006287784910517551,0.0003060451651281878,0.001539263841138516,2.827716550783843
0.04220343342680161,0.04062743334564918,0.0015611627284550878,0.00020133690817755333,0.0011072799024849978,0.0004034026986233179,0.0003920451069581666,0.0016059167826982237,0.5451998076464711
0.0352013583434484,0.039927019266590064,0.0016709200340826742,0.00016636580044718938,0.0003903484047042564,0.00021601996942543418,0.0002918149904325491,0.0006133169742753204,3.018685284355093
0.03882881811534927,0.04314770685997608,0.00171836709978053,0.00019433062945373904,0.0006513633037663286,0.0004525312401276924,0.00022028297682413894,0.0005752197991687247,2.58355612886777
0.03327990155643151,0.03596499254887217,0.0017479630072642762,0.0001617932897161433,0.00047279190630877555,0.00023333817687769715,0.00026386145086083846,0.0011152900566898372,2.9753142941952064
0.03484462241807876,0.041265133051681585,0.0018239611320299079,0.00017207537774401364,0.0003748269813984333,0.00027391210713900916,0.0003383370089924436,0.0008022870952344882,2.620883233109132
0.03553498540797513,0.04128065431538876,0.0019366163865177548,0.0001755216858142008,0.0004429646659964846,0.0006246804542919587,0.00024086943862948975,0.0008990016480565973,3.000684176858068
0.03441469960378047,0.03852163535127375,0.0015823380015501558,0.00016356097883653227,0.0005126840177810092,0.0003218449418988182,0.00033448160334442094,0.0008470582518042185,2.9011206097912337
0.03752150907424733,0.040148421151042994,0.0016838851949710547,0.00017891986909866986,0.0010305037223041714,0.0008965870362334599,0.0008553629063431661,0.007720953374829412,1.9702035065016015
0.035206556527693854,0.03576448937550623,0.001715087229178448,0.00016627971799070563,0.0006545548397912113,0.00047716130635297655,0.00041839751802218584,0.0024096451721296983,0.4744189149426459
0.03873500463769467,0.04345904814056481,0.001854146547264268,0.000184244166846421,0.0006470630429544861,0.0002987809549233655,0.000350296744745713,0.0009170163572394699,2.6548586109175862
0.040690009776042375,0.042500312678652015,0.0017239006454763848,0.00020025199022028636,0.0009580043487432959,0.0005003277975166113,0.00031726979705524,0.0015358501797774517,0.766202639717527
0.0384914441713809,0.03643327399395201,0.0015905085756026899,0.00018464899650727314,0.0010465834675741923,0.0006623135595937034,0.0003048834476317421,0.0023688506580159543,1.0177199059660307
0.0397151876373629,0.04065005338328288,0.0021271981271012066,0.00018716512349160912,0.0003985923158763611,0.0003739004438247985,0.0003469659464303308,0.0006808383623513824,2.400880939647812
0.03661686631826784,0.03672107994108198,0.0020422529933228684,0.0001743090589568926,0.0007391487243599951,0.0006290760127938331,0.0007222885786499821,0.0052270778943798515,0.8877964167594916
0.03786145885657212,0.03829861279838613,0.0015628220502919,0.00018259827756797234,0.0003996334375195102,0.0003445714693177903,0.0002704110087489154,0.0008135435780275796,2.898986779795777
0.04011068949519208,0.046247365823942024,0.0017442235285873983,0.0001976784060125204,0.0007384334698397663,0.00036772231673983213,0.00038497106074604005,0.0007708665379086133,1.9341509896386577
0.032483076642642515,0.04020458717742642,0.0015180413889774407,0.00015422199161490115,0.0009641076546666626,0.000776310559729774,0.0006175572433822431,0.004831401883866787,1.021631240487857
0.0358554661778733,0.03608002012864752,0.0016476789344096836,0.00016443388101074408,0.0008007666551925224,0.0005868371666810435,0.0006526707773734443,0.006158766730692963,1.3821467645529146
0.039337754569973044,0.039107638659390084,0.0017004950761558295,0.00018732125022190882,0.0003826975486091083,0.000572710401975934,0.0003160908145365022,0.0012928511884624846,2.1801192793347415
0.0375690990545124,0.043031274805055184,0.0015954065828715622,0.0001722275345215033,0.00038515399432301043,0.0003019943091634091,0.00038520849656471,0.0008609319508684948,2.942167829293831
0.037175913220002035,0.0408044043910373,0.0016460741115647214,0.0001659530680512185,0.0007181411650722593,0.0005775899706146586,0.00124911608080964,0.011462144587825369,1.7148398817078268
0.03320453015815194,0.04178759608182762,0.0018845434821928814,0.00015363005210598172,0.0003227990879461836,0.00030582137589164725,0.00030029074731842783,0.0008572405189845522,3.0275196441960457
0.03315926679847521,0.03811703834689099,0.001539971806599059,0.0001557482553698069,0.00046176422782700675,0.000386467801803889,0.00045513211266344717,0.0012137891377959312,2.9121764611738876
0.03435743770690648,0.04004191372547424,0.0015575586196057585,0.00015179319265546572,0.000736363580982899,0.0005527345883920184,0.0016895898470607126,0.008569433340539313,1.6285740203477495
0.036760501496799686,0.039637655778333156,0.0017467511717375618,0.00018096547561304791,0.0004406457113833385,0.0003389089907025445,0.0002989695170545152,0.0007917015661112035,1.9505273114906427
0.03643514075517536,0.04203803064971313,0.0017753954107522125,0.00017366352352833698,0.0003549047207147754,0.0002596821147119655,0.00042144631810409625,0.0008745995850254354,2.8859152321185984
0.04276671887534709,0.0409461778706169,0.001667087601279638,0.000207941033766446,0.0004560048324917979,0.00039505447155204165,0.00025292634744605635,0.000792786785019225,2.6186936153101965
0.03570400541549024,0.0353050513396224,0.001691036949893645,0.0001707208095484821,0.0009056588887479661,0.000788860337590023,0.0005139151009673051,0.0034183061925092684,0.5677874557290319
0.038120188049730386,0.04125345766937768,0.0017671755033963705,0.0001845916461244747,0.0006674926175760209,0.000595893374300299,0.0003123177050422223,0.0009706580275989473,0.7334739100151344
0.02816608023479715,0.03709769246440508,0.0015816627102808306,0.00013775067246037546,0.0005054566946009266,0.0003197780972400187,0.00034805131053494194,0.0017523090844131898,0.318822290702266
0.03622925693453562,0.041375640561814454,0.0017021778979388741,0.0001705492651293945,0.00039994984451518795,0.0004491792516448849,0.00037022956425505617,0.0011292604064537565,2.822376916245596
0.03784575330150966,0.03659582277152,0.001641991026453957,0.00017622840835069918,0.0003747684948203609,0.0003698331609846542,0.0002118624052109749,0.0012348838139174543,0.2099129987411615
0.03811105727748334,0.0398232956337697,0.001690228364739286,0.00018419003942400612,0.0003353381343429396,0.0003655517674331036,0.0002855649275879271,0.0007508037439088233,2.962756479230448
0.04201795724420608,0.03790314413242051,0.0016091984352267345,0.00020984296430119119,0.001268371897071802,0.0005598779251822941,0.0002874050022917437,0.001750926797282187,0.5155347318966351
0.03719527845096097,0.04119855392197674,0.0016676690441530188,0.00017751652541141933,0.0008922204217388271,0.0005940720919027266,0.0009290990606615453,0.006554159862741708,1.232933771089166
0.033178488877293875,0.03655462515887269,0.0021605279462652226,0.00015944209527274462,0.0006353825307676475,0.00037926127297754816,0.00021822452105716453,0.0016007431001853977,1.9374964047060796
0.04417352962426436,0.043167191615538975,0.002086452915845934,0.00021639079546959325,0.000903449109973416,0.00031228095481245773,0.00029563083701041076,0.0008052404311427646,1.8638348403790868
0.034191925694291525,0.03689726386839305,0.0016987283915981266,0.0001649134530424966,0.0005045428690171601,0.00032862435215929653,0.00043697061888685947,0.0015040024700282049,1.3632801586244099
0.03804316199481935,0.04001205542725879,0.0015618367423972685,0.00018691321812101342,0.0010493602555315474,0.0005037274414629422,0.00037460563990319464,0.0014270474706237254,1.0575028867851877
0.03473572396397528,0.03563330144577961,0.0017449107467408063,0.0001648203698584169,0.0004140610372349524,0.0004128484551909069,0.00038656410525078887,0.0019210231934711744,2.7500385103608136
0.03215897667052351,0.03965313675610901,0.0016821789627003904,0.00015683300519309774,0.000480837749954072,0.0003497586105223759,0.0005313276939359202,0.0017905981409354803,2.8948451624052094
0.03521895857369989,0.044388280732877546,0.0019187545084842002,0.00017508615742918899,0.0003187583882943469,0.0004330979438562831,0.0004694832379765533,0.0008441495687050007,2.8954383316884393
0.03246869040917467,0.03970174168187989,0.0019282140942101856,0.00014817440020632475,0.0007148320077973673,0.0003741288439029123,0.0005176032842114235,0.002744786714878691,0.5580077383873239
0.03183342084320757,0.042637255875520114,0.0017948769285748357,0.00015146270005410338,0.0003761369498886209,0.00038037785217951374,0.00022429616535557683,0.0008298649633759939,3.0348187779130607
0.0375460651907947,0.037473925951706136,0.0018811548554427742,0.0001808766355417786,0.0005460131343388949,0.0004263958795670524,0.0002545134489842883,0.001335100413244912,0.26499236766390116
0.037978300151031895,0.04474441272022711,0.0016546264620297044,0.00017965931795331416,0.0003798944617236966,0.00030941838380415355,0.0003913997861345162,0.0008243704831036918,2.985705431277697
0.03721437227878283,0.041930208148341176,0.0016782219802792514,0.00017941497301188626,0.0002110035626396845,0.00040245686447812226,0.0002971408977600478,0.0007344280198766466,3.0299204618807623
0.03398072694872869,0.039350427832595306,0.0017919353145439934,0.00016578715880666213,0.0007751172128024464,0.0005892276974876598,0.0005589578431961231,0.002457741232158146,0.47593273622496335
0.041639835002468074,0.04319578314990659,0.0016814982389712692,0.0001948490966495902,0.0007332339890141804,0.00036645631922040415,0.0003751971996830888,0.0008116475773339648,2.5180896694533166
0.03804613727304609,0.0420559729241772,0.0020245543472132022,0.00018046186747761356,0.0010010265818531257,0.0002550198135358372,0.00022528358560271614,0.0009543602503151891,0.18407223164215708
0.037018760714068406,0.04204974556818392,0.0017048213822511643,0.00016415638573722267,0.0008702465742912922,0.0007229953413831223,0.004082347822838648,0.020271067312551315,2.0460684782305503
0.03832312414585521,0.038272314390796,0.001821812033925368,0.00018524688475520028,0.0008897988310248696,0.0004100596868752901,0.00035888618811040084,0.0016575674631154902,0.5065253751527338
0.036130993131861404,0.03705224493849397,0.001737446099538016,0.00016979914062886797,0.0008791464931574987,0.0007464768708132666,0.0005538006592852148,0.002679233352416329,0.4132977843445969
0.0415947928265988,0.04326484778833598,0.0019403928600377634,0.000201438198936884,0.00048564343664311057,0.00037185486929794956,0.00042157452938171297,0.0009022340013067914,2.53208657249639
0.041845261628386254,0.04052402999631575,0.001623559746657487,0.00019979787885644236,0.0007183204612786153,0.0004945076030424053,0.0003181077290972363,0.0008185226391523794,2.121685977457496
0.03570370211600847,0.033468783822896295,0.001600305647263243,0.00017107471534781468,0.0006823945575483719,0.0005377700839239415,0.00048504630018187165,0.004551251727140952,0.6828175689193277
0.0373311650680039,0.04205041707263189,0.00159796598921248,0.0001851099105018281,0.0004982135229123021,0.0003375823658077359,0.00034299177667685186,0.0007773763692683578,2.9164921466434692
0.0356803766703,0.03825232429103759,0.0015622336931851912,0.00017078748148596185,0.0006211560153120758,0.00030374192061176884,0.0005588697456688961,0.004337557926759632,0.6908995272678842
0.03494634441844607,0.041503662885435624,0.0017938627879676527,0.00016509646582098554,0.0006123328196702058,0.0004889101738599678,0.0004422215110299517,0.0019185094509017583,1.4064838299244273
0.03699845250973953,0.042406373577574846,0.0018442521842010528,0.00017789744275414888,0.00046196006991198996,0.0002843013096790627,0.00033446994119726704,0.0007437800653271673,2.6202329715264097
0.035528163867183576,0.04067280913804609,0.0017588689285692842,0.00017034996097162563,0.0003883582458915047,0.00035594593326677493,0.0003456550163496562,0.001435182586705146,2.562832099759376
0.03337925172092412,0.03599615078681093,0.0017574914306373204,0.00015652845897432186,0.0007542778238042967,0.00033926666984540767,0.00022521147341816666,0.001653830267987819,2.343800541928547
0.03728933250202859,0.03704819432613714,0.001645442989280695,0.00018158298667479182,0.000558470007935207,0.000433704923032033,0.00025196260418311705,0.0007393245714573104,2.973353540345362
0.03828106427378386,0.04218079997936704,0.0019216917576091361,0.0001865787228219834,0.00044320439205225475,0.000521270044257639,0.0003843236324158765,0.0009531464924563448,2.967356175554752
0.03964103532601959,0.03846441307994749,0.001731019912493855,0.00019352550188793654,0.0004980722731592233,0.0003349212364747445,0.00029475244746598816,0.0008084352488294139,2.8491369584742268
0.034124146143818215,0.041547689553653414,0.0017459846346916574,0.0001651034578052208,0.0008624590409976574,0.000515045325916756,0.00033927209841969915,0.0008246318279504471,2.626198745487604
0.033999761314438104,0.037279943781606636,0.0016187304906799533,0.00015741535708817036,0.0004886351285233276,0.0007029678534336195,0.00043536491829085594,0.0016809382927806015,2.8768837513228265
0.03146661078736186,0.040871469735760585,0.0015379901622947466,0.00015100974864905344,0.0007284217807879327,0.00045300048196636494,0.0008354061319678722,0.005561707807425701,1.0965827750539343
0.0337938255795891,0.03554363055199099,0.001940794097215209,0.00016528925939877004,0.000780480126972564,0.0004907574967922129,0.0004861812277540971,0.0016564285251721227,2.8612704269461746
0.03285154634696329,0.03931231852816954,0.0017538196665499467,0.00015541388035044342,0.000650312961114899,0.000634823351199103,0.0006079170298085275,0.002160451205776382,0.6348099750863261
0.038104915456858575,0.041825516032169795,0.001780562095988847,0.00018116263684688774,0.0003327704768398486,0.0005252267489765788,0.0003875981039991159,0.0014000142279511911,2.606134731074794
0.03550230786074204,0.04181778613083676,0.0018114927321130473,0.00017613328798140465,0.0002720126719150967,0.0003947219073703356,0.00032588538858432334,0.0007305863094224079,2.950550633180123
0.04066799897964467,0.039855051375402614,0.0016400706806455887,0.00018169436336872217,0.0009032812439372943,0.0007682069254657817,0.003260434468399819,0.015422331976122127,1.894689888052901
0.042053085282266305,0.03837062178965719,0.001615602755233074,0.00020434618272660593,0.0010167794625757806,0.0005945867549481911,0.0003491266320721644,0.001949727971689414,0.7640488719969601
0.03213094289269178,0.03590626943081023,0.001843361143838638,0.0001525520412009973,0.0008178761269343194,0.00027269878554653644,0.0002534556960353227,0.001430721663068265,2.797944263515998
0.03420940463885984,0.03719650207617706,0.0018111913270412547,0.00016541788642530103,0.00045940397283770795,0.00041930285936185065,0.0005033346398572647,0.0014638857704277527,1.7333284413811416
0.027634780578910525,0.04187213364469921,0.0019458639067517804,0.000137240087797749,0.0002516443639404607,0.0004404528117949041,0.000192575198370327,0.0007419760296154573,2.6713769652992343
0.0378184230190125,0.03565132873761702,0.0016426116968018217,0.00018004803604063915,0.0006396442391497267,0.0004308936095770248,0.0005445023608181301,0.0028073759879869526,0.524595792505016
0.042663288756277146,0.035277277280344806,0.0020242190183329093,0.00020600444340749163,0.0010986535816973743,0.0005080851197763828,0.0003445062157062194,0.0019122056296683497,1.053297232644294
0.04027335475809131,0.04309589776715743,0.0019658574025353884,0.00019645078415885404,0.00043226431636407574,0.0007028573993570652,0.0002459384211679092,0.0006397446999237064,3.039811074230877
0.03399160431805122,0.040612419994414894,0.0014768713899849337,0.00016022134562384727,0.0006324961462697648,0.0003385684581396469,0.000614353497548049,0.0024575833837987256,0.38506209338451763
0.0345259102228518,0.0422794149592141,0.0017423503071214378,0.0001764052309187156,0.00032834509715953873,0.00033424431783617197,0.00032007817943430125,0.000819653225370642,2.9128560891195594
0.03931366417298482,0.040285956033981454,0.001607018991081894,0.0001885481468734402,0.0011092642283915817,0.0005275009258787852,0.000349907147057919,0.001011725232424101,2.037460079675607
0.03609359426156383,0.03832041478042781,0.0015995137281026267,0.00018067653880657976,0.0008585416755455941,0.0007708553853580202,0.0007334787934412475,0.006409174694736624,1.1755979724700845
0.0370347833909763,0.039660965172816635,0.0015554313762121835,0.00017930422350493174,0.0006902409401983341,0.0005512302946896954,0.0006616985515975447,0.0043524099505889485,0.8889298276555414
0.03756698582929367,0.039681948708004434,0.0018572684450485803,0.00016657146555077484,0.0008075926914350597,0.000682808608836633,0.002171119114844589,0.008117300205611248,1.9501753652258003
0.03968943508864581,0.04184822625739829,0.0017675310162218608,0.00017625726807023932,0.0008039233694061315,0.0006435641643756834,0.002048079369567855,0.012982914395578754,1.6787119731645368
0.035430942805682375,0.040522964560699454,0.001747176133353382,0.00017354383278909868,0.0004723764607313593,0.00030129731343539847,0.0004789346757561249,0.001424035276405778,2.452286329887491
0.035658931959608654,0.03653435471783987,0.0019222113266446717,0.00016283598098700464,0.0003367779134168569,0.0003866805307212772,0.00021454250377635605,0.0010768740001532691,2.816664543334332
0.0361876961468749,0.039857463490609146,0.0015995605506614174,0.00017322853262925967,0.0008087377208964982,0.0006868674149256776,0.0006251603970524208,0.0044118190995064465,1.2896017231039654
0.03725915332700421,0.042077257839356064,0.001834770480752482,0.00018354151350012126,0.0004121419429723483,0.00032135886105987417,0.0003681429103048897,0.0008208676694902235,2.864582965053764
0.036385560830101506,0.03732630760705277,0.001591341501392658,0.00017468043831172662,0.00045374183460107496,0.00043944364715531927,0.000535039898495949,0.0020282787432669923,0.8875988939743892
0.033669475121075036,0.038552674439047786,0.002098759868504844,0.00016272555260286726,0.00033193820626115973,0.00031564147507744453,0.0002058370072949868,0.0006946225357222708,2.8085509860005295
0.036253348052146146,0.037697915558682876,0.0016553702747719111,0.00017379449088947586,0.0007690496402372405,0.000556046895731793,0.00027555827603541487,0.001555643308916745,0.3124144099593008
0.039063765283922476,0.03848396405547682,0.0016790892360996777,0.00018908733452208362,0.0004097876367772587,0.0003966845245344848,0.0004932734476758218,0.0015088398629933967,2.9059441470073977
0.03829887151206398,0.03866455327636006,0.0017225410789094345,0.00019409170640094023,0.0009444997112914009,0.00031094203521252336,0.00032633952483651527,0.0011409317237137228,0.6878543952199327
0.039818978303506954,0.038649213025349224,0.0014949681369534544,0.00018397761877836645,0.0007321984658433126,0.000525394178720617,0.0009451419164698368,0.009916822959120912,1.4442230566134593
0.03497455153448981,0.03686179403074895,0.0017075165033288418,0.00016315827371822834,0.00047627789650567666,0.0004297931487788964,0.0004045093627869186,0.001319711731596572,2.917000225153629
0.038046091974131134,0.037739970595125454,0.001585526411593772,0.00018481533816289275,0.0006382843071998862,0.00041943122788131956,0.0003967773964798653,0.0008450120211039752,1.322536511655091
0.0316945354035889,0.033422383666840895,0.0015750638504028846,0.00015593708628382406,0.0006004499891943996,0.00045563939721510405,0.0004383561637632124,0.0020894076514522725,2.8923178435978043
0.0358687966236809,0.04625861153896316,0.0017736186351451338,0.00017386541281093142,0.00027652145917369305,0.00027961930709417615,0.0004220340190501793,0.0007965066289847964,2.440560584032761
0.031159784515674374,0.03747484076363184,0.0016894767813446531,0.00014882945479800664,0.00047879140815164004,0.00044685585330749494,0.00046236866537993876,0.002505370827405157,2.8936345553881515
0.03905200492354283,0.03957763495547265,0.0015817221095712408,0.00019579897311376303,0.0003505387310468625,0.000312370649767247,0.00027041711388344706,0.0006931293836033255,2.8496236304656533
0.03914314836728784,0.045341272477754706,0.0018959491480110239,0.00019440635635023336,0.0009275041795031835,0.0004935318046859761,0.00041388688559648414,0.0011585622000758631,0.5861437198647063
0.037079517395681695,0.03913107365523047,0.0017991592275255742,0.00017444400761314633,0.0006663593118756161,0.00047598687250989286,0.0003465750240545224,0.0009042870993879085,2.5167014288485525
0.03875415386479027,0.040330851715662044,0.0017487363781456444,0.00018733696768556527,0.00029919477563023525,0.0003600257582215628,0.00031940450819619814,0.0008196329397854352,2.790923222402944
0.04011254235202401,0.04310452433345754,0.0017264022988348593,0.00020105187129351487,0.000438288875042752,0.00045028899679203,0.00035042135633372594,0.0008791516714872218,2.0358529712691764
0.039398793698449494,0.039731943502321926,0.0015566662443816392,0.00017920292444278314,0.0007280775119540331,0.0005994878608431268,0.0023092769792034808,0.014569006210305591,1.7589389117197103
0.037925593140669484,0.04026644976476387,0.0015922708290330239,0.00017967910867305382,0.00038627319012231066,0.00035272737869290944,0.0002867631217255291,0.0009468619670905564,2.7549790647495787
0.03407680279568961,0.03446905755423077,0.0016134911754956795,0.00015850863874650867,0.00066723491570724,0.0004467193221940937,0.0003867158659534644,0.0023859415204027365,0.3079484542522873
0.039382501400543876,0.043514498279979386,0.0019148188221635586,0.0001925590786112594,0.0005001548366980124,0.00035827050640657075,0.00026534731559590155,0.000717408726958815,2.3610371336897926
0.040889056968898274,0.04464593521872583,0.0016737350524941108,0.00020263391219215853,0.0008039461786038063,0.00040882620229914737,0.0003935033746845793,0.0007957522980918441,2.0946454111248567
0.041421412685348886,0.03630831324293824,0.00166973220420516,0.00020567040090126504,0.0010738037042961634,0.0004890795145837208,0.00027757760617982795,0.0018464510122770102,0.46229207069907596
0.0372684647377415,0.0345333701482556,0.0015679483211572885,0.00018131207361557687,0.0013228882879217313,0.0007188848094846502,0.00024564736428129424,0.001787696753833763,1.7633096093040272
0.03173350804948455,0.035397275853247936,0.0015973520567673406,0.00014922592366075645,0.0006133364852247982,0.00033751504803002596,0.0005579197758857853,0.002385905638897379,1.9196028650123322
0.03826022785636208,0.040513347154627934,0.0018841095256543349,0.00018454036104718728,0.0008069500116668783,0.00031674521337084286,0.00044416222572103,0.0013607737792299204,2.904863465048574
0.037550418917174026,0.0381616988920955,0.001705929293058626,0.00017398242693798273,0.0003014476498286324,0.0004972298536353001,0.0002193303350820047,0.0014884475885181185,0.23454967202168214
0.03889976777555064,0.03767306925572595,0.0018061553562232456,0.00019199741695939159,0.00031573846711129954,0.0003880973035745288,0.0002579797478618715,0.0007823826721618011,2.4058927617517827
0.03207901615715684,0.036729378206863145,0.001667409063051821,0.00014868294549093432,0.0004394257873458375,0.00042492322086287645,0.00021368025989807097,0.0010987525620526875,2.996425903751316
0.03779915647210609,0.038069052612170265,0.0016315961386586537,0.00018404651637303867,0.0008725953519438988,0.00047795138266570577,0.0002692488022427472,0.0011929351836490172,0.35482522372495917
0.03706836400578452,0.03999652818334223,0.0016263807429679207,0.00017640540197680354,0.0004127216457059229,0.0003838473320792582,0.0004244374103860201,0.0012091576489415396,2.871235600781428
0.03212041722457264,0.034530519798810194,0.0016084899731464927,0.00015498043888295896,0.0006456766811786049,0.0004437250655537231,0.0006230594895650692,0.003499127441638969,0.4566768787351165
0.037947148463614404,0.036760506412797475,0.002067629820421347,0.00018446379054567127,0.0006147477765823993,0.0005467532679176946,0.0004907395760022039,0.0025604066869161965,1.6515703134924307
0.03448593465684132,0.037312855287606396,0.0016244462597505963,0.00016323216048117614,0.0008566454498916209,0.0007425197474368234,0.0006748757546800519,0.005427747061649368,1.1384850037324912
0.03156127893556549,0.03917092183224158,0.001701367187283447,0.00015399525180849247,0.00030126428580809814,0.000546508604117676,0.0004674291617599545,0.0012513737760559784,2.972850255388702
0.03671500072199478,0.0409276454924606,0.0019038045817965225,0.00017567384353592692,0.00066306251887643,0.0005672793150351097,0.0005346276235339301,0.002694934599119932,1.3548363061318778
0.03967236661390283,0.03501512778648096,0.0017760246980245357,0.00019092797626177544,0.0004131251670339634,0.00038973932337143635,0.00016392221002055232,0.0007131023463908395,0.16533162393902726
0.03932337717326028,0.041276613653416394,0.0016194829480825285,0.00019211424501791894,0.00022319640135105994,0.00034651453882216296,0.0002528223338641479,0.0007741957764088185,3.022327870433447
0.032203154391098415,0.03689184068453183,0.0016105069748022446,0.00015631155446229448,0.0006691080493488973,0.0005308295131259523,0.00019839409403743136,0.0014280644307345174,0.1858201150890264
0.035310321142853984,0.040330362092163306,0.001690241604199972,0.00016428284635323456,0.00024204798407082318,0.00038094581727706833,0.0004044230366170404,0.0015435682740492884,2.9776140110288853
0.03582201717435967,0.04542292918422837,0.0018480354822697806,0.00016920416104150704,0.0005834831930945269,0.00048455284063064465,0.00034843653249231265,0.0008627180369927089,3.0218839975908236
0.033164319705968344,0.041678239478064316,0.0019075204200004875,0.00016622461089466035,0.0004763883543264514,0.00026384482099209023,0.0002660936420899029,0.0008857660360789543,2.888456517924148
0.03200032440507899,0.03577088873938672,0.001628549063118454,0.0001542115729793774,0.00035198185331793976,0.00030279446196900434,0.00017921203025112744,0.0007675000172638771,2.8084740601170632
0.03435124502216898,0.04214096337970332,0.0016534994724794157,0.00017187036558166834,0.0002720178639435704,0.0002816636908263575,0.00031353915835454366,0.0006762826183015754,2.9811956187655855
0.0341084693056891,0.037848224186482794,0.0016031837828608846,0.0001578159241323395,0.0006750187332119925,0.0005652815526467412,0.0008280195450774033,0.006782276657285324,1.1735268229860405
0.03334007333648377,0.03632221927125825,0.0015957745506434788,0.00015407780446423687,0.0003901752856020638,0.00038895118641059227,0.00027141312853635124,0.002443841116595007,0.29188538618768195
0.038896564683631556,0.04286420013211557,0.0016923643488449289,0.00017610668801670425,0.0006635469532712172,0.0004458610399943095,0.0018976966533870594,0.006688517358426565,1.5597483807334507
0.03267894377118186,0.03946166559461645,0.0015555827159349583,0.00015471856033670375,0.0003713098482021696,0.0003284685608690469,0.00026361614949038913,0.0006841023860680886,2.6350716026415855
0.028760635595699052,0.04102040606648231,0.0018269126120120552,0.00014152424226598922,0.0003010219778638024,0.00026377358819623567,0.0003300377604794336,0.0008081424289210494,2.542256033108715
0.04088817498815305,0.04094288006002695,0.0017421976122422875,0.0002030283453724744,0.0009210698199661633,0.0003771921105767728,0.0004057319545470511,0.0017755358748968962,0.606552863460758
0.032537320134586586,0.04239276885156862,0.001856443129984625,0.00016394355628975024,0.0002696729576832404,0.000274232770467828,0.00028211275078047614,0.0008482685596965572,2.8944855087878527
0.03471935531844685,0.03670520809434846,0.0014860047821686857,0.00016183944826622443,0.0006706245345785624,0.0003752886932596231,0.0004887270247664538,0.004874078019851318,1.0543784956816467
0.033951146995366346,0.04091144902119911,0.0019908063901430337,0.00016529503698493617,0.0003356990857442246,0.00037573633563311293,0.00037293664602397545,0.0007586399168398067,2.903770967727114
0.03841375046825662,0.041926364477572725,0.0017367692393666081,0.00018473544777428933,0.0009727943882404768,0.00043572828249963265,0.0004508989212529792,0.0013107814800280121,1.7085369631511542
0.030281167161555135,0.03968369678252173,0.0018806539239689583,0.00014705773466828047,0.00038585980433488456,0.00015652312817727372,0.0003059457569521058,0.0007390165318237682,2.725883573595097
0.035671349989527104,0.038811342333978954,0.0016581078529410282,0.000171325308367541,0.0007604937260495461,0.0005475662343530132,0.0006481204272941623,0.00505250814399255,0.9223135776711562
0.03348750512631848,0.0358729292727904,0.0018547374605610777,0.000161986237094893,0.00027383701833543145,0.0002461315837016819,0.0002705473454392993,0.0011103445087957068,2.7511509929418345
0.040329302070235815,0.04101823588665939,0.0018507259115512187,0.0001955483350444712,0.0007731278296674587,0.000527221744222858,0.00036258768391152164,0.0007544162443020177,1.5807431813953072
0.044332268481939954,0.04186321086743138,0.0017675100250057812,0.00021790003184016588,0.00037112519344521604,0.0004118151345657754,0.000304592488808093,0.0009374986365280011,2.5552239444683718
0.03917799047867749,0.041624314788148466,0.0016144212700588884,0.00018830491793878266,0.000299831115570721,0.0003603612985114821,0.00033615086720896296,0.0009199479133801482,2.914346459625177
0.03881993912526471,0.04445775625230623,0.0016482859333915808,0.00017834175043832698,0.000854497470590412,0.0007313180373883405,0.0018892426262441112,0.008903599341155482,1.6000535867152192
0.040083560944802775,0.04375582905249463,0.0017228968839897076,0.0001968344964864977,0.0009374046300745189,0.0004713083158468343,0.00036444170874793633,0.0011771795654767657,1.3215734357218627
0.040173315797692184,0.037383994527652016,0.0016534049720279447,0.00019582348019777678,0.000299851174454931,0.00034659894469207244,0.00028239811687850167,0.0008952039588307054,2.512519284307907
0.035274201527591545,0.04061174000765422,0.0017506843646735474,0.0001729396198889594,0.00047588064305656327,0.0003309286390672814,0.00024120869635826898,0.0008208562795775083,1.8123899404249082
