-7.710512145152657,0.3896623392115075,-7.5930065679043235,0.23534702979164143,0.005125712648419312,0.0007712511879646514,0.0017850079958011658,0.009090127677886431,1.204152897398717
-7.724098194196041,0.39677817181432806,-7.592951894776779,0.23539954833002455,0.005763388780414159,0.0007978084431163707,0.00334532744910484,0.026025476230889605,0.4787355301975064
-7.721396082539583,0.3908449761058947,-7.593062046864883,0.23539785069854663,0.0055346055202246955,0.0010512433491013282,0.0026070889735519947,0.017950254698152247,-0.6131885028464569
-7.694166583855027,0.3902300853845611,-7.593154206629979,0.23526885024226366,0.00411679485049667,0.0014276075410424994,0.0014162499959464404,0.005244253285422746,-0.386254909977955
-7.698114913268202,0.3918543528653459,-7.593034498997324,0.23529053220868873,0.002609823019613533,0.002256219724289508,0.0009712582502256979,0.002029577746705484,-1.4262757406819673
-7.693139803827655,0.3916114854369973,-7.592999752737266,0.23526769906413952,0.004749512446302879,0.0007111684101931835,0.0013839987663636455,0.0075572786112661685,0.06710914608647386
-7.6884505935869925,0.3932111663765794,-7.593057281916096,0.2352443243595165,0.0018631859578564006,0.002029892495233888,0.0009397921333570645,0.001733928583395467,0.257359307724502
-7.6914849084049015,0.39034867204432616,-7.5928696589854425,0.23526325663094927,0.004109919852305538,0.0008601443030329121,0.000912620305971572,0.0024092226491476366,-0.5601036843533831
-7.704089008407792,0.38651930255012606,-7.593054066047774,0.2353192300248203,0.0036584941474040677,0.0004879286827329301,0.0008494836896527399,0.0014018368519669135,-0.5070430607798573
-7.721363921369986,0.39832600422157194,-7.593058504379844,0.23538754360738248,0.005646606608665105,0.0010089168135027577,0.002794138066264322,0.01875852832399755,0.03398412166506431
-7.713564702442426,0.391672034613789,-7.593102270050352,0.23535741250933098,0.005592090081421621,0.0007112054241228553,0.001974005106167941,0.010781380096963666,0.0040635887233659235
-7.702812846106868,0.38884982870891277,-7.592955296475912,0.23531314257090005,0.0049058287549813995,0.0009423775083110067,0.0013930314805733876,0.009002908874215128,0.8151378605144232
-7.713073460099697,0.39501548122249647,-7.5929851647260325,0.23535694842683852,0.005439368119485059,0.0007305118593962956,0.0010076814350691201,0.005635765378272518,0.4394935619912708
-7.714455035066968,0.3886601198868599,-7.593056229533884,0.23536757481605383,0.005346716152024983,0.0007930609438139515,0.0022715451738709517,0.0163832295026977,-0.2360508518054844
-7.706830148282935,0.39652053484385186,-7.59304244244684,0.23531755181248723,0.004065677234836806,0.001626797982082864,0.0011377120091176425,0.006893935624008974,-0.8423314703986864
-7.7044507351238325,0.38797034944685965,-7.593149790561997,0.23531027940339377,0.00338325647111087,0.0014512863605985092,0.0009145163364757865,0.0017071603005595188,-1.2653434117950433
-7.720476785741389,0.40032724758645033,-7.593102405804534,0.2353759181473761,0.005810402692284943,0.0005690685831614755,0.003625961064030007,0.0411279959341368,0.13256988146351628
-7.705165534628061,0.38574325031056633,-7.592937524407051,0.23533036992641182,0.004026715785261781,0.0011323605644119313,0.0008464029242458706,0.001910689150899527,-0.3028041153313965
-7.702404338759992,0.3910794666406576,-7.593049327882459,0.2353080955361671,0.0036212186690736956,0.0012528172344791679,0.0009586174904556226,0.0020443915942619686,-0.9200577127866374
-7.690887574121929,0.39050881456892417,-7.593087161802565,0.23525531095618715,0.0022922782264347013,0.00218473107925405,0.000976313723873314,0.0016166975127832235,-1.8278873692331195
-7.689705223066578,0.38833998319938584,-7.593089895149948,0.23525545762362784,0.003778091109099173,0.0009611694936556582,0.0009404960100611642,0.001920628633275809,-0.26096732683914403
-7.709294355053605,0.3951110531123903,-7.592958538011181,0.23533999241363707,0.005063059584839358,0.0009284570175293494,0.0019972000311733644,0.013185496270840242,-0.5726680568015662
-7.712890780003858,0.39526800123855,-7.593161193799275,0.23534703197547707,0.005482682358489752,0.0007296177978839376,0.0021162108822941625,0.013672553724682743,1.0094965170583785
-7.673806412455401,0.39066976628936106,-7.593020270269899,0.235177734979432,0.0009708802929485491,0.00258876307317374,0.001066664901017678,0.0016117107392709593,-2.264496131142744
-7.6810608976498616,0.3864945468091164,-7.593037570232202,0.23521787973633268,0.002707261556279557,0.00155795321649498,0.0009374813720916327,0.0015113084593501708,-1.4264261602871184
-7.674545175216368,0.39327043222002794,-7.593126298272488,0.2351753422722381,0.002647972017159417,0.0012115196977160799,0.0009432392940313406,0.0013943971930135842,-2.0095681607834033
-7.670572758217382,0.3888806365615438,-7.5929833545053,0.23516373658871703,0.0011509145314763073,0.002560719346209965,0.0010574851363865287,0.0015889669830451434,-2.1889479060679746
-7.6829925224588935,0.3854731818873988,-7.593027492773986,0.23523209328712041,0.0018960424202741288,0.001990810764431695,0.0010058276387995898,0.0015505519580645238,-1.7476676069802883
-7.7137487032145815,0.3923891295649827,-7.593114195350642,0.23535941361469542,0.005380095730482204,0.0008245004761233188,0.0011499586756146649,0.006438725548751005,0.10813952922364783
-7.720923525177601,0.39515041661122274,-7.593097741303093,0.2353885360313781,0.005479190651114311,0.0011538433946928937,0.0026867449726745074,0.024812658823467938,-0.6604339212270451
-7.721484956334928,0.3971388875492798,-7.593057805261784,0.23538506025766112,0.005648899935056819,0.0008583125747628284,0.003545284260610883,0.02957493054259113,0.21030887011555133
-7.678789578371033,0.38754763229108213,-7.593017980879015,0.2352041892907496,0.003757820397205889,0.0007575788753328092,0.0009961979289035295,0.002666794489402198,0.01445416328105877
-7.705365186817247,0.38442133050519817,-7.593006019900833,0.23533286116084345,0.004626054937288367,0.0014948803809441483,0.0012861100812107168,0.00615727247410967,-0.4207423167021898
-7.699001104018557,0.39357748212200716,-7.5930941484255134,0.2352892475876775,0.00459729356120884,0.0009638357402433483,0.0010292695991066456,0.005062791967109829,0.18266139375083393
-7.682211202398307,0.3880807632207896,-7.592920643183858,0.23522184510401287,0.0023802098288212875,0.0020661206298483964,0.0009613974654873964,0.0016210093561607817,-1.7476491520368684
-7.668012115089705,0.38999826931648574,-7.592849486443751,0.23516090837745288,0.0018145746902569647,0.0008394514159664577,0.0009741239048089925,0.001268227624442477,-2.2271894366025897
-7.699947858915442,0.3891116354807836,-7.5932663602727395,0.23529172567694895,0.003594000008688034,0.0013445626384220122,0.0009618666846957885,0.0021866231592614586,-0.9645126473480756
-7.716216796405098,0.39238293613015657,-7.593107571701789,0.2353662533403582,0.0054287328797380015,0.0009200750737765233,0.002354873992832319,0.014834300442737505,1.137595904333466
-7.720601028533368,0.3964149441493645,-7.593063569023317,0.23538042358868475,0.005797834180413782,0.0006872432313210201,0.0024845491408392604,0.01601355371886197,0.04959457068456375
-7.722435323176098,0.39597860328316653,-7.593160473694679,0.23539303525182137,0.005542898355583821,0.000996047438156507,0.0019473364986175164,0.013888381425733797,-1.0997934373673603
-7.710863535624654,0.3935724443620482,-7.593161984818188,0.23533958672752783,0.004971127313680941,0.001128378313516144,0.0019828165479624056,0.016756133238062413,0.43107517013486424
-7.719936112867383,0.3943263181256329,-7.593102377313872,0.23538646681070796,0.005664368460951148,0.0008015057998496642,0.0034268751567800037,0.019655798109659436,-0.42351774189615454
-7.712209477688903,0.39004315168535486,-7.593007274224046,0.23535959710555665,0.00522947985877621,0.001028793533719643,0.001735509692707847,0.010473802683235788,-0.7531426089660405
-7.721132696903156,0.3973658314176623,-7.593139001314651,0.2353857629076476,0.005553793102264626,0.0008803037964692347,0.004088882468609588,0.03937777007793341,0.1778166697768549
-7.72375378318238,0.39540723743047795,-7.5930580803858145,0.23540413355729137,0.005707907067360432,0.0008376866285941519,0.0024381235790489632,0.018320369667727245,-0.9442389215797636
-7.700548759797504,0.38419457939331864,-7.593130392991389,0.23530302139235712,0.004113027262138864,0.0015937268132969833,0.000940622101671665,0.0027552198868279775,0.0987632013590974
-7.691633020452307,0.3884083264637696,-7.593034863956327,0.23526184466252476,0.00406130807643362,0.001333850037400326,0.0009403957771596642,0.0030635470614228805,0.007004978119244228
-7.719608138500383,0.38788592258448656,-7.5929715848511785,0.23539569931764537,0.005384540334159149,0.001044565254122485,0.0021132988867913513,0.014741484735031837,0.47050356092174994
-7.726228246952885,0.3972570438415921,-7.593079891362623,0.23540761292229412,0.0057045155304510054,0.000871658772975933,0.0025953295315400172,0.025550073159090855,0.10317628797545429
-7.681408680700087,0.388620244896064,-7.593092703637999,0.2352133019682402,0.0019278349244245968,0.0021904093196388696,0.000983511576101204,0.001516674214233947,-1.9234410344272097
-7.686524908065279,0.39127531314372677,-7.593078296357814,0.23523221764673183,0.0034607020838264137,0.0009240220436312867,0.0009194104152538369,0.0016496340778451447,-0.8606084038028753
-7.722303058082251,0.3979295234294252,-7.593070939407087,0.2353885569967204,0.005618544538541719,0.0008814660999001573,0.0032099068749412655,0.044166558435049214,-0.11450774175294541
-7.675964411455225,0.38230114913826396,-7.592997721822397,0.2351983217017447,0.0021347847360557687,0.0020593999151140405,0.0010188383333786545,0.0016281639915359108,-1.6239090171336856
-7.6835392380924,0.3914949132215217,-7.592963037478974,0.23522435572545217,0.003579876023928958,0.0013220432588897765,0.0009302953902174893,0.001945967041100092,-0.6436044452527926
-7.7007538193159,0.3998303330007603,-7.593057906087549,0.23528482945390738,0.004123711689678343,0.0014389655940894937,0.0008244626683038711,0.0020721509376411752,-0.7966612160854167
-7.666488258110085,0.39225284197916394,-7.593133603158636,0.23513918434250305,0.0009026952841088901,0.001720543093155636,0.0010132807427917856,0.001248427923880326,-2.0367745011274985
-7.707050989650296,0.3927582102588301,-7.5930558214741355,0.23532380833451869,0.0016325164077541409,0.0028290835963530425,0.0010534164862634626,0.0017107616907313888,-1.85751445005076
-7.684273849569057,0.39223306523450724,-7.59311727647622,0.23522253169340557,0.0018219066871310277,0.00215550283423262,0.0009809701378015003,0.001552645814381076,-2.2161051219577312
-7.657851300135285,0.38493700945973736,-7.592940572318115,0.2351101297347941,0.0017650950202684086,0.0004518105035472727,0.0010197605738454163,0.0012144727838940808,-2.0416433172104913
-7.693195067734645,0.3851878827110996,-7.593063293369166,0.23527256566847624,0.002921398916221646,0.0018677908937434862,0.0009297766163965653,0.0017651593261182835,0.11210620847970049
-7.672384283717223,0.3901784827997661,-7.592955840848088,0.2351768023175412,0.002313210031617466,0.0008605268812796873,0.0009768600537630766,0.001329742420322443,-2.414798484150275
-7.720761057835756,0.39667668672424455,-7.593085226247254,0.23538465688541219,0.005560101887196864,0.0010063414843475879,0.0027875921633748637,0.02301346793172552,-0.41158020968973963
-7.721775258684832,0.3913146592116464,-7.593104003623872,0.2353966798338122,0.005331455146469353,0.0012478575290571362,0.003791991738955295,0.03226490102430044,-0.023541442499085772
-7.708793173199126,0.3921597696774664,-7.593053037906524,0.2353325190813602,0.005236783133930848,0.0007640745517179363,0.0017315978383749112,0.010967788814934036,0.18071057672040688
-7.71426419418017,0.39240688204189644,-7.59310221086056,0.2353601616030675,0.005649149714684932,0.0008089303588307512,0.0013142789848827967,0.008406277868667756,0.8468293879886032
-7.712132234145777,0.392864103221437,-7.593074262798363,0.2353515234999109,0.00508771512553737,0.0009228346187908968,0.0015932571830032673,0.009277158851467413,0.914972988067555
-7.687993796114382,0.39551561766846105,-7.593186957270257,0.23523042893926646,0.002228179277508737,0.0019165789523844074,0.0009373915969534558,0.0014019814875268358,-2.2608453327258493
-7.686065784384302,0.3804245395190994,-7.592991256403786,0.23524850823633017,0.003307092427672752,0.0015969372490081068,0.0010013196083377995,0.0020609542490809284,0.12440528114406463
-7.70104972148166,0.3821015842747491,-7.592962886628799,0.23531945971169732,0.003547126493189001,0.001975790572982591,0.0010626447969728575,0.0035315840512821998,0.0923361661507847
-7.691550045749794,0.3871145221896942,-7.593145775466692,0.23526514417594344,0.0019613992417160334,0.0018862349726241666,0.000993510276972907,0.0015766635022540852,-2.0448033383078035
-7.710405220319184,0.38905382394130894,-7.59316319679561,0.23534762422082706,0.004195139175233232,0.0015199350633071254,0.0009414193508926477,0.0024705673394377647,0.03396649094720698
-7.711678418432872,0.39194780812052576,-7.593222116333198,0.23534567424556307,0.004352270205297784,0.0014166094765128787,0.001226274844840515,0.004446518558297748,0.10134795160582981
-7.713929354824558,0.39200348355419784,-7.593024724860037,0.23536120693434934,0.0046054382605215435,0.0013998836901397557,0.00140184710243737,0.007793599517775978,-0.26565860955623555
-7.709068180436588,0.3942748823025929,-7.593088538381902,0.23533225429819415,0.0052836080606734215,0.0007565121434631154,0.0019449541103206893,0.009248217681698584,0.5032415941502411
-7.7044005614266515,0.3955717129780749,-7.5931682054513345,0.2353040083213003,0.002930399282664171,0.001479772222671872,0.0009346898003551116,0.00164142892479095,-1.7666911721040992
-7.724884691902961,0.3973842069028738,-7.593047015689272,0.23540420642303134,0.005772512127497313,0.0007929959084373311,0.0031143297370502575,0.018986527675104857,0.8281959413187652
-7.7245335119887,0.3946291023640797,-7.593076125937591,0.23540251644669674,0.005710720042752989,0.0008566006185129517,0.002340404409106251,0.01594928947568755,-1.471847401180353
-7.700690362381627,0.39125858652286943,-7.5930893033998785,0.23530103698720117,0.003333753981698631,0.0018869249444192215,0.0008803078029215675,0.0019155056509296475,-0.8315053772260395
-7.698429421996943,0.3973591407874465,-7.593184651499368,0.23528042890051618,0.0035650774720569524,0.0019394754674943063,0.000911622611323248,0.002140844301021388,-1.0672969077199026
-7.708710487524723,0.3931973622851895,-7.593099972201638,0.2353275097645692,0.003192525546806347,0.0016512054580299208,0.000907065966101351,0.0017668788728498772,-1.6883555282245624
-7.713428919701983,0.38517220504890903,-7.593069087930214,0.23536859460742318,0.0055184777822466806,0.0008659270140029184,0.0018263019742880246,0.009458639954059905,-0.5144933129653708
-7.687309624444323,0.38810246610895743,-7.593037141954157,0.23524154126385852,0.002413309733225724,0.0018854112050524046,0.0009542722187539345,0.0016376137526545281,-2.037051237660897
-7.6956880187935015,0.38845578808435527,-7.593112594076999,0.23528306020009382,0.0028771278100459246,0.0013725363324860297,0.0008873829805979973,0.001522967874878425,-1.6267506934966827
-7.704164334634377,0.38941057141189933,-7.593034862794377,0.23531667904767253,0.005314937141841122,0.0006575141956662815,0.0011217519056487912,0.005741159010373938,1.0013069621780895
-7.700442916266393,0.3930530211282541,-7.593098436943483,0.23529560065811586,0.0038090014707963388,0.0015890031231455995,0.0009257242344890298,0.002515415065496407,-0.8655483783283172
-7.690421663140441,0.39977101910176777,-7.592995933664476,0.23524100382791904,0.002291104167040493,0.0011244547562772838,0.0008515311093296458,0.0011836041175187267,-1.7643665252752436
-7.699879187121745,0.3901457408069767,-7.593080260335498,0.23529055237156424,0.004434067559990731,0.0008499697580379432,0.001015632669132147,0.0036938832112321774,0.13943120180752178
-7.72495840718284,0.39542212552257633,-7.593149995362111,0.23540447931656341,0.005888937194226352,0.0004798896539244195,0.002888861408628429,0.020559484960575983,-0.5882458622828587
-7.722196924923923,0.3879281324048337,-7.593104054029699,0.23540188654817515,0.005401969145116278,0.0010694594194736416,0.002040084245364851,0.015801601358701428,-1.1676095213397641
-7.687360660643145,0.3869850748286077,-7.592967613286956,0.23524549952324203,0.0038334174725430333,0.000502170214126497,0.000922047954580712,0.001951934345814833,-0.452217784492179
-7.679011289102589,0.3901408364097762,-7.593003530159371,0.23520334895375183,0.0019036969009657038,0.0022031213659914005,0.0009935495872233123,0.0015322993172506526,-2.1608410846533146
-7.7252500420289225,0.39478987203368837,-7.5930978308636,0.23540563872264933,0.005725921962299668,0.0007679081202764535,0.0038619937361442113,0.03217798128120181,-0.3141389201810627
-7.6903489776884655,0.38647210893904094,-7.593206545925369,0.23525545943604534,0.002630999591359596,0.0021622019139593564,0.0009798318228009968,0.0019319266736793116,-1.1534040825624001
-7.706710458910889,0.39130463080831845,-7.593119360860834,0.23532520178904184,0.004936755584363718,0.0009183899246259283,0.0012306242638180644,0.005905454027751397,0.8248766874588251
-7.726823905153534,0.3968123458087916,-7.5930863532349795,0.23541215198683713,0.005846607511643148,0.0006616008478061405,0.0031411868221375666,0.019515661060874816,-1.1560583225093837
-7.693825532367469,0.38818740466306956,-7.593018018899308,0.23527531481556802,0.003138840315619125,0.001911539244481835,0.0009223704296632002,0.0019428700290498274,-0.7935577303714262
-7.7215606376951715,0.39357825060716933,-7.593079241342202,0.23539047838638472,0.005613975316416389,0.0007940913098523491,0.0030114540679360823,0.028636909315019065,0.8005214911131496
-7.693650069812417,0.3932418730208399,-7.592966076958457,0.23526582862900838,0.004364721997542318,0.00123602659490331,0.0009257737346499857,0.0029904480352674176,0.2892815043083251
-7.7256685505942135,0.3990304524632069,-7.593067099076289,0.2354042378380689,0.005662322318952422,0.0009793897025956618,0.003119657505076188,0.024581373054342288,-0.7797918287929635
-7.708270375306032,0.39262003275994484,-7.592985621892817,0.23534036270942982,0.003601545691395249,0.0009688501855606135,0.0008128187460541044,0.0020082514130527465,-1.5892298535775284
-7.719936968371563,0.38961896024773535,-7.5931792986234505,0.2353833906360664,0.005565523054480119,0.0006966879260869766,0.0011854094703361996,0.00735216332652167,1.0747540684173107
-7.673477078131675,0.39550069961781714,-7.593149769627535,0.23517021196007665,0.0022552793960911592,0.0004088208814366034,0.0009351054561026475,0.0012096234665978005,-2.414852925076573
-7.701524821734056,0.39089514284091686,-7.592919794623559,0.23531145540763881,0.0035582627997810122,0.0013130950408245415,0.0008643336249084451,0.0022291771641375748,0.10689091360469478
-7.71082501564298,0.39281267582371493,-7.59301668066029,0.23534473795972705,0.0052505555815573,0.0009107946961337161,0.0019589691046504724,0.011260639203371668,1.1996523086120607
-7.709581744630839,0.3860415582476874,-7.59296914358089,0.23535070920632867,0.004450402698485974,0.0016728224786686865,0.001182575440685441,0.007588936964732455,0.804071885483872
-7.720445046954888,0.39634938843349843,-7.592956135595421,0.2353894109710572,0.005784451131940845,0.000678548212239191,0.0031945582264664126,0.019060176788303785,-1.0188738061603575
-7.672108342354349,0.3863027620056383,-7.592920714477757,0.23518180361633256,0.00290428030175473,0.0005585749516806086,0.0009965561998065062,0.0014596629044077857,-1.0300112649893487
-7.69375841294384,0.3910557230101303,-7.59309051119271,0.2352684522942922,0.0030002807070371703,0.0019143233447629162,0.0009284915019386797,0.0019395771708765916,-1.5414846542041043
-7.693558794322159,0.3921517733095482,-7.5929050510170235,0.23527245339153385,0.003539463103174975,0.001523900450639491,0.0009020276334079178,0.001859396861728859,-0.9047001808569598
-7.692651370492871,0.3991845680133925,-7.593005129762887,0.2352507294783016,0.003570729733948284,0.0014824055377204326,0.0008468281006962717,0.0015964642463994565,-1.6136509317288428
-7.692821092361639,0.3874989519764568,-7.593259205625303,0.23525652017762816,0.0026570964411328332,0.0017182864761018596,0.0009116354399236195,0.001453800085871928,-0.9485540617916494
-7.720491422348039,0.39864423740138427,-7.593122482912155,0.23538065434279365,0.0057327535503831056,0.0007843869281342192,0.005389325794024117,0.042244814965644306,0.3875713890387178
-7.7161828930044924,0.3907992181914972,-7.593101819654858,0.23536895072428818,0.005583379242787349,0.0008959797135727681,0.0021413302057779683,0.012993632078724318,-1.428552779369642
-7.72928167559928,0.3945127383902404,-7.593134055950377,0.2354213536644103,0.005673456448046314,0.0008976404471106145,0.0024897496930825344,0.018191816362609865,-0.22129175984991956
-7.708235271419974,0.38565465856596787,-7.593039789770091,0.23534359041125757,0.0035843496438374358,0.002055956585443375,0.0013685944782912383,0.004414065867692211,-0.2443601677000807
-7.693494063330969,0.39116816742867544,-7.5928700706761205,0.23527247513767902,0.003565949441540461,0.0012924559464797404,0.0009239368337527454,0.0018375671581830773,-0.957025432041041
-7.723273692502492,0.3975227030680044,-7.592953261358282,0.23539501795135537,0.005839132846973368,0.0006403249862809585,0.0028603022868120484,0.015858638480774928,0.3393227227911679
-7.670067320209992,0.3854577307197017,-7.59309380552797,0.2351676396958647,0.0026084740504326697,0.0005667478894587151,0.0009941509181120266,0.0013684874477689422,-1.29762419692886
-7.701346695872382,0.3936666789174362,-7.593009581744664,0.2353015747304485,0.0030881113796995844,0.0020826382670918507,0.000984837865263592,0.0022477256669459506,-1.2184029300387587
-7.7257013460197905,0.3969173777821881,-7.593035502750808,0.2354063577154465,0.005756258730826283,0.0008041699921137054,0.0020291200771683023,0.013571642476571721,-0.0842078981254657
-7.690330804972908,0.3851893090630338,-7.59310214277175,0.2352586471657835,0.003111744609179822,0.0020862326204904155,0.0009671698732316104,0.0020441322745589664,-0.41771344718028786
-7.684626787718808,0.3882845746344398,-7.593121654653159,0.23522614869257133,0.0037815234133233354,0.0011871399012632151,0.0009052135045531137,0.0018725176307380698,0.09409202156293356
-7.676108855841153,0.3930379951140137,-7.593107288492415,0.23518425086576542,0.002068790603397958,0.0015887392933072856,0.000987120623282107,0.0014515040747679854,-2.3509915755589024
-7.725883021602074,0.39970378907763904,-7.5930213043924235,0.23540490423100577,0.005726385087387775,0.0008848207114805327,0.0031447116925440305,0.03077220982975893,0.5918015665751534
-7.691340167273526,0.3875044568937719,-7.593065557829219,0.23525904090324273,0.00300623258441155,0.0017547984226888786,0.0009568385129802635,0.0018977763172729368,-0.7484208285649981
-7.722923909598555,0.39421265191194543,-7.5930577907569194,0.2353982179492337,0.005795362106437897,0.0006761626777627844,0.0019308612080210766,0.013750026297471508,0.21325006797299623
-7.691815673667814,0.3937195550254306,-7.593154374579674,0.23526186643827982,0.0023787801203135318,0.0017103288826970185,0.000965456159159092,0.00148533665215627,-2.0473497073440545
-7.700712625526458,0.4002873910110086,-7.593147355060623,0.23528248783216227,0.002759476707561436,0.0018699746670875757,0.0009210767470413581,0.0016319414794285507,-1.7263990505874813
-7.7130586432626425,0.3900134714555992,-7.593164236366743,0.2353560869005786,0.004831756830400365,0.0013030932374892676,0.0009974323884221106,0.004877372281337837,0.5761911350751878
-7.677393752727859,0.3946042300900782,-7.593060765998015,0.2351857724549573,0.003335248449395745,0.0010648835594741983,0.0009041255045421937,0.001969739669239934,-1.4378532258678804
-7.7016292224563685,0.3888297008693944,-7.593018697640292,0.23530394545246533,0.003676760600534143,0.000853574786645665,0.0008849453238611531,0.0016638215482137426,-0.7979184277121638
-7.665024990630834,0.3918045569485022,-7.592970453425822,0.23514079324306558,0.002008910796139358,0.0004422133669532089,0.0009441853201206454,0.0011654623026595766,0.20697708383694605
-7.723750006924438,0.39317624874780055,-7.59301253195295,0.23540046370640047,0.00555062002249625,0.0008837232715830285,0.002423441325571719,0.017549882749138882,0.5434773587372353
-7.677614628751427,0.38738658069186094,-7.5930174728357285,0.23519422361879708,0.002527509344835023,0.00079063495348544,0.0010016638991420482,0.0014445866488762503,-1.868586921126505
-7.71868302960317,0.389669260553303,-7.593074691730829,0.2353776724233995,0.005389724055999467,0.001145410875609745,0.00160442230330332,0.010857345361227481,0.8863380262241982
-7.72774806836128,0.39735155709685777,-7.593141594616589,0.2354105644446749,0.005833471960335493,0.0006721789610196213,0.0030284294942230987,0.024101643326810432,0.3647185604588094
-7.700195085970796,0.39227657606029065,-7.593300463879738,0.23528905456561683,0.002910617813143703,0.002093222549983531,0.0008768764279802805,0.0018366809554440056,-1.755130570667081
-7.699315095816254,0.3907467533191038,-7.593070565106483,0.2352929012974082,0.002911761052169267,0.0015055357649372632,0.0009012748081327491,0.0015157545767604016,-1.866588570116883
-7.718468373377002,0.39219169810025195,-7.5930493064680915,0.2353808008978693,0.005297571160005304,0.0008149574569527985,0.001322503972689289,0.007691642781283711,0.5378954007697727
-7.693876263053886,0.388382821884547,-7.592978249880273,0.23527490334064527,0.0037160184485376378,0.0016902817320485735,0.0010085008399461917,0.0031796015175992332,-0.20243224677234814
-7.686048642091329,0.3920590552914978,-7.5929654698017695,0.23523501227432353,0.0019137861574065943,0.001800819318186608,0.0010114385024904138,0.001530805606706732,-2.0993107916981657
-7.690168995908054,0.3912475378136255,-7.5930839470008324,0.23525134073448484,0.0020921857270669517,0.0023277570337049695,0.0009949435963038174,0.0016435465756174713,-1.9008783779738847
-7.7227101552873725,0.39100382037384124,-7.59305837200455,0.23540415494392014,0.005467843038363565,0.0011378937867668859,0.0033006133036976595,0.018668631153903523,-0.663466640989902
-7.699338905628804,0.3870236543066653,-7.593052394685815,0.23529802888194182,0.003935171394079447,0.0013512292629642734,0.0009905035798657693,0.00267291992406697,-0.1185308505635707
-7.705414424235715,0.39192371138123466,-7.593244574019558,0.23531688177049043,0.0036344365648920862,0.0017277636352589288,0.0009238532203309838,0.002661400901946669,-1.040045270203969
-7.696497486001262,0.39401072319456165,-7.5932012246905085,0.23527274634641274,0.0029668286354611025,0.0019679953257778454,0.0009684640082462779,0.002165541837653493,-1.5162113422014074
-7.722563075094033,0.39545297882013813,-7.593063514980152,0.23539358660143814,0.0056732754260085776,0.0008440414877801072,0.0030799090569220374,0.0246959307910124,-0.05532700942620861
-7.697363418549056,0.39227284522489264,-7.593096928241559,0.23528036358359047,0.001861307054225211,0.002481871569171022,0.0009633779666422958,0.0016248782847737998,-1.9360616459551572
-7.725062336344892,0.39188942487944467,-7.593055705465751,0.23541126054713124,0.005669357072012885,0.0008381291321101512,0.002483328419165589,0.016840094616564244,0.5617727585209337
-7.692342680260057,0.3867426895255978,-7.593262646270911,0.235259953494089,0.0023937483749145155,0.001297392684460291,0.001012909680048567,0.0016397646430667007,-1.8307264628838482
-7.680325219909992,0.3906680810413067,-7.593287869625238,0.23520337989070655,0.0018358848605579345,0.0017817706534059383,0.0009826676612493207,0.0014850560140982285,-1.9793020903314216
-7.6845502424947165,0.39233200823264747,-7.593070239416292,0.23522115628994059,0.0035443788696188135,0.00044815855268912406,0.0008904347381165833,0.0014897812927984948,-1.0135119374483479
-7.7254725075405215,0.3959463946691125,-7.593125289396882,0.23540577676235402,0.00566653749680089,0.0010348510777248446,0.0034053899557375377,0.018409172741360613,0.2889119809638976
-7.7233495980084665,0.39055500102469526,-7.593086386098079,0.2354074549108145,0.005484055222203982,0.001210573460210298,0.0016654044537651156,0.01180709346217346,-0.03226752695278224
-7.723476782416877,0.3941165381274204,-7.5930340532351215,0.23540513998704,0.005481484488952191,0.0010797150341873996,0.002045445749796112,0.012585024271116903,0.20870653246095652
-7.694541195016328,0.39071291632275196,-7.593050719588267,0.235269268710529,0.0029414207738745783,0.001307029441425449,0.0009811380543104243,0.0019916344654277223,0.3557716085941426
-7.691738177694898,0.3955692082229665,-7.5931476623482235,0.235253538727815,0.00440422635939071,0.000959322039599804,0.001260116809354141,0.008231529282167499,-0.07078100607265092
-7.719822619243892,0.3945253353668911,-7.593117384411896,0.23538446102047397,0.005463543608805599,0.0007931268937528324,0.0019303008797987658,0.010636439790435093,0.0051788190816783345
-7.7227580138139915,0.3931997447360552,-7.593077365439206,0.2354016507614709,0.005594202259100174,0.00101385909062353,0.003054164151272763,0.017497498375149963,0.3379669465917042
-7.7240336576272695,0.39225665252743774,-7.593032844970148,0.23540472410903263,0.005560116355135418,0.0009417725554702665,0.003166532934973271,0.02170651457021052,0.672027568401782
-7.704695724695638,0.390641791239616,-7.593062390230994,0.2353169323489989,0.0037896103385462914,0.0014846437387793156,0.0008691251329796079,0.001988858758373772,-0.4885280937731299
-7.725762905027728,0.3951870152377772,-7.593127852000108,0.2354090835405424,0.00577231243708918,0.0007687910564720309,0.002701265993785389,0.01668896682406982,-0.1558253207651653
-7.700494910498163,0.3907342542985397,-7.5928909474176836,0.23529957225584744,0.00429258229118274,0.001029395503733535,0.0009768158974942794,0.0031441815652845113,0.33705345616102667
-7.68945907564213,0.390613320399603,-7.593137144619678,0.23525460886174424,0.001747119893610829,0.0017579747155276604,0.0010173698002122352,0.0017162143705933364,0.30445352991014346
-7.719668769128457,0.3867953421304728,-7.593076671374921,0.23539485084155193,0.0053208831296594795,0.0012502012385948685,0.0024625846429754705,0.016226411714856503,0.5657598160996337
-7.724319752588757,0.3954827497727061,-7.593081605847752,0.2354009868678439,0.005822243411491526,0.0007073881830099962,0.0032731371772210948,0.019672389360000896,1.0063434674863694
-7.715488355487615,0.387434125546614,-7.593195094568232,0.23536642320253895,0.004388785588116884,0.0018017112693899868,0.0009809775749259346,0.0031096765903119244,-0.4268298017519676
-7.706841918682178,0.3917731750911793,-7.593022899934562,0.23532639247765866,0.004578705199033634,0.000896310013823246,0.0008993262418532683,0.002441243551765666,0.06119629756387418
-7.685213368656724,0.39366699415332357,-7.593041738884983,0.23522994525184163,0.0017731554081676815,0.0024473158662068955,0.0009973066107627955,0.001604244459789344,-2.1510428714949827
-7.691982957143089,0.3885457636301927,-7.592879850729586,0.2352645010014692,0.0033479138535294473,0.001052497342189662,0.000912892710173936,0.0015451407326568063,-1.126450186446171
-7.693145638287244,0.3902226237903512,-7.592972488007416,0.23526837135410175,0.0017904333159974935,0.0024317701126963516,0.0009930268623406396,0.0016843907384330914,-2.2320110491717617
-7.720107485749363,0.39155716630025733,-7.593005943992384,0.2353883745739625,0.005651203606254702,0.0007841469698451791,0.0024019361465577056,0.014814038001642965,0.060977911053698444
-7.722242531913656,0.39670244254575066,-7.593122814547365,0.23538909534679256,0.005552644890956584,0.000983673251665091,0.0031191914205774937,0.020631467008019697,-0.3563832889847611
-7.725173979338963,0.3966230051321034,-7.593122270027132,0.23540168842496448,0.005754927621591121,0.0007907343639606018,0.0030323640918316183,0.02093669759698168,-1.6001423652787763
-7.716250010919742,0.3907302406738694,-7.593053856002097,0.2353709992266766,0.00557730761432165,0.0008547046304620306,0.0028167905870254,0.018470262568533603,1.1353380367461596
-7.721988079101081,0.3929865811112736,-7.593145824951043,0.23539077980115866,0.00551547228465573,0.0009769795585660424,0.0033432292904310924,0.01985807575579338,-0.22121052730550986
-7.702004443490712,0.3884278457594532,-7.592950052468248,0.23531157366723826,0.003027317183644636,0.001995247248428488,0.0009455035036265491,0.002501290602662685,0.23014572410423786
-7.692870844086412,0.3943840146930191,-7.5930018961878964,0.23525923974803578,0.003223907186986174,0.0011069025004072663,0.0009043643048706227,0.0016195300495014293,-1.7178622667538999
-7.717646201479496,0.3944692456982423,-7.593098190980868,0.2353733771725241,0.005581636236169249,0.0008246249439090267,0.004348681883345076,0.03183721039153402,0.5404148779893179
-7.690414348228291,0.3925338762940244,-7.59307375448443,0.23524757230810334,0.0028069464540846465,0.001593918337976736,0.0009067539369705688,0.001530862539418412,-1.3380056706120238
-7.682621900094548,0.4004731938505312,-7.5931137135022855,0.2352071996824489,0.0024120469824888066,0.0013528360264734459,0.0009070628843890822,0.0013214580823483776,-2.219996094033664
-7.698707670034547,0.3880103197363557,-7.592983970135251,0.2353002279509852,0.0025650445494966685,0.001972019895317625,0.0009346448908478757,0.0017498415871591683,-1.5453260273629155
-7.705553778407123,0.3886158965796429,-7.593072071304031,0.23532340333406251,0.00422384024054058,0.0015389249753572037,0.0008934507139277164,0.0031972528649821166,-0.32099439956763925
-7.7184302590551335,0.388289056995567,-7.593048280672576,0.23538456804106883,0.005508687045391124,0.0009668678467224943,0.003912389466373969,0.019216655300573687,-0.37998528380634566
-7.719139382090505,0.3961100888033716,-7.593124338198395,0.23537966274390917,0.00554096724523395,0.0010476995550288836,0.003103207921586106,0.02566278506777885,0.7318552165615607
-7.708768352168674,0.3926190185718206,-7.59301899576003,0.2353335648590084,0.005197306954975345,0.0009646455516912933,0.0017353828767404007,0.014067443350968486,-0.21842152914308136
-7.727284376852099,0.39065434540631006,-7.593119082684011,0.23542142900574833,0.0056257185030928305,0.0008757988188086884,0.0025923693928036713,0.01569166071824689,0.5037230314928423
-7.696526917658027,0.39360442937320506,-7.593256733483645,0.23526830586682515,0.004289391823317069,0.0005674775147057591,0.0008255503872468063,0.0016925745877207825,-0.18626554717259
-7.719129020562319,0.3950943593367227,-7.593062663223794,0.23537810018536287,0.005677377401169326,0.0006152034273075204,0.0013733312665097047,0.007426440461348887,0.014915838316055533
-7.697199994507911,0.3910104547046704,-7.593015710830897,0.23528115858486665,0.0020019851026933694,0.0021300631099499872,0.00092828306099038,0.0014265588499326831,-1.955424890669166
-7.70310547194149,0.39053072945831613,-7.592971540407978,0.2353200978106507,0.0035936334399288474,0.0014908044080983382,0.0009127025022353062,0.0022712950260512653,-1.2591441683475806
-7.6915875594299665,0.3921166779540614,-7.592824915919685,0.2352611518843458,0.0025241487201352604,0.00165767163204304,0.0009569416038574813,0.002090040726711465,0.1492139418258666
-7.6992384971454895,0.38993826416094235,-7.593055838995311,0.23529048357130625,0.004541133781129647,0.0008597868070380912,0.001112969256533469,0.0036887321967484987,0.47929209196403416
-7.716458401763958,0.3901876630542253,-7.593053902094147,0.2353701814589142,0.0055457312743925095,0.0006817122743633181,0.0022714504817478868,0.01776776526927365,0.8015984848533892
-7.697626594876502,0.3913815255675595,-7.5932217202746015,0.2352770062142715,0.0033444331934494903,0.0013700614544269723,0.0009243325383219591,0.0017465406399456134,-1.4648392446067837
-7.710803750161687,0.3917574131910421,-7.59316258473795,0.23534315807489592,0.004693439058053896,0.0010799833484304087,0.0010189073502250745,0.003954742532807354,0.2774863849496342
-7.722694923796328,0.39160313493245685,-7.593146562614838,0.2353954853311465,0.00554983925381928,0.0010213291250639495,0.0022830362092056866,0.01823060376216581,0.8792409925703766
-7.715822113016388,0.3900307238540558,-7.593080054014546,0.23536930693422303,0.004491731868027243,0.0013902509099659875,0.0011958839653058264,0.0055436068698956065,0.25075923873087724
-7.710506266883004,0.3855771927851877,-7.593121761735355,0.23534921113433152,0.004299873887876726,0.001580613657006667,0.0009233656385754938,0.002691500216442076,0.7430876420080571
-7.72032578628914,0.39296916156272693,-7.593001139134733,0.2353849512825589,0.005647518781707628,0.0007671666999295695,0.0013701635716711527,0.00867911211878146,0.4272774485241517
-7.721098213784019,0.39457093964332746,-7.5930097610995455,0.2353869064032495,0.00569114950760093,0.0007431421930551949,0.0023641199582739914,0.015338060836155873,-0.32818114630592776
-7.689273892650787,0.38776057807532927,-7.59311060289417,0.23525142263503201,0.0021377316589728055,0.0018382193744256071,0.0009941214813495422,0.0016412426341212093,-1.986432305079088
-7.6794589778553455,0.3872861091509401,-7.593207562587909,0.23520258281465925,0.0039373951207667115,0.0009459593029095268,0.001048221644287119,0.0036058554548084555,0.004463753760825788
-7.711561922317474,0.39007514334439397,-7.593076825380428,0.2353446498868164,0.0054310836436334544,0.0008521739921032517,0.002495182456751136,0.01624828524444651,0.3845232771716664
-7.6900805685542695,0.38480918047353807,-7.593043533822406,0.23526440049367617,0.0022039690397390606,0.002127479444205273,0.0009347432006287132,0.0016369867724023222,0.2095784038666002
-7.687604123689175,0.39146774309627597,-7.592961598070054,0.23523918716740172,0.002622169853423066,0.002304189400090724,0.0009304469277206542,0.0016934126184709687,-1.3473703153284486
-7.704396104651861,0.38703310816607117,-7.5930946828330725,0.2353264474010961,0.00426824213814388,0.0017989140905742523,0.001183807750185758,0.005432585450511293,0.5376891506080534
-7.699811256275025,0.39692375466659174,-7.593103088926553,0.23528514326101937,0.004481463971025445,0.0006172503925180763,0.0007899454028225998,0.0018752389931487225,0.015589546993618862
-7.6928671684730965,0.39093069967570726,-7.593063198197671,0.23526738089480448,0.00214035684426212,0.0020134320072057845,0.0009315135354711851,0.0019691021077834106,-1.9768468008678264
-7.6897341927448695,0.3926011466996602,-7.59316017214574,0.23524676335776823,0.00308629929804763,0.0019232436162816638,0.0009180928965768634,0.001738914104779935,-1.3068219587836234
-7.711752296222144,0.3888932490879392,-7.593110139524864,0.23535422347865034,0.004236427326621863,0.0010255062036914119,0.0012180366225821946,0.004341750428253637,-0.2475588343477296
-7.696385797539063,0.3886090490874264,-7.5929378892493125,0.23529192591715267,0.002901817177414627,0.002212205004448778,0.0009420325563856161,0.0020335896928438263,-1.4513379353724623
-7.688008757162543,0.3879324259956446,-7.593100937823448,0.23524648507831922,0.00345932392503354,0.0017407602642494978,0.001418087388097895,0.006186489763514937,-0.4699017547939363
-7.671387348144519,0.39033154009350074,-7.593074232838516,0.23516422112958704,0.0020191549905272995,0.0016568631349743333,0.0009928102221039693,0.0013920265024197492,-2.1105725366707446
-7.723034797108272,0.38993226507372913,-7.593002401933969,0.23540808803115673,0.0054491030722106735,0.001137700764534619,0.003257572687315778,0.01945557052540042,1.036816063686078
-7.667570847959798,0.38765038706132654,-7.593022787889692,0.23515617640144462,0.0019170855617357551,0.00031843007067975076,0.000991717995960722,0.0012484245942856822,-2.2319116569128568
-7.6947815935346835,0.39500557698512007,-7.593137169122145,0.2352710277421703,0.004078697372759245,0.0011360057492729235,0.0011884060841966426,0.004473013573821907,-1.1054766339060462
-7.713741712122559,0.38972594736768473,-7.593014805633196,0.2353641165871641,0.005372922802677243,0.0011928015390709106,0.002286394845758331,0.017111437213902573,-0.07667735285853419
-7.690143996503386,0.3828470204122393,-7.593104818355619,0.23525741762219096,0.0010116503225297538,0.002457350713218998,0.0010828730545469338,0.001681987676698496,-1.8249845318012972
-7.701138129630435,0.38862211470714847,-7.592964838859789,0.23530532833966422,0.004223668054453891,0.00128973757552165,0.0009359489628707798,0.0029211056133583444,0.39923590462577374
-7.706637029457964,0.390870244317887,-7.592911918100459,0.235332983539809,0.003993314531721761,0.0015614502371667136,0.0009122171510148712,0.002237927104054767,-0.3478585648435618
-7.683421379032639,0.38444898159303253,-7.592977084416714,0.23523267719993982,0.0034882201292612018,0.0013796810604843049,0.0009592091522673249,0.0024475720205837624,-0.7648542327572992
-7.708697711312997,0.39748481562646476,-7.593228250522142,0.23532697974636474,0.003524046986724312,0.0014933133476654774,0.000833655998740581,0.001510390062881533,-1.8622607524595445
-7.702451360837997,0.3969572156173614,-7.593256760458083,0.23529146584220878,0.004282354630027564,0.000780892011673354,0.0008254860404937336,0.0025801473640835043,-0.402745005709945
-7.706393570320146,0.3968453207454808,-7.59299724950908,0.23532030141652407,0.0051822939272036985,0.0008137475055816656,0.0022310423663554416,0.012035065695663573,-0.5501071041490269
-7.713516353494504,0.3870670464324323,-7.592971484616541,0.23537311071505154,0.0044708166715450946,0.0017548608656124383,0.0010031266774946674,0.005010658841779684,0.6183383077876061
-7.720748438855464,0.39498243540144057,-7.593040008833539,0.235386797695016,0.005585031177932399,0.0007977707601414368,0.0035853375530749275,0.02719623079949236,0.8954922597314847
-7.686986107707769,0.38956034675353685,-7.592963479267983,0.23524342745955465,0.0031505229482503153,0.0015215969387713346,0.0009317599644067546,0.001675890689309691,-1.0335354883491115
-7.709479129504279,0.3922652598182072,-7.5929290232688365,0.23534389904136022,0.003123951836371648,0.0014182300462923345,0.00083347023921503,0.0019144060026022823,-1.5593178741643774
-7.704971015922764,0.3850354389506354,-7.5928907891880355,0.23533156212804776,0.00397084054418975,0.0012925319513186469,0.0010397667106152118,0.003426327457775546,-0.37873767391622265
-7.6939992303746205,0.39141076918155726,-7.593024949732497,0.2352668353324938,0.0020217067144669126,0.0023954835423938554,0.0009817506945092077,0.0016519379519784557,-1.5276169741647943
-7.686914513185458,0.3867428772397343,-7.593220825090696,0.23523812431193367,0.0033173010361588063,0.0004552293799517044,0.0008814840296534918,0.0014780595985091375,0.09459856657132595
-7.694289995924618,0.3937220878554711,-7.593172510370159,0.23526134968938467,0.0015215469833748327,0.0025135600885827845,0.000982100913369585,0.001874274647455851,-2.2419581943690465
-7.708332886793213,0.3877388970728832,-7.593095042707194,0.23533792361254607,0.004571129045067943,0.0014918334936515894,0.0015005608789517946,0.006995836966235403,-0.04431828171431797
-7.720950258044938,0.3927663682540038,-7.592982465319796,0.23539238114167824,0.0054835932918073154,0.0010651782927961245,0.004866929330387999,0.04776905693247569,0.511717218846439
-7.676813494633118,0.39791629309560667,-7.593059416168569,0.23518166937543425,0.00279122598390474,0.0007283534480662536,0.0009067727084401898,0.0013060676258325843,-1.6903444139828399
-7.695733479434668,0.3935463325993826,-7.593190373532177,0.2352735344357876,0.0032327426942735118,0.0013987424534220555,0.0009787574563060815,0.0019075931618752413,-1.8026984596205546
-7.695647204247617,0.38871523002898617,-7.5930825710454775,0.23527995774783605,0.0032445207344144887,0.0021168716090223592,0.0009823064980648754,0.002597660677910286,0.06967675302300004
-7.692483236623115,0.3966316820639868,-7.593178557557333,0.23525530104825054,0.004759859073029881,0.0004054873030227233,0.0019054115764232304,0.007741226198613048,0.25091577026098827
-7.692967778329427,0.39586307847521907,-7.593119766273026,0.23525842413019304,0.002730058405179534,0.0013739578986657534,0.0009416493002075357,0.0014838445807125891,-1.4371307757460492
-7.7106297991571155,0.3914906808803718,-7.593042864344259,0.23534291997717088,0.004684299468253225,0.001204476772998062,0.0015363910148033866,0.006959712282992812,0.8101382922678316
-7.692564335294895,0.38803324394961747,-7.593083504326355,0.2352668121765665,0.0029767306617552347,0.001971546580731683,0.000960286332523376,0.001771261129926434,-1.346291914805938
-7.728182801739065,0.3951702999439755,-7.593093686522363,0.23541864183101638,0.005605630484987299,0.0009738651135364688,0.0029676467140878886,0.025006379123340746,-0.8371276050676407
-7.666034990117201,0.3863363272944915,-7.5932307837877016,0.23513896456822453,0.0014786342084188969,0.00154449577971366,0.0010246039764834334,0.0012994762007500224,-2.0906361451188955
-7.685388520577116,0.3875420214250288,-7.592854165118732,0.23523507584372585,0.0020804953340308346,0.0023475995588493202,0.0010061003625976299,0.0016654474462005735,-1.383901430882485
-7.681902604156825,0.39292604296473743,-7.59316326199264,0.23520407721752434,0.0034045223487181226,0.0009535254989170047,0.000907728933613221,0.0015406879411084438,-1.0700963559832435
-7.703489111875833,0.39641163952920694,-7.592995659700433,0.23530673287616258,0.004622676986894389,0.0013219781770981583,0.0013115892367608125,0.009133772310523,0.213871374815135
-7.701089390531098,0.3847614863762866,-7.5931247440131955,0.23530715164845936,0.0030794840814622306,0.00206082168633166,0.0009915886760000724,0.002038205182246083,-0.7766264064943799
-7.697474792499017,0.38935649666034877,-7.593062889467493,0.23528505688061044,0.003544298754339951,0.0016157548564557152,0.0008632594246416375,0.0019384850878327654,-1.0478897414608264
-7.730387876927867,0.3957019062804909,-7.593140213395325,0.2354311865158521,0.0058169983758105765,0.0007323511783641246,0.003078720001826702,0.020613928785180716,0.031123407403918585
-7.726350664230898,0.39523860375151554,-7.593103613548621,0.2354145168953248,0.005512550111254139,0.0012170101472041394,0.0026369107994247153,0.019478222002140586,0.8901740875334381
-7.723478443700015,0.3932540443622996,-7.5931049228214045,0.2353984050751429,0.005424762176643205,0.001066789256485696,0.0031479898938769767,0.028205216372067108,0.7502699818782552
-7.698827951312677,0.38857532913666526,-7.592976981112753,0.2352998390063361,0.004348884823043889,0.0014948416476600842,0.0010363957796888177,0.004651168367626232,0.4380498237780765
-7.716252033354863,0.3881172404520902,-7.593100478855101,0.235373410716552,0.005362205108855554,0.0010793931831776515,0.0021718543726167027,0.01329913837627185,1.640651222511321
-7.693663577727829,0.38866682195055796,-7.592998448004201,0.23527211054845443,0.002934769426415143,0.000990936041501638,0.0009276797843319879,0.0016643584450711318,-1.5401578692512017
-7.7274548421938825,0.3943474731043501,-7.593056930481675,0.23541625920679882,0.0055655471494747396,0.0010352097686177502,0.0033142035796269033,0.03045223629079431,0.36514130878357925
-7.714209738013592,0.3921471853726939,-7.59310613258521,0.2353632845825588,0.005562240622428345,0.0008295330551707165,0.002279133404710558,0.014959632681530527,0.8575254198593393
-7.724853079836797,0.39288870291909334,-7.593195058351904,0.23540451881970545,0.0055812953115365865,0.0009105432110198396,0.0021951958453921444,0.016707272479949183,1.177294814435157
-7.704927578423918,0.39490734843805225,-7.593110826795808,0.23531304793123678,0.00462493267393233,0.0007115629982071206,0.0013095198303519258,0.008066537026698807,-0.3143599584138654
-7.686555908944886,0.3976242850634813,-7.593098140891336,0.23522172548148593,0.0020438623520328022,0.0014902275513165675,0.0009762067740999091,0.001445559805944336,-2.066574723022081
-7.69905179345065,0.3849800293486325,-7.593073952553532,0.23530218824609894,0.004380447759273409,0.0012762147753160994,0.0011103638070258089,0.004213171789681444,1.0220705277840496
-7.699595039173613,0.3918503635010254,-7.593070276353233,0.2352956747018381,0.004205510841136078,0.0010550373514645974,0.0009198512857960092,0.0023695976874317983,-0.09982530642107984
-7.686864698441272,0.39195069329749194,-7.593114586804047,0.2352331289755805,0.0031173972141213847,0.0016846318278840385,0.0008830758364766309,0.0015761540996313609,-1.257763924128713
-7.723396925006834,0.3913509971233962,-7.5931124899857405,0.2354031204503833,0.005576803363887102,0.0010741722778005245,0.0019356571414969746,0.013239689951236736,0.2956598770688147
-7.697602636333727,0.38715131086510385,-7.593106136344478,0.23528899150313382,0.0019186437496171113,0.0022282874896537106,0.0010271356652650498,0.0017740174981177477,-1.9241695747875787
-7.697296933891457,0.39492923854559603,-7.593200969069144,0.23527367812425784,0.00273655098733604,0.0010502380474849576,0.0009552546158440613,0.0015437290382679478,-1.622391427332182
-7.714368136731542,0.38811257451736053,-7.593187855480056,0.23536488096426395,0.0052657307276075,0.0009095707468700287,0.0018535659075855403,0.010500325518518672,1.4088196507542203
-7.713312559949242,0.3943109224734904,-7.592966535571991,0.23535743557463706,0.005486810791008971,0.0011019797654827864,0.002766825330120639,0.02113197381240923,-0.6066089284145888
-7.69886935380909,0.3855164424388938,-7.593236375258081,0.2352934985798458,0.002953806041407703,0.0021528288021287353,0.0010141225131067293,0.0020982381953096236,-1.1822993639495172
-7.691890977445871,0.38964994028489863,-7.593056647416095,0.23526110366779937,0.0044002719925295706,0.001317341497319768,0.001004743496554742,0.004173500557898045,0.46190984193571866
-7.718673522307082,0.38914372893157,-7.593064996929656,0.23538319437264454,0.005433050458668211,0.0010027753758678646,0.0012026791820163932,0.00711807704576785,-0.5465647765479039
-7.7010319145936466,0.3886292502368468,-7.593089799840169,0.2353036681800456,0.002933811494450391,0.002125067599304902,0.0009394469348045884,0.001942119553514125,-1.1737423945318497
-7.699748191721069,0.3864870851535741,-7.593150727844712,0.23530122707296874,0.003112833272453187,0.00198244775780684,0.0009415612542211341,0.0018707791607569496,-0.8834583722929715
-7.717129801100487,0.39453766587343325,-7.593129438773751,0.2353668264878109,0.00550712137380357,0.0009527961799286908,0.003126899534296677,0.030289843137510892,0.19548309912349812
-7.67988752467776,0.390554398330916,-7.593113810784204,0.2352032898122603,0.0021605753829205708,0.0014267095220302029,0.000955235868666518,0.0013842408427172821,-2.0619364708011263
-7.678304698060792,0.38908515887758915,-7.593128026820074,0.23519799760760862,0.00396737758576127,0.0009784398094809669,0.000949067062807695,0.002226127433705438,0.2627652666846241
-7.722854099624784,0.3914422673213135,-7.592959194639982,0.23540328023896698,0.0054878575559405935,0.0009236398663764956,0.002327734740683003,0.01680490853464197,-0.4369075337974824
-7.675814214796817,0.3883576559438687,-7.592960203863234,0.2351862405264482,0.0025188887822148575,0.001011735958510769,0.0009782063165727748,0.0013700412847452838,-1.7738820894145653
-7.684672171732386,0.3862797872348498,-7.5930008003871405,0.2352323300834455,0.0019496706498452504,0.002465496909243753,0.0010400220013002514,0.0017508771961240355,-1.6526722188996283
-7.696155029028837,0.3906013839069976,-7.593071087971767,0.2352747723510403,0.0026048831377590456,0.0022968160892496998,0.0009821964241715153,0.001980069203049538,-1.5618357556543223
-7.723982702669893,0.39301418515268316,-7.593093566585485,0.2354035418455919,0.00569462164569194,0.0007149810831264882,0.002049308885489243,0.013710555457147344,-0.48448077765469194
-7.7062273357987,0.3934537312655726,-7.593048532598565,0.23531764245070166,0.0036637075759368143,0.0020383471214498747,0.0008271932601500875,0.0015531362466425986,-1.1529141642185428
-7.694471461464689,0.38334997663561954,-7.593077914950075,0.23527510223833417,0.0035158578574110435,0.0018222180573682957,0.0009528251760085599,0.0022731060793347736,-0.19588185194817
-7.720100500174743,0.3930496427821098,-7.592988318081573,0.23538917533802511,0.005499875413978236,0.0009795199892631355,0.006136508252063395,0.0494475233160122,-0.015613958139219366
-7.722935890112512,0.396009407757015,-7.593107932537075,0.23539604675986725,0.005815033582970095,0.000643250395558293,0.0027484691537598012,0.022220823877895153,0.9209024482958031
-7.71117123628506,0.3931171995059236,-7.59298081077977,0.23534653853534654,0.0050680593036173715,0.0010142474276557635,0.002104980398302135,0.010995842260248544,0.041502708531244374
-7.723297980124933,0.39605388675490644,-7.593059906163707,0.23539599747484405,0.005537171470277602,0.0011682436692142862,0.001605316232576424,0.014377922105279502,-0.47439659809214485
-7.699833931263519,0.391779012368876,-7.5930902266432545,0.2352978372821354,0.003993166841617867,0.00093115474302731,0.000845835507597895,0.002007148354193561,-0.7457149969565361
-7.71428047208037,0.3933360758317743,-7.593235194168326,0.2353546908234736,0.00557706575609918,0.0007592893600501935,0.0017661859452731154,0.01072175984295142,0.5002297510262769
-7.724993673725,0.3983952891393814,-7.59304807648015,0.2354020316978265,0.00567000304086308,0.0008588864960725631,0.002447530282702877,0.022624571558862657,-0.2794274612370802
-7.6826472063862505,0.3892782807334046,-7.592999316779356,0.2352176076638028,0.001608220125207895,0.0010802327665211421,0.0010451779510197974,0.001469352787918942,-2.2276096239329037
-7.7093818614437115,0.38979696669314934,-7.593177431828299,0.23534009333457634,0.004735859967297263,0.0014347055675040504,0.0012635046104374022,0.00689931885385261,0.10804991646436357
-7.7007323867668775,0.393558906705667,-7.593016600371112,0.23529423096565474,0.003256891720082667,0.001364147420646836,0.0008811855487876055,0.0016460748285478427,-1.0395733843736814
-7.673089859420471,0.39450358619318315,-7.592957698062879,0.23517665510623914,0.0016914725508419871,0.0017028995608879079,0.0010072072320199332,0.0013834451119879153,-2.54758098627602
-7.703035260037949,0.3894840373328094,-7.593099176869554,0.23530857150741466,0.0033039881321206823,0.001505269261302998,0.0009435502407573472,0.0018648751166334026,-1.1021479491095525
-7.682452941599735,0.40084892322696664,-7.59317072431515,0.23520346803570025,0.0021890168292366292,0.001861860445240296,0.0009537044265165898,0.0014974405397407784,-2.0914792388727492
-7.712625032633201,0.3908601963827111,-7.593070602712702,0.2353550358942187,0.005367038576827633,0.0007673774617160939,0.002063088588991932,0.009536404074790027,0.16320346821120454
-7.690431738180746,0.3979417677097002,-7.593162992177154,0.23524437140598328,0.0018793612103553776,0.002154392840718465,0.0009173917977751634,0.0014300232131587104,-1.9473577956493746
-7.707151038971143,0.3942577472243208,-7.592984489246419,0.23532898986796735,0.005492892071618115,0.0006490402111110687,0.0021046891471504657,0.012341511978817667,0.6715953221305745
-7.705421442100819,0.38538201634956726,-7.593090295643877,0.23532169710466128,0.0040317626880767765,0.0013088563620671238,0.0009554018404984878,0.003117096272365658,-0.038818211957339456
-7.717665758726312,0.391896498806788,-7.592996023570262,0.23537811131015396,0.005568612904767581,0.0009495889402548875,0.002947718967901418,0.016869140898813955,0.3902092351987112
-7.726202744009471,0.3920259440191758,-7.593057544815541,0.2354159442044269,0.005578282805123356,0.0009209759198207912,0.0029332288374282847,0.021026500268776217,0.14057452038876506
-7.69141218580337,0.39463782084330024,-7.5929322367841925,0.23525240218969648,0.0036740861926596756,0.001371133364573008,0.0008615359461821981,0.0017116302203583644,-1.0707103760385959
-7.704051249325817,0.39561301522799946,-7.59324461107496,0.23530357022498052,0.003608926993709798,0.0016277174588574504,0.0008295727165642359,0.0017528457957826885,-1.2502254682134377
-7.710948771162921,0.39022637549930583,-7.593102270652371,0.23534180229805657,0.003473004303852067,0.0012554558924892526,0.0009212163114624744,0.0018829662740753343,-1.267366300292318
