-7.738398505372972,0.39851465087116517,-7.593058003532462,0.2354645642624644,0.005890329626712398,0.0006993596841252431,0.0023983279591138816,0.018136588419663025,0.11666243770479685
-7.708912143600395,0.3966171874749848,-7.5929842713772056,0.2353360135683649,0.003847465261820338,0.001247035227306164,0.0013888347939393945,0.009650676185179794,-1.1610479731162149
-7.736042243126019,0.3979775252008861,-7.593102641655153,0.23545256558633582,0.0057326252669243835,0.0008264370020067717,0.0033795014034484804,0.047647396781359645,0.2808094732363236
-7.721498324456077,0.39988449217601313,-7.592962384173671,0.2353902467567323,0.0036442954223391455,0.000867389230247748,0.000775928760720153,0.001539202109169308,-1.68136954924642
-7.723227545512304,0.4000362304748006,-7.593078693992681,0.23539226880260938,0.004609218916546253,0.0013480860754137383,0.0014460588197448738,0.011443897089527309,-0.861157688246498
-7.736797746720426,0.39806501400941524,-7.593037400115708,0.23545797236538776,0.0057492450656668435,0.0007882115095204186,0.002916036597955925,0.03194284061962687,-0.13749252022497455
-7.734231477467442,0.39638194387057835,-7.593057557793976,0.2354498573002383,0.005771636181990138,0.0008350097360085752,0.0033078819762599946,0.02199773091849297,0.15884348857901137
-7.72114315111308,0.39104667178579294,-7.592996876308697,0.2353966363841435,0.0028407663842647114,0.001304707669757425,0.0008438995097267726,0.0014232286253446232,0.21772346796372236
-7.729650173674279,0.3985131850312196,-7.593034212834697,0.23542971745180183,0.005796229786454975,0.0008164698580659231,0.0032967253912849635,0.024022024001556883,0.008231515368054023
-7.705726114450331,0.39605440976374,-7.592992199525948,0.23531747557722188,0.0023675101229105643,0.0008385920004856729,0.0008579543729598614,0.0011064694750961672,-2.3857311199316835
-7.733928714486095,0.40077892693080297,-7.5930445923082335,0.23544280168236098,0.005810821933733123,0.0007970891597364535,0.004234773815094023,0.03307539461238331,-0.04334223145998391
-7.6967127777775595,0.39202207274361534,-7.593012149005983,0.2352863309544278,0.0021441563714082942,0.001678990984862172,0.0009260977716474045,0.0013362323820564977,-2.4217385205330295
-7.736021016530107,0.4016365480471652,-7.593038168514034,0.23544802310801935,0.005812644476640529,0.0008034608748136207,0.004382561434846001,0.03881350172978956,0.19211376463298685
-7.716399601953493,0.39607054780841594,-7.593145733285482,0.23536596788943007,0.004829684202278459,0.0008021566522315793,0.0018765460120138608,0.011698512255254999,-0.12984911803720764
-7.72977800781838,0.3993531527694904,-7.593001267484734,0.2354252334714449,0.005484723773235589,0.0010864088251325678,0.002322282471907277,0.019135166733117315,-0.08883392706563915
-7.724006010213897,0.3933844499544575,-7.592987373931245,0.2354052308850507,0.004961006132487149,0.0010365339370901848,0.0019311055781156814,0.009010260487319406,0.37290882695576716
-7.73581709049005,0.3961687908771063,-7.59304176234859,0.2354556003959863,0.0057373151376419,0.0009178665413147381,0.0029114119024313077,0.023799642365652567,-0.49693212588378066
-7.701333623784301,0.3990077534232073,-7.593087790269214,0.2352994412786046,0.0008665878364292323,0.0017217330619083517,0.0009187954461708771,0.0011360240361526122,-2.511190917652642
-7.735836731306522,0.39831096953487033,-7.592993669006238,0.23545761757067285,0.005697837314843687,0.0009391823652218534,0.0031679703542017625,0.029369399484781934,-0.6144610654658661
-7.709175644352935,0.3984513884480572,-7.593059425030368,0.2353335462284325,0.0035792831390492183,0.0005751673673119055,0.0008675847269767083,0.0017947559133384985,-1.6905840672878782
-7.731312474061421,0.3982826890619207,-7.593080810405088,0.2354305729208241,0.005707658137414572,0.0007608642239203638,0.002518609962625827,0.02533015313896498,0.005037744879263327
-7.731606181671169,0.3998242531450638,-7.593036402718268,0.23542976961523762,0.005827205653289681,0.0007341552160928152,0.003110615933848775,0.030159287651193113,0.6200380579426703
-7.715512151912507,0.3954331916212638,-7.592988430999062,0.23536886526041262,0.0012691903531449025,0.002136814949004876,0.0008961644957110314,0.001377341692261707,0.39978550253808015
-7.698953096038949,0.39590699824589015,-7.593007955180985,0.23529435256918588,0.002827829235912232,0.0009134002794324239,0.0008916353223432805,0.0015216400767046146,-2.0229972124797273
-7.700434793165805,0.39251132032903985,-7.593065107432015,0.23529901915818632,0.0015039188904036017,0.0024947667198686836,0.0009714579489315617,0.0014623845851348184,-2.1479136537326555
-7.734528985549801,0.3955940761973172,-7.593032185012278,0.23545152834854333,0.005609353353065474,0.0010538218970505184,0.0022676214243383323,0.017553439542001736,0.4513895767881142
-7.724240130885818,0.3930257588580502,-7.593020085786398,0.23541117985274754,0.0034878654172135967,0.001921241002478657,0.0009122067701523961,0.0033825528579760587,-1.0906916578362975
-7.709864214324843,0.39254700140197707,-7.592931336171839,0.23534682286551903,0.002356329337683207,0.002389272279830557,0.0009150288794730739,0.0017504008632477437,0.2734668324152912
-7.7106851382777295,0.39229902621953616,-7.593132542256096,0.23534334600722545,0.0013914789232801511,0.002245940874196413,0.0009324419697700611,0.0013157955757164372,-2.3352390489376162
-7.73633084399385,0.39672005311278485,-7.593011953347039,0.235460344803135,0.005784701811261875,0.0008452304842836019,0.0033976101233034266,0.021186454364993088,-0.4067379446706274
-7.7088704781009705,0.39573294755521193,-7.592959196502181,0.23533771949882848,0.0022709856876737566,0.0019515370318454455,0.0008878929784020386,0.0013364601924650257,-2.3109346062312666
-7.733462570123279,0.39601087166989607,-7.593060322054574,0.23544529639676245,0.005442896877059748,0.0009842534008932073,0.0012133753963022571,0.008089874077459015,0.4672959994439544
-7.715833346443925,0.3965762531333936,-7.593012538885342,0.23536710931318192,0.0017619256731292968,0.001966096183718115,0.000880458626661918,0.0012856740415954327,-1.9819157827886837
-7.71063791828086,0.3945992371114582,-7.593097791828009,0.23534342569340655,0.003785569360757114,0.0016656465815168835,0.0008969716844165006,0.0027883777840357663,-1.148450903071903
-7.7288263106709625,0.39517824421541636,-7.593012703930551,0.23542583516405854,0.0034246949798928897,0.0018961258809545804,0.0008489389817339995,0.0018583640979474912,-1.760397891728008
-7.734439830179773,0.39716542265539434,-7.593069290210628,0.23544713787039517,0.0058542954345988515,0.0005220534763163233,0.003021525384926514,0.02295463585200188,0.4360804643599042
-7.705989297839852,0.39145265761715553,-7.593009569319923,0.2353301322725499,0.002104546900838679,0.0012187825078431014,0.0008992274874509233,0.0012578835032296517,-2.3404490187802938
-7.733168516735257,0.40223025583123884,-7.592967235990573,0.2354375344882855,0.005874474226501857,0.0007543485441887412,0.0032213491971456324,0.02351843384224238,0.13715460430464388
-7.739146874333484,0.39466821595014673,-7.593002568577121,0.23547580547344318,0.005695588075356375,0.0010404795962144471,0.003088805906737323,0.02121495872411571,-0.530064439868143
-7.732044785303841,0.3966701195470641,-7.593014981534032,0.23543935552175108,0.005766464583398798,0.0007213075470267718,0.002552259787409902,0.01889074427912848,0.21246620094130989
-7.730722967652204,0.3992474388500568,-7.593021942157924,0.23543023225959006,0.005932322373004513,0.0005998151832373508,0.002845390658396356,0.02147087779021268,-0.755228583156158
-7.735303690381562,0.39726022165564495,-7.593074708861135,0.2354520987389429,0.005750873690217263,0.000882869606116712,0.0032628860983924183,0.033712282002622974,0.05214508840879929
-7.73733785821964,0.3951057700925517,-7.593020122710098,0.23546697809087308,0.005571640429398007,0.0011530362817268839,0.0046184456956602045,0.033884610472593904,0.18559952529146667
-7.738351921155363,0.40019123682954433,-7.593010703239266,0.2354604257261024,0.005892094715399143,0.0006719524332883722,0.0033277269691824917,0.03124137927823389,-0.3371057777240602
-7.7267947584449015,0.3943333378128998,-7.593081797450594,0.23541842937577037,0.005416327890278005,0.0009711020928007273,0.0012419570534384508,0.007152513354576972,0.741558439030547
-7.7359642195204,0.3970933723298219,-7.593092524182672,0.2354556490222147,0.005902968830826562,0.000654203137958777,0.002938412467626301,0.020519548943199347,-0.18439465062590918
-7.73311460229417,0.39789994969166215,-7.593072021180074,0.23544108949765372,0.005715309752082368,0.0008962737571321373,0.0030496755976372643,0.026317879441470654,-0.2401322991795227
-7.71207119288159,0.39545435371813686,-7.592954672156713,0.23535109766730272,0.004421943720637054,0.0005752551712468872,0.0013146196345821173,0.006710349889774827,-0.13536045184857154
-7.708720122675038,0.39038110038611873,-7.593032555257916,0.2353402479928843,0.0027003318206050867,0.0018847027863439388,0.0009117182327077942,0.0015753529499118262,-1.83485608572474
-7.717073779414437,0.392130167720243,-7.593023197667183,0.2353774408917523,0.0042755320310735,0.001395329720470299,0.0009276312669126115,0.0030078327445188353,0.28739118373961803
-7.71760172072696,0.3995510557122911,-7.593118158274966,0.23536570878428786,0.004583920524195284,0.0013058278647998653,0.0017287911355920733,0.01152436771462977,-0.4110062192184944
-7.735086973914821,0.39373488638226906,-7.593045783133767,0.23545931549990615,0.005530865127881607,0.0011498345982321172,0.002070003569930304,0.014936656495021627,0.4335602260036635
-7.703306589304314,0.3908196569342003,-7.593049804742146,0.2353182145531399,0.003581298430430382,0.001436068166944915,0.0011107930293395372,0.00344163583137343,0.21458014746643345
-7.713133965091142,0.3946000337264484,-7.593112751208204,0.23535250254200601,0.0033488016551002316,0.001852418714109882,0.001081729557220171,0.003909086941489222,-1.0036484630346363
-7.717461111641139,0.3958368895154401,-7.593021221158004,0.23537042654375714,0.004952161896218828,0.0008426760297391839,0.0015572441621692263,0.007684725657157956,-0.13900699445116932
-7.723811454899579,0.40005801095314775,-7.5930106801045225,0.23539565995369424,0.004983413967608164,0.001190566296760629,0.000893821020065155,0.0045767072544205785,0.25715227671799523
-7.720854684568571,0.39153151611353004,-7.593021434649503,0.23539786194612233,0.0024393880620477053,0.002423390516650552,0.0009056586325085231,0.0016899925144464381,-1.9556748898164311
-7.736778733313223,0.40160859539636123,-7.592999077353969,0.2354537952440554,0.005901673458117622,0.0007862462683289888,0.0043703914476946595,0.03530417488359258,-0.36918422191682837
-7.737563196032253,0.4000029733375716,-7.5930421303764275,0.23545939845794006,0.00579013569549529,0.0008838175900534429,0.0057032151133006356,0.04444512812524205,-1.0070231784572685
-7.696635631050391,0.3943983976719043,-7.593075187330853,0.23528133142501442,0.0020379370464720745,0.0009755846988002379,0.0009189223993750198,0.0011833992342180411,-2.335176106544361
-7.731360375747702,0.39954340172245717,-7.59303751996397,0.23543305427777284,0.005828702521236694,0.0007580766019438591,0.0034340420439659567,0.028006899764405322,-0.5280628147259829
-7.705829607367236,0.3979154192531811,-7.593223222472645,0.2353111272162469,0.0017366873476956485,0.0024007611921086688,0.0009189653404243786,0.0014190063224141902,0.37673363137801746
-7.7331818231985725,0.39943921683198635,-7.593061963736121,0.23543960051416696,0.0058132726473182125,0.000719047322370223,0.003430522644557763,0.022794034039527625,-1.0477070218072981
-7.728661389427092,0.39367287235870246,-7.59302718174839,0.23542859841134955,0.005238839944359363,0.000886708307918192,0.0018639112549220162,0.01058016222088235,-0.4366545802893957
-7.736321123348135,0.4016975073340418,-7.593052635992498,0.23544992444668184,0.005918887214251591,0.0005599338311191699,0.00512746015167391,0.041953006181916615,0.3711108272869337
-7.7364932173473075,0.400224676747025,-7.593042056648019,0.2354537377507392,0.005842402157865216,0.0007545044339015415,0.0037438352233887043,0.035165508615041724,0.26951173197290357
-7.714209638129191,0.3960181617283254,-7.59304199417134,0.23535717304313775,0.001980669216745223,0.001792553209261733,0.0008976360084281305,0.0014863976232032288,0.31174188082803683
-7.701938161274087,0.3941668810891069,-7.593139056427014,0.23530113240551662,0.0016831297477755967,0.001299495430879186,0.000921395880747657,0.0011837576979053014,-2.469879395055845
-7.730772601781472,0.3996408898432933,-7.59304617448156,0.23542681461358003,0.005595860227264321,0.000824262352621775,0.004345832449615793,0.03701879457146789,0.17314335873674844
-7.731435732263376,0.39816387321893815,-7.592995414727882,0.2354387480867706,0.0057960874394485905,0.000866679883899826,0.0034019574700878785,0.02446771353049535,-0.5054957268942699
-7.725182551615633,0.40056319743879015,-7.5931079220755135,0.23540016926546814,0.0052113961514847805,0.0007167567328849797,0.001506484219429323,0.010211736256670092,0.292744667048141
-7.716409862499461,0.39769744128315554,-7.59310579318689,0.2353638632496856,0.004390001919158757,0.0012355877907738457,0.0013106453069000733,0.006860115143993232,-1.0156184349666797
-7.720648529810081,0.39377157157934123,-7.593093621119757,0.2353873301346832,0.0039072494116010395,0.0013148922973988605,0.0007747617640331352,0.0017933952893361693,-0.92923921511165
-7.719733419774202,0.39234280176309616,-7.593029829220206,0.23538704257370857,0.003503441970574381,0.000782937897561611,0.0007934251495150192,0.0013178399489441424,-1.632529382425106
-7.728627817699413,0.3985260641700956,-7.593047330075685,0.2354219658364804,0.005679296694388405,0.0008234076663176841,0.002083916880681029,0.01608575233816525,0.2994002042336589
-7.718457799635885,0.40147706668669836,-7.593077267555581,0.23537025830591468,0.002607896595064656,0.002111105364800849,0.0007817031693549825,0.0012605335593434748,0.7067137074385811
-7.715984896737537,0.392937895845281,-7.5930007139985864,0.23537095802763763,0.0036069543772162447,0.0015609791072579624,0.0008619576836126903,0.0018618440677158894,-1.2982123220837032
-7.724719041081782,0.3977293990908816,-7.5929828168590525,0.23540639534362803,0.005175612589049841,0.0008789474416238672,0.0020803512157096774,0.015933026286453246,-0.24082412607490655
-7.735007552115246,0.39908600300286157,-7.593055845097636,0.23544763110222597,0.005871126916431758,0.0007075105831698485,0.002589231478370522,0.020442344761570704,-0.7702221552578913
-7.723140210919807,0.39048381651646275,-7.593113810501485,0.235402671996991,0.005284329415105151,0.0008906012427177107,0.0012070308513875436,0.0072477256070887985,0.7134582527614594
-7.7216532906859605,0.4017096257127386,-7.593013085948763,0.23538455435743835,0.005203663523974974,0.0008079458601894218,0.001883992369711506,0.012623829466222557,0.2820292137017169
-7.733035459174396,0.3973155302592209,-7.593011978877167,0.2354445778140962,0.005801602979304616,0.0006922786207218194,0.002262176630536975,0.015816402521133362,0.9562107231985222
-7.710128577344737,0.39947900610049736,-7.592996353218782,0.23533749913739266,0.0026134863650018447,0.0015244178341612435,0.0008410156518953669,0.0013044772346311358,-2.2380352362135394
-7.717943965508441,0.39924850170213316,-7.593171485645158,0.23536756594689198,0.001855919418259259,0.0023408700839496204,0.0009095354719161093,0.0013765229246795298,-2.37367661608492
-7.700692637076896,0.39088402840840153,-7.593055998685707,0.2353061382963246,0.0016718760761045932,0.002128616211457222,0.0009555420694670712,0.0014137633993831524,-2.404973710612806
-7.720045097576327,0.39523144056946463,-7.592972110151098,0.23538643966797942,0.002349773516808262,0.0007543234993411678,0.0008451670174754099,0.0013341881960789444,-2.052143397787255
-7.735937719625851,0.40211153663018473,-7.5930233244171905,0.23545052894938884,0.0058897063333026665,0.0007679236684480542,0.0025790344065966743,0.023117200758747902,0.3221322466330076
-7.734093136288245,0.3997632334734164,-7.593052198176458,0.2354437703574392,0.005868218993682036,0.0006446072186539443,0.003578248342653852,0.027599856277628183,-0.6472107847159789
-7.7352101449299,0.397237789546533,-7.5930485188754036,0.2354518062796158,0.005825155779713621,0.0007159948170240765,0.004377267629210718,0.036406219883086156,0.21730053943044553
-7.735430359189257,0.3959493081979984,-7.593006360230064,0.23545719006368682,0.005578382830929002,0.0010494336624765083,0.0027023462749733596,0.0192294457166911,-0.8092452891248911
-7.734179912873761,0.3999489561952182,-7.593017178279831,0.23544317546108132,0.00574876373850642,0.000882468034833194,0.0035057592452852116,0.047389871307858634,-0.12248955330601767
-7.7134408773009255,0.39761101990820813,-7.593065458259814,0.23535339655198503,0.0038291321213565653,0.0010814329948480926,0.0016877525326192326,0.009718426682953021,-1.0815127405004827
-7.735407672177451,0.3989350518302235,-7.593061842223719,0.23545117634709914,0.005760683438414129,0.0008951353610508535,0.005157302828266799,0.0412141165652981,-0.30829542457328823
-7.7263434524692345,0.40071894968404737,-7.5930335543751,0.23540716412049104,0.004810701302937829,0.0010962281889523953,0.0019050106463167301,0.01502049147675686,-0.2551370583704667
-7.7186179295682535,0.39573507486878495,-7.593013754709532,0.23537702596582488,0.004588061234872174,0.001111463819837613,0.0008654042655455782,0.0033776548961420806,-0.30006778210519175
-7.7369640193187115,0.4018315436352885,-7.593081271394732,0.2354519990697685,0.0059588198675159425,0.0006073411617982627,0.00514836710268995,0.05097787071740644,0.07616711696988035
-7.731657576866394,0.39261170403412105,-7.593010531151798,0.23544330590068596,0.005022067826231491,0.0013879076176572822,0.002096437792164919,0.013985653173687145,-0.09822293505000095
-7.709918546835075,0.39383444505643617,-7.593031505838169,0.2353398764082035,0.002990378151304355,0.001043752822427074,0.0008645049295598981,0.0013393819460762175,-2.121490839424114
-7.715980510204278,0.39952751989629554,-7.59314665455513,0.23535612234107753,0.0024250459009737615,0.0018863945929784613,0.0008797201665596933,0.001404387715794851,-2.315515197149536
-7.728991442404503,0.40086080962012927,-7.59302137506531,0.2354206124489977,0.0054635601047542184,0.0009380457794474446,0.002346203007399051,0.022910216353734712,0.2208799149756968
-7.719946375102528,0.39698900215907496,-7.59300728931732,0.23538357276204855,0.005015132560112184,0.0010285784577044243,0.001869940738381232,0.011586409977428491,-0.2281812114072802
-7.706140443819809,0.39352896172740165,-7.593054113135995,0.23532476736865257,0.0014297266999061132,0.0024532018188883845,0.0009543071784249472,0.001361635574969815,-2.103550108558783
-7.722908394834146,0.3977687918731903,-7.593019641325115,0.23539562766764732,0.005225082162411373,0.0009661085957136704,0.002340764677533645,0.01986345984436254,-0.07413413826321229
-7.73831184478575,0.40019704341573364,-7.593046152614673,0.23546030797505127,0.00583254615390719,0.0007583098485500085,0.003930683767847458,0.04917075407293598,-0.513733808271905
-7.699552199374627,0.3937792013033214,-7.592989077675958,0.2352961891652905,0.0008455483414688963,0.0023333718276226136,0.0009674322461705428,0.0012804498133266785,-2.507605259897694
-7.7347509823757665,0.3973847415407757,-7.592999078979136,0.23544990142005678,0.00575669836208687,0.0008731991624595812,0.004827507125467257,0.045232767903982424,-0.5161862659969244
-7.683752088906507,0.3926078959707523,-7.592969138972999,0.23522958527682303,0.0010963036857530625,0.0012340356472970077,0.000959483016705311,0.0010882657567678484,0.3061868526983726
-7.736350990100063,0.3999825838350652,-7.593072740392232,0.23545388383156537,0.005959359298543996,0.0006261051954479967,0.003208732053911823,0.026715491568983264,-0.03353245450543693
-7.715613315549219,0.39387956645867234,-7.592877337403645,0.23537497662020812,0.003300482699726444,0.0014037155657724279,0.0008231255360022686,0.0018256707005509841,0.2542993859718396
-7.730400632749744,0.3976928001967831,-7.59301846999024,0.23543034293147228,0.005550864326062656,0.0008349327895873699,0.0024664264562127758,0.014982511443758242,0.43710513428218306
-7.727478759589711,0.39094023299251807,-7.59300936145132,0.23542664631999802,0.004867292570560065,0.0014875587614373233,0.0017460166097099166,0.013775437855554672,-0.013432185861736135
-7.7308192284973565,0.400012267024273,-7.593040151347543,0.23543175319753004,0.005713437761375128,0.0009508611471522084,0.0038555258475433908,0.045746523077007314,-0.02453423898272507
-7.724150081150854,0.39533919463115724,-7.5930737786854605,0.23540618052631784,0.0013392494028653436,0.0021189919341619286,0.0008792091049533142,0.001381570791886821,-2.158920065913567
-7.706743621719148,0.3989255522706048,-7.593019513075768,0.23531878684691307,0.003252742101453352,0.0008694468456609211,0.0008002837442078044,0.0012360111163680215,-2.1018036392325263
-7.7269408313201176,0.39936206407309055,-7.59302528565524,0.23541217739689518,0.005637075013331676,0.0007238963675230753,0.0024232018556527538,0.02218080483946097,0.9621030837929211
-7.716056653750614,0.39289458061516425,-7.593035311090447,0.23537256045050584,0.00485520077125623,0.0011155422263453378,0.0015551483731577663,0.008068605223482949,0.25320535996261717
-7.729331952429205,0.3980324067000841,-7.5929913209450435,0.23542612817220396,0.005670061496623898,0.0006419116111354264,0.002565671706333526,0.01763030911343459,0.8798229481988855
-7.725125522235984,0.3897555008894903,-7.592999823152238,0.23541687056009453,0.0036923319985828033,0.0015808278957523628,0.0009234316026802983,0.002877546561797588,-0.7814454790869154
-7.728627089481569,0.39564375311662286,-7.593020620499824,0.23542461366261644,0.0055973419988340845,0.0008797755315002725,0.0029663743981103315,0.02162023641586054,0.8779485175014958
-7.715940454112187,0.3896788962893261,-7.5930043272562875,0.2353753062871966,0.0030005833276255762,0.002050198179349644,0.0011882799051573026,0.003701651317809135,-1.5590782270734274
-7.731301727421981,0.3984582134409215,-7.593014627930058,0.23543236265684414,0.005842104592610557,0.0007526888034757013,0.003347716034398164,0.021015215683174618,-0.2942050753217599
-7.692755810387229,0.398801520825309,-7.593017276518747,0.23525509012809437,0.0013117656941285451,0.0010044039867168836,0.000930634077576636,0.00105468965591858,-2.156833033615121
-7.724063577724446,0.39585142562353365,-7.593043134698506,0.23540472992862113,0.005442280677889182,0.0009706768105573748,0.0022683819684783542,0.022254535221794006,0.7174268912932884
-7.71950887415407,0.39396708819260795,-7.593046489061026,0.2353884735920712,0.003477299802393732,0.0015873753472520629,0.0008079269146848361,0.001689435589316508,-1.4004137399090506
-7.729448292007488,0.39697088315432727,-7.593038300808128,0.23542495601280303,0.0055561873042130425,0.0008141896557204365,0.0027880388167714596,0.02144791970081295,-0.003617850482979456
-7.7324366599445264,0.40056427737939726,-7.593077441083663,0.23543801320143135,0.005861626820173853,0.0006615217378657663,0.0031358712209174984,0.025102369353802664,-0.7503877248712059
-7.7334200324460705,0.4007113711896528,-7.592991471588459,0.2354405865708469,0.0058616315672600245,0.0006940149999189483,0.002767953578238226,0.02743010478545406,-0.039116259524211494
-7.7302913065160075,0.39911262695982047,-7.593024576226302,0.23543110576897167,0.0056884460065628915,0.0009065909650117275,0.004783785574576009,0.04302817638466473,-0.6326144301167391
-7.713560183482077,0.3920614529815174,-7.592980940144393,0.23536621179006775,0.002918334914092366,0.0013195957862167187,0.0008749608831547863,0.0014052673395470413,-1.8785258509885563
-7.7355796749247,0.3990927770263692,-7.593098456599876,0.23545072210562148,0.0059094220508861,0.0006591206223614486,0.0022574423500958405,0.017222908214388533,0.2287199308679104
-7.730704242752872,0.39626683462460266,-7.593036811321726,0.23542971592096493,0.005811751213803556,0.0007394157063350655,0.002795606530263592,0.01590747185125041,0.7819388649335803
-7.726929582497674,0.3922704947843571,-7.593032119103531,0.23542183063010957,0.005479273078481396,0.0007216093352301244,0.001298790040156395,0.006944333730671826,0.7017701387124107
-7.710943270980535,0.39125059751844526,-7.593025446976538,0.23534841947845403,0.003016980206762454,0.002022910590176529,0.0008961537846438525,0.0017297010546326757,-1.1388337061764608
-7.729339277269556,0.40024518155028954,-7.592969877506592,0.23542321971541252,0.0056228021803557595,0.0008063865211240914,0.002083466136017789,0.01621475137026822,-0.657085549528326
-7.703409649547644,0.3996215508439537,-7.5930564032929215,0.23530087019568222,0.0031338437821980653,0.0004145847164625384,0.000840652847750956,0.0011952711041540295,-2.1527785818612464
-7.725171185180548,0.3955962695038618,-7.593065509376762,0.23540755262383242,0.005179487137710587,0.0009821624834883006,0.0016658601382860826,0.009841752250728676,0.5083501091631595
-7.724276169713224,0.3968217497340777,-7.593010523029728,0.23540552339220538,0.005271636375465803,0.0008751356213089934,0.00134378148464549,0.008295658452756243,-0.01701526589599706
-7.735726237573373,0.39920510322379693,-7.593056437678406,0.23545177645246804,0.005886597898764766,0.0007460514466444342,0.003110788294902444,0.022901221065976744,0.6641136259285895
-7.724762607911126,0.3972245717690032,-7.593069924675392,0.23540280726205412,0.0051605188640964075,0.0008833076329220474,0.0020101023594225474,0.014178765727668205,0.43110556808399353
-7.705074097789126,0.3937782112210235,-7.592987952031191,0.2353207316452127,0.003323583931177934,0.001202529224420877,0.0008564381799849398,0.001656780964935756,-1.3090806741644898
-7.731497465222532,0.39833078113389686,-7.5930582322112885,0.2354340783662829,0.0058734373799672395,0.0005450431762050881,0.002249298008610371,0.01573026525147806,0.0690122556478459
-7.693346423163459,0.3924281901946497,-7.593027973491323,0.23526610321475303,0.0019155940060981565,0.0018478944629843662,0.0009353265374424082,0.0013260782311068687,-2.2753752700216654
-7.707753723481038,0.39450642136789205,-7.592987008150506,0.23533422714777974,0.004293237590641795,0.0006467206239014411,0.0015872163893077477,0.0089837511093131,-0.9338076558976114
-7.711473177541104,0.39478371204190726,-7.592982054449959,0.2353491511951958,0.0031508320696898204,0.0009743460688629152,0.0008635725679607539,0.0014561356378106482,-1.8667143119929455
-7.725770247183138,0.39586503570989723,-7.592968616177617,0.23541635942760988,0.005351357377967215,0.000899731624524051,0.0018962814456685022,0.01089510274970312,-0.4215860455796764
-7.719173241064589,0.3935103166757075,-7.593041164053805,0.23538518364641264,0.0036801953780919955,0.001779057106833152,0.0013309381117272649,0.0051619642058605385,-0.990104941835825
-7.72998698951949,0.3996316974494653,-7.593061103640568,0.2354265254854485,0.005827805529134359,0.0007087676360066522,0.0030434137142394983,0.02538414392212721,-0.03220710927884564
-7.718600358200641,0.3993549842189779,-7.5929862569027415,0.235372517133813,0.002722466566205914,0.0012534529617925924,0.0008190329608944795,0.0015314400840142379,-1.9389816127033441
-7.737398684692898,0.3975400862245618,-7.593077539959823,0.23545957410833393,0.005774841369040379,0.0008979952771159073,0.0023379375593159998,0.019262797297724857,-0.9984607958983761
-7.705447669664573,0.3945733577430442,-7.592974549574247,0.2353201503146461,0.00141400650433633,0.0010025657175069585,0.0009282458778069853,0.0011435761200330752,-2.4511505928493498
-7.732843027993051,0.39592493256919764,-7.593025476141211,0.23544596892736122,0.0056015000802376765,0.0010773141052078427,0.002322924327907086,0.014605264882203867,0.12886517483364004
-7.73124309917927,0.40047264398841037,-7.592982762462366,0.2354328535275908,0.005799566582180234,0.0007637085417714101,0.0070983488619652535,0.05029113832066381,0.17286588988065127
-7.740056896901788,0.4018063457737929,-7.593052024452428,0.23546539232507394,0.005954562920222421,0.0005952809845710806,0.005238388168144234,0.05005986210509321,0.07043948837477913
-7.732609526129438,0.39493304991791867,-7.592976643472938,0.23544512111988727,0.005592615866833097,0.0009183176717562342,0.0016654775526261701,0.010758434416459942,0.6742700961928907
-7.7272624490333195,0.3950417156848477,-7.593034464873091,0.23541807753630123,0.005431060777299842,0.0009458779359824949,0.0022939717083837706,0.014754520852007649,0.9716317006252085
-7.7306335199003495,0.4007011975817223,-7.593058643097651,0.2354262703152717,0.005395330658770512,0.0006893962212596859,0.0021468730928903123,0.015114544894485707,-0.47282948915823786
-7.726470542345939,0.4016775378759659,-7.593077010301917,0.235404684257531,0.005645526077033975,0.000532722322476392,0.003600001000493339,0.02613589453883044,-0.425756020400055
-7.73479010556756,0.39667430860994557,-7.593035695974891,0.23544891814721597,0.00576012750702485,0.0008150631137871099,0.0024996224021914563,0.018984118063305886,-0.3506985253598776
-7.732962511136692,0.3987721424739658,-7.593022405378272,0.23544165240991596,0.005627777407326182,0.0008355345803198877,0.00274866647993039,0.02854067839780561,0.6822681186526321
-7.702803819409314,0.39600852462607394,-7.592964063836461,0.23530697489103228,0.0015929877207697305,0.001201390092380572,0.000931000308227852,0.001165860029403858,-2.344092520657482
-7.704982027075954,0.39788696346074715,-7.592949598200619,0.23531538371883334,0.0011393123916945702,0.0016958438490294594,0.0009045990145922825,0.0011333429832426655,0.3879987887340764
-7.713098015376016,0.38874278125661993,-7.593164868436325,0.23536134589441454,0.0011182064685583545,0.0014581173585017071,0.0009399598984546657,0.0012151706227416334,-2.1985244480823924
-7.725429674355912,0.39876268960941197,-7.593108195978355,0.23540272918462615,0.005141278916926219,0.001108675021373434,0.0016955957224118277,0.012059913508689245,-0.3984417818414335
-7.737923949025088,0.4004998479488907,-7.5930815895439325,0.23545759097015762,0.005747619745769263,0.0008117960201401147,0.0029686411622758015,0.030427406663448526,-0.06054946908987826
-7.717202134404546,0.3965551701594484,-7.592986276882495,0.23536916086734005,0.004606338043643419,0.0012465615761951473,0.00219119250033861,0.013217125650212144,-1.1795143772968435
-7.735445111697005,0.4013224074767867,-7.593037414980308,0.23544868123799761,0.005895834134566929,0.0005989630352441977,0.0028673875795740254,0.02406596144393305,0.4209798492301535
-7.715846006977964,0.3911904387045586,-7.592940830691535,0.2353745337971956,0.0029009647500212385,0.0013820129725074842,0.0008901343537467973,0.0014681149985215235,-1.800257745706485
-7.736957729247122,0.3990687515817412,-7.593045003435739,0.23545830305094223,0.005851028657780482,0.0007914832961123447,0.002248587167751083,0.016070460821019445,0.45370543613325004
-7.70684046562791,0.3926811901778952,-7.593091915849113,0.23532815600177395,0.0030990191298029563,0.0010560033638752067,0.0008473935546035101,0.0013615208651992564,-1.6661731103127786
-7.733526023042986,0.3981385043964438,-7.592994942939303,0.23544500548309638,0.005636023717786687,0.0007520461702183481,0.0018211431990878162,0.01698542464088059,0.24369464580962788
-7.7252781543873414,0.3904108330271768,-7.5929842496081426,0.23541951011082413,0.0022071828841574086,0.0024068150145309117,0.0009209838163704165,0.001648778012662462,-2.188530727286579
-7.732119929799119,0.400089268389152,-7.593053826612032,0.23543374969521358,0.005802996725819925,0.0006672608198045449,0.002908368585504684,0.0222634760272568,0.6535178991849598
-7.728914008926226,0.394572584113329,-7.593090299295858,0.23542842639382544,0.0055280214898386715,0.0008825541817923083,0.002504867591250093,0.013658627080219863,0.4221296388395458
-7.714374187286365,0.39326185201020786,-7.593095579107025,0.23536588720475254,0.0028283277322103647,0.001411662644921319,0.0008838504172682398,0.0014863033821324262,-1.801375915313465
-7.72615983567698,0.39592004494422023,-7.592955873040063,0.2354142474939189,0.005525605503147745,0.0009141782011042484,0.0025304193154766868,0.02617508031348321,0.6607309262191654
-7.732783300429832,0.3976495471170606,-7.592967095002836,0.23544167378880546,0.005823930570011372,0.0007076775331075707,0.0024786180922023696,0.01940483291348462,-0.020388729323784584
-7.709166402300929,0.39574659985093125,-7.592980569412818,0.23533823037182108,0.0024706067300303202,0.001031310482613818,0.0008779848391587864,0.0013266873722576219,-2.2641244447429067
-7.717966792014423,0.38755348984856075,-7.593060093120513,0.2353844363439777,0.0009332427555403292,0.0027217402763996127,0.0009615006875991771,0.0013404599416333984,-2.280741202984232
-7.727576647992583,0.3997540915672574,-7.593001200418727,0.2354131210248955,0.005700771009284731,0.0005330640881562138,0.0024302673783370525,0.016190003699291963,0.8084194345460929
-7.730979341717338,0.4019549706570913,-7.592986647518217,0.23542966325890133,0.0059634767032474435,0.0005431011956966075,0.0027552889698319585,0.02049489143152041,0.34403151091810424
-7.732644721191347,0.39751974692522174,-7.593038215946591,0.23543864262397624,0.005764155780185991,0.0007089618031107118,0.002297467041056493,0.015019464837632028,-0.41139271642606523
-7.735575257746395,0.39924920328232794,-7.5929854674652955,0.2354520194237292,0.005865763209958324,0.0007050128002864193,0.0027164250419091074,0.018357767328652456,0.18370954884114252
-7.731230310641452,0.4002200755272121,-7.592990375899667,0.2354302832879592,0.005673456804905208,0.0008025409964872621,0.0023326382231466385,0.018799872153807577,0.012792471789391163
-7.724849059312085,0.39600412889697945,-7.593028279566464,0.23540867453548553,0.005353083580234434,0.0010028260079903988,0.0018495225328098524,0.011024084756548074,-0.8802896706392106
-7.714366796706351,0.3954071618128646,-7.593093455852843,0.23535671526801283,0.002511100587786566,0.0020376066590189488,0.000887573218584883,0.0015507039674616842,-1.609952347740521
-7.719899804172748,0.38870769956386647,-7.592994740522978,0.23539734108956417,0.003469015418207045,0.0016387753461551754,0.000874647487106764,0.0019446152470337507,-1.0893986795400035
-7.712113017986423,0.3900461093072613,-7.592926984951175,0.23535710605937002,0.0033310714898566723,0.001102775824153059,0.0008219453412600916,0.0013721051643957602,-1.6163294575749765
-7.7239412862233685,0.3947196632608999,-7.593048168893375,0.23540481456629442,0.004692801039990367,0.0011858994246746106,0.001989787025738712,0.012987017502845059,-0.5570581089489135
-7.702093480001871,0.3968698774912911,-7.592937121110094,0.2353054230532863,0.0012160552560126425,0.0020790881896116937,0.0009381336527953084,0.001235808830631417,-2.31956973089619
-7.727262965814351,0.39742672875193574,-7.592947230559294,0.23541727754387187,0.005412054727916719,0.000991056900830436,0.002480286503699711,0.014829296495945997,0.20097981633090026
-7.737547250112784,0.4017360911013373,-7.593046271676792,0.23545488773002374,0.005870792397652777,0.0005817559030664328,0.0029865490480358273,0.02775763710104755,0.2845555621804992
-7.6928291702180065,0.3972600100808842,-7.5931210309166515,0.2352601515519427,0.0014025417350843926,0.00096704694826355,0.0009244907584927392,0.0010470046522634677,-2.524424579409857
-7.702810319708636,0.3967951574593912,-7.593074845045891,0.23530694960975485,0.0035200370509975956,0.0007345595949244879,0.0008783435003783687,0.001846083182860427,-1.1009150814063424
-7.738947311093334,0.4005625704177638,-7.593052565064404,0.23546300185867095,0.00582481589151935,0.0007713867612381845,0.00394275338094099,0.056287131032431714,0.30887871615102785
-7.712254655294435,0.3949634526411031,-7.592918413544064,0.23535151183648176,0.0015448056818559664,0.000731933800993325,0.0009197656939076882,0.0011229513348071079,-2.4312941616592982
-7.719531346168621,0.39922488354511043,-7.592982958243711,0.23537823602672647,0.005205669758771746,0.0007195718330700801,0.0022385318633660854,0.01173406949344562,-0.47693128799830414
-7.737825168500887,0.400575219563124,-7.592974049361083,0.2354606824459544,0.005904312562509751,0.0007277567312042929,0.0023013781249407094,0.020583544158850647,-0.2957693135158621
-7.689351320577794,0.3982239305938519,-7.59306976538198,0.23523952841472562,0.0012690955931906759,0.0011146015262481577,0.0009336228361936629,0.001057478661409685,-2.521934797989084
-7.732245060836835,0.3990961126396863,-7.593006228740353,0.2354373134682287,0.005816367672109522,0.0006969956254029693,0.0024236231148503473,0.014828837976403976,-0.2931033247387347
-7.731722594335522,0.4011648446740771,-7.592994580471746,0.23543413883842648,0.005913994608963588,0.0005537026272480468,0.007104558892635222,0.05513966937990002,0.051172703485454434
