-0.18694565978204325,1.014590649382132,0.0029535218265314338,0.23520401439628297,0.0021558074624811827,0.001500495554454048,0.0012082381825833273,0.0018526943241083027,-0.6397992961441105
-0.18136748634855882,1.0111275695163797,0.0038302281528618714,0.23521020908321774,0.001427371978011723,0.0022264896020821275,0.0013643127006315852,0.002011133708565336,-0.8164776989136894
-0.17450727425929935,1.0240644475359966,0.003746145582123296,0.23519910234875857,0.0013268387303992759,0.0022415661716879815,0.0012399851876074108,0.002097733308257796,-1.4531747536683706
-0.21913186733962675,1.065546714152969,0.0032611218423246597,0.2352538451168683,0.002115095680071516,0.0016540133407138208,0.0014056581484830617,0.002526035258538775,-0.015217759920510658
-0.2367142126317455,1.0257460014616906,0.003024135072794502,0.2352806611220265,0.002285517039827789,0.0018322426228904764,0.0012583122673460144,0.0019604957687558255,-0.6283008653285013
-0.18159376834433613,0.981717598005322,0.004010237976189496,0.23520632450663362,0.002608572931821192,0.001422659896657759,0.0013088171750844544,0.0019029110343658094,-0.3301686050782293
-0.22092107121542454,1.0152674301731037,0.003137502367435062,0.23526270854334666,0.002344062318440864,0.0016695792743131276,0.0013009126805668045,0.0020826079707528204,-1.0183332800470106
-0.2018151017990202,0.9827771454137781,0.003912520607468543,0.2352420307180402,0.002602398762340955,0.0015018819548022195,0.0012959276068254596,0.0019716969882320546,0.06292525315639257
-0.2137565663492685,0.9749801560399637,0.003062923813669521,0.23526173008550896,0.002196177790084349,0.0018299152673301015,0.0013011923248979177,0.0018778115163217326,0.056429048943883904
-0.22215327208325392,1.0395586027710089,0.002647185723458117,0.23526155441118726,0.0021937438571094678,0.001882494430772929,0.0012534372527798745,0.001943299742651737,-0.9611317160597775
-0.22906355840911344,1.0186130889838323,0.003625333966574836,0.23527403304485997,0.0028223597369325336,0.0016837052057471194,0.00128585590120674,0.0021671117475960747,0.4308032724392927
-0.228268835607214,1.0373702506157045,0.0029968566531789645,0.235265682595101,0.0026373568091985038,0.0016655283801626933,0.001229702281030203,0.0019910635031045692,-1.2218938792725782
-0.19610937521357427,1.0198621783724278,0.0036817129146143423,0.23522387296299854,0.0009396738588705826,0.0023785539326149035,0.0013163730459119294,0.0019179346973630836,-1.6325944886428427
-0.20063116785570917,1.0253441808497834,0.002627897427609883,0.2352190801463515,0.001737334348279381,0.0016799718321381027,0.001260270778183889,0.0018499135397666178,-1.291855688292973
-0.23789073825462004,1.052557948387695,0.0035772452501671116,0.23528346690659965,0.003438915837760313,0.0009050520102334473,0.0011826109513731952,0.0021426253969695514,0.8094186779026517
-0.24727638139542926,1.0519652885666317,0.0035345381308809747,0.23529552457956388,0.003829919053044806,0.0007119671500344494,0.0012060651652439228,0.002144149292258722,1.3462558263454476
-0.28157735820421415,1.0781843214188136,0.0031594263013568296,0.2353408159288358,0.005073856323374007,0.0007948799287599877,0.0016303016818975586,0.006356233410319636,2.0881111774075682
-0.29567503394621497,1.0793412801297855,0.0028965194194334283,0.23536437763275483,0.00561034172640337,0.0004571997166415343,0.0015227966392391743,0.0062188954101988,-1.1025366041978055
-0.19838145523546286,0.9954851194847966,0.003611883499558121,0.23523778046159888,0.0024433881916524304,0.0016795055666185231,0.0013019835012191409,0.0020800286976454707,-0.21463084816496786
-0.2531265099391121,1.06054361314045,0.003385671561506386,0.23530033244727064,0.003607950802797042,0.0011990595735588364,0.001174279172820006,0.002072850095711433,-0.12018389019800503
-0.18603330558366565,1.0376627212551426,0.0031404202773732044,0.2352031073646011,0.002135613549956317,0.0014747792810455636,0.0011393120244254928,0.001827466184990777,-0.8723440414171779
-0.29394561342228104,1.0519208643269107,0.0029894794610449546,0.23536923275928293,0.005489440731384133,0.0003971139062835106,0.0015112080307552143,0.005506510338418588,2.044143608320305
-0.2387810026210088,1.0281672147203582,0.002883668249108406,0.23528914407707044,0.0029224208730508883,0.0013709978772919623,0.0012239860753921038,0.0020475481935275184,-0.6233921722379685
-0.22047642685736304,1.0287952275968741,0.0038319672220829487,0.23526454175999856,0.0009886711870125105,0.002332857446276747,0.0013200964286484962,0.0018647195019298878,-1.5749802649328728
-0.249976665879819,1.0493195419537826,0.0031369429836136053,0.235296183785962,0.003905376573364216,0.0005451093960273003,0.0011799301835287114,0.0020603896921874898,0.487776202793056
-0.19976973301321801,1.0197393519797107,0.003323259761377994,0.23523415874965597,0.001249630454341857,0.002064357068505376,0.001320754393221594,0.0018309035525936948,-1.6051529182286308
-0.23495910719622123,1.015568485380283,0.003274274544163313,0.2352866959416864,0.002184327826026928,0.0017991438033313492,0.0013415438050597493,0.002127221876983335,-0.5452562837433029
-0.19465852160771074,1.0244077266915437,0.0036470664415058696,0.23522701574518795,0.0021328922362865237,0.001929047652692347,0.0012822604632329751,0.0020603056622936,-0.936242942064998
-0.20617884815801557,1.0200520527007835,0.003638840740248315,0.23524604063706483,0.0022737063312003526,0.0018228845052571108,0.0012243971007921634,0.0020074574645601887,-0.30421454018895233
-0.22577383866938627,1.0422354106156244,0.004311806499808811,0.23527936198595073,0.0018413107250824302,0.001979086768842532,0.0013026582600352925,0.0020846069818983774,-1.1687008781950692
-0.20488527443839358,1.0129664618763945,0.0034838241504301076,0.23525369566227528,0.0008933862437105376,0.0020127639616825455,0.0013547969303283156,0.0019159786785992424,-1.1551010592544582
-0.19388581137718217,1.012229633092756,0.0029158454818566898,0.23522544130377102,0.001340803955889794,0.0020359066566074373,0.001291101298200978,0.001969043822070434,-0.9523268382767335
-0.21872131589619476,1.010946477516468,0.0032605361361805127,0.23527029677202554,0.0015042289071478339,0.0020063433924923705,0.0013943319854667678,0.002136752087797213,-1.008285391432566
-0.2397864086622216,1.042270161805205,0.0029481111671322544,0.23528005310293404,0.003433627442118397,0.0009961517115127613,0.001224773584198129,0.0021001379763845073,0.08898902132012138
-0.24250171948762445,1.036898008113225,0.0033415304567443035,0.23529511623859656,0.0020337098287147083,0.0017277108846517478,0.0012096446650491344,0.0020277392081397964,-1.004288557290387
-0.2884377307926629,1.0357691135233091,0.003051599800498429,0.23535703722598583,0.005484106791228766,0.0006048905209169166,0.001586855547606711,0.005408204824846478,2.027155095698373
-0.1938536254801595,1.0262995865952407,0.003078234793901229,0.23521805761824946,0.0007875406566768143,0.002098248054226407,0.0013263724278911556,0.0017668573905535885,-1.266305751644927
-0.2589740451304603,1.045569386901043,0.0028041880628500277,0.23529983675294774,0.0034329119628655224,0.0006859444023988437,0.0012405548183661696,0.0020901794655534952,-0.9323727311276313
-0.25825531843944033,1.0607270776250501,0.002478466263965724,0.23531199051915555,0.0024656544178924245,0.0018828906189126608,0.001209108022394601,0.002045769703285691,-1.5387831331361463
-0.19154820067938647,0.9612457639921355,0.0028107785949391044,0.23522483833390814,0.0013469142515391396,0.002321320604327001,0.001336857721372031,0.0019952970478833215,-0.8547463227078408
-0.2501821196135388,1.0572473260587862,0.0032118115972393675,0.23529327098080544,0.0029182798867164023,0.001393939234829497,0.0012379916666000231,0.002047877402972058,-1.4655723488485712
-0.2240401255768755,1.0257561688912464,0.003405395110747473,0.23526452507876464,0.0033869432968564052,0.0010348947524420682,0.0011637330081344728,0.001950947166721117,0.7228387135316636
-0.24725383141162857,1.0331718113976724,0.002553199634310625,0.23530031726926653,0.0018664206437029706,0.002226730703633175,0.001224779567550521,0.0019894538306497035,-1.3859631524031568
-0.23394242471239018,1.0642044170122509,0.0030594322305868274,0.2352729579959181,0.0023401765538240108,0.00151697453964129,0.0012847191238514006,0.002080502979935814,-1.7690690230322785
-0.18937828587342292,1.0107376123902794,0.003339242922706251,0.23522787160737854,0.0017019917682146797,0.0019033801473723284,0.0013397956901331962,0.00196861414833483,-1.0871772204409595
-0.23824318224774424,1.0352430372183299,0.002921618431857897,0.2352821746978106,0.002415496989823151,0.00167676161003087,0.001272222873537996,0.0019902689462398156,-1.2114746645312113
-0.26221262490519764,1.04242067918359,0.0043239887352405654,0.23531827632355282,0.003753092996297942,0.000987217033034834,0.0012558478707111343,0.0021692870318892436,-0.06521172281097273
-0.2467489900412132,1.0566504030708737,0.0028497108541349495,0.23529232555057042,0.003149727753621765,0.0015794094554255542,0.0011469862801485305,0.00219117103893385,-0.3207669151310033
-0.22765648577153905,1.037167031868812,0.0027900893296535488,0.2352690048164589,0.002577960696112822,0.0016201556818283402,0.0011767766910632032,0.0021236540183670596,-0.7282168434912488
-0.25672183439488505,1.0448838345392375,0.002579587239237404,0.23529934743019237,0.004207499067639452,0.00045397617044287225,0.0011360930521711107,0.0020888994346609335,1.8148724333021664
-0.2470826749880144,1.032710815794256,0.0033110618257239217,0.2352932600172376,0.003069194736058826,0.00145171901460977,0.0012857833545352796,0.0022016697399833435,0.08415673118008839
-0.20478943191005722,1.0025043421578914,0.0026635907074372355,0.23523922241930365,0.001522548469646977,0.002070367285110933,0.0012929817892371129,0.0018126550024721911,-0.012273410690550397
-0.19663203646273392,1.0268207057209804,0.0032853478218694498,0.23522595295234008,0.0014068433753960858,0.0021173351972597516,0.00126315480205019,0.0018708385395780022,-1.275954778419801
-0.2364395140008248,1.028104856602804,0.0034682796512354214,0.23528956467292433,0.0028475064488189153,0.0016504666716189794,0.0011256721395879854,0.0021255816676334703,0.3920160504318929
-0.24202371502870412,1.0256908584410351,0.0034635848406709,0.2352979530926174,0.003115537186739939,0.0007909288058870959,0.001302980356064535,0.00209825956233308,0.13417888774268755
-0.22437443660190837,1.0293101059581369,0.002920176875750454,0.2352589367356456,0.0010071109334918265,0.0024203577950264793,0.0012629289851207968,0.001904277368814623,-1.5089936989624007
-0.20085082827992412,1.0509661712475884,0.004012434194507798,0.2352448314440489,0.0018739625968394221,0.0019499264285970006,0.0011962716722286426,0.0024085563473769792,-1.1867437487124335
-0.23001041978785738,1.018458801383046,0.0028027895691410923,0.2352755196675625,0.0012343996709553112,0.002353739756626178,0.0013354850504938107,0.0019907811336292644,-1.3078165285112384
-0.23082557516859095,1.0561127995342343,0.0030813434197879885,0.2352684270766221,0.003231746012997255,0.0010720192732082074,0.0011729416269442331,0.002046143532467422,-0.38613651837207535
-0.20484163142669687,1.0382070741372833,0.002443248512579382,0.2352176980802436,0.001229344958511162,0.00242947828115555,0.0012885286349241809,0.002076276975967347,-1.3251888000708405
-0.2328366470071361,1.0634841413743366,0.00356582382724382,0.23526684288645974,0.0028854214601004725,0.0014977993172259037,0.0010844674310435624,0.0020456094458416495,-0.026134249976349593
-0.21432268373544328,1.0346047407156813,0.00370740003990292,0.2352629084477311,0.0015683918811087037,0.002402838958233453,0.0012980741714179297,0.0021633759163335146,-0.7751178458597932
-0.2074781784170753,1.0177474033308054,0.0036497899429339003,0.23525194578076233,0.0018691776794611595,0.0022713141007495927,0.0011874492320314346,0.0020779383747695046,-0.8325026609908891
-0.22617896589089231,1.0456270915074664,0.0028731804112395055,0.23524734981154483,0.003171454805903196,0.0009390724940861895,0.0012872505472941319,0.002008750884190602,-0.9273398119241903
-0.23578590204128727,1.0130679664368167,0.0028896787776069447,0.23529152792170566,0.0020113872089840296,0.001971930411160383,0.001289101481512587,0.0020952850121987087,-0.7979074437381186
-0.259698108003293,1.0443386352610242,0.002268862757861621,0.23531042381564754,0.004088122654131045,0.0009328326708310316,0.0012240955662642624,0.002294293539150371,1.577449562049896
-0.23926892007585424,1.0382304680837662,0.003734741033669188,0.2352907422483391,0.00348164224066382,0.0010832611663709382,0.0012033962898077319,0.0021091222456255244,1.278635349915283
-0.19738057548707405,1.0150200878442321,0.00432472508931512,0.23523307479224084,0.0008562728627727959,0.002416273957345559,0.0013328877363482296,0.0019022742842208476,-1.3117123415619392
-0.19984814044219523,1.0190883007308975,0.0028727254209908624,0.23522995410483125,0.002534422753906452,0.0013155604070415711,0.0012521706092654373,0.00199305196708814,-0.6674044891663535
-0.18535260529464556,1.016441663553378,0.004635737788956691,0.23521882867772914,0.0026327956970063284,0.0008798545924758818,0.0011612264200880568,0.0017590550882329542,-0.09024167878503822
-0.2813227546971559,1.0611990013298775,0.003289654515895236,0.23533830323416574,0.004062531749628361,0.0008117075755599916,0.0011553670290086531,0.0022622272482693477,0.4486067711162959
-0.23223651761688155,1.0179166630257626,0.002950033665274783,0.23528329422692879,0.0020638410404173638,0.001708270288794199,0.001287151873203796,0.0018794106968040936,-1.274749934389606
-0.2336369485407616,1.038989366636975,0.0018035092608008618,0.23526278185813349,0.002947506063298924,0.0016147113331056314,0.0012298136010533158,0.0020285063464782625,-0.774169718954986
-0.27493815906260344,1.0450657955192264,0.0037237255527064906,0.23534005230840885,0.003399562212780602,0.0009364208683260361,0.0011931119995904399,0.0019876039513594787,-1.2425302554331943
-0.2448809669196109,1.0414678878700825,0.0025974519784330995,0.23528729640484958,0.0021729127062737517,0.0016620059681275285,0.0012428635739607815,0.00195599512558965,-1.8043077576501416
-0.25783637647480706,1.0320267069984972,0.003187473057258285,0.23531263143524103,0.0036860007509262214,0.0014809298206418773,0.00121639909097123,0.0023381978052999155,-0.21024144962427413
-0.2635995631125181,1.031382893982328,0.0033876593732889743,0.23532328799569027,0.004951113551404946,0.0006410433158105995,0.0015098908417313854,0.004502201039104251,2.2981763953675145
-0.18663453398692087,1.0146436695315881,0.004010026784820954,0.23522139060626934,0.0014937198187355664,0.001300012107507845,0.0013541562423180229,0.0018733802399117706,-1.2126890913364337
-0.2016523147658376,1.0154226768077446,0.0032595465610476652,0.2352457723784944,0.00138820084209203,0.002024737272281544,0.0013129456400198984,0.0019433301852501551,-1.2780491019404496
-0.21921087119253052,1.0329576656254174,0.003519453191217786,0.23526281606861404,0.002639575516716612,0.0012301629816017321,0.0011843078903668804,0.00209879805511221,-0.40558091634985294
-0.2552715000184596,1.0384926047297078,0.0028843946106630854,0.23531714831909398,0.0029985073664056013,0.0016887619866035133,0.0012044807202558256,0.0022646293169182436,0.025229155895725597
-0.2495912308161756,1.0475063106383509,0.003053862180805856,0.23529225394854325,0.0032016305801865308,0.0014050490410300867,0.0012125183585359896,0.0020130588172786253,-0.8839098045801618
-0.27192543937724256,1.0872540835856832,0.00300854428616273,0.2353202718606692,0.0035341398052006383,0.0011194706023567504,0.0014100967037848579,0.0032503030886430126,-0.6493966298965321
-0.22883506978669388,1.0310994955208173,0.0033362211682258086,0.23527339795522964,0.0025605979247409305,0.001739908177202224,0.0012380168548222288,0.002089416075848971,-0.3825615687658841
-0.22790533235199542,1.0364055158416043,0.0026390772198676216,0.23526579438544534,0.002433251415217893,0.002108566293159045,0.00127155833960872,0.002217645057667967,-0.8494054299186694
-0.2550421040704137,1.034073666286427,0.003556448405808312,0.23530931637946773,0.0035850307149867078,0.0006104775126532693,0.0011812782984392716,0.0019748747292250486,0.49046556732061364
-0.20090409812861926,1.002664371039442,0.0037964040842326523,0.23523788198849863,0.0017208538367048166,0.0021381244854629757,0.0013745193392503657,0.002113501109131254,-1.0490176824277502
-0.21317126542822815,1.0310406641665577,0.004458554905868229,0.2352600811402587,0.0022390742245095596,0.0010461999478243748,0.0013140977282372806,0.001889265320515987,-1.424867117838101
-0.2022278854240223,0.9824722134444179,0.0024202028804208714,0.23522159589446243,0.003208750227815067,0.0010101772246415772,0.0012657253866384045,0.001872902288539043,-0.057651306899574616
-0.18938873034239753,1.0366577118598903,0.003285608448121616,0.23521848020532118,0.0007048662101947959,0.0023843086060940707,0.0013415814269949029,0.001983575739661094,-1.5937752679479158
-0.25077901521672713,1.0365938231411316,0.0030264686588667975,0.2353061815583067,0.004410273103027092,0.0009609081701008296,0.001257414001915965,0.00310003316418039,1.7508162640455625
-0.23910282455792806,1.0513173663709512,0.0031560898752161174,0.2352887853622833,0.0017192374807736075,0.0012965752990376153,0.0012390359013187994,0.001789868979331956,-1.4576710238685127
-0.2058846405035249,1.014226316125865,0.0029485465034216323,0.235243618730656,0.0011618591685006257,0.0021301424423556033,0.0013488740363408389,0.0018956375629575132,-1.268817498365338
-0.24364615204377088,1.0584877459818811,0.0033567888657467424,0.2352848056690993,0.003935590579305171,0.000637239504046979,0.0012392896402779361,0.002347373660880776,0.508912510301275
-0.20890459307519227,1.023221860008654,0.0027483935608159453,0.23524359410535925,0.001595134862859862,0.0018252610443901317,0.00113421749130371,0.0017798253320218736,0.02520106522989881
-0.29907162896765016,1.061194890352839,0.0030561174599170945,0.23537875754299473,0.005401401713594241,0.0007684407433296244,0.001859683073052901,0.007201175600022799,1.8550804282122282
-0.1937133381267474,1.043906027239615,0.0027311690620511536,0.2352075971858916,0.0016429127786447859,0.0023151816798391697,0.0012582697851777525,0.0020841510829796126,-1.40379874759338
-0.23718389752484698,1.0454179054373736,0.002737733968718829,0.23527620580542685,0.002427592084611285,0.001668964761810152,0.0012631883742355223,0.0020647512612490333,-1.1005653094994916
-0.21536881958576298,1.03044745290176,0.0035867252470188535,0.23525912460357773,0.0014928365597907168,0.0018056141860181593,0.0012893234563092952,0.0018832593691691971,-1.034701100087763
-0.23655374220010675,1.0555104897921188,0.0027962458846185635,0.23527349465303188,0.0023185938031686365,0.0019001589364724895,0.0012592591355586632,0.002017249547112368,-1.1804358918938467
-0.281817887552074,1.0757560948299771,0.0027711763160981153,0.2353480708150697,0.004756346810080519,0.00048665220522600835,0.0012413148597227035,0.003746398553042658,-0.4703270866413044
-0.22944208093976423,1.0316010508023659,0.003604537916302732,0.23526730735736617,0.0028858075143983314,0.0006922459680939975,0.0012075146641918426,0.001891292820969138,-1.024519959275725
-0.2155672825053132,1.0532388719342531,0.003573341504121258,0.2352479004827003,0.0027078906546272874,0.0015281635025603346,0.0012245287773570775,0.0021187608711708077,-0.6064366715613319
-0.18914822762181338,1.0015318042081025,0.0034247530586683727,0.2352168706175427,0.002287587079310322,0.0012753520783994725,0.0013375432344245812,0.0019316250968009815,-0.805244482057086
-0.2342967943755225,1.0356621872524134,0.0025163313955909386,0.23526698626234108,0.0026808424040561376,0.0017453328450623435,0.0012815918525105239,0.0020399686577836505,-0.7584237870766753
-0.24185547060129958,1.044061997586131,0.003072941783611347,0.2352907265259529,0.0021637858384852804,0.001397808545369781,0.0012760192726046832,0.0019748282663034807,-0.03976399303972988
-0.23718253828877905,1.0448199895071635,0.002789058120088572,0.23528779464972355,0.002955248229392427,0.0011088776454498696,0.0012639014481128708,0.0020208829406708198,-0.9613195823226525
-0.2246511593517641,1.0449928336749292,0.003597622365055832,0.23525884174486408,0.003595012302090486,0.00098407498004882,0.001125865907165191,0.0019919776458070353,-0.07629533894676047
-0.2154530732191249,1.007730509305615,0.0038067859204722067,0.2352627640392957,0.001999529918958751,0.0013892171640173957,0.0013062746975458816,0.0020177473403760362,-0.9180364375179834
-0.22763775535919395,1.0607165271187904,0.00341409422936408,0.23527053933131953,0.0016090330801456824,0.001990399650801208,0.0011850306776475285,0.0022866690219599203,-1.9133991777957817
-0.24892793618755546,1.0833459513262371,0.003171338255684952,0.2352941690329573,0.003182374460970835,0.001172615014655519,0.001130346769522022,0.0020826299356923876,-0.017828241570500666
-0.25797165528680227,1.02918367313779,0.0024023647270084046,0.2353180212843678,0.004377678336203133,0.000823490402429214,0.0012489437498791635,0.002988323473402859,2.5787852914236615
-0.2002745777533779,0.9969670300816974,0.0026888006977401516,0.23523447122265845,0.0025609240551071246,0.0015129745226992676,0.0013161821158685317,0.002098244422650053,-0.16288972502843246
-0.2076374235924867,1.043062711613428,0.003662708194816717,0.23523127409385988,0.002501170342493177,0.0015080086148394646,0.0012567662946673568,0.0018810220258626935,-0.9233306091526078
-0.27677618753995614,1.0608807107225249,0.0031117563563536465,0.23533188240743663,0.004452758235876511,0.0005567824914993623,0.0011752131164329289,0.002396777246374915,1.1424809442954296
-0.24316076768534,1.0212930124309334,0.002480838564063574,0.23529301852231424,0.0028204824617022693,0.0018150989421742807,0.0012876337470642777,0.0021749229668821587,0.06226509405965465
-0.25802213600546287,1.0555309474131038,0.0032620388399533023,0.23530609419852233,0.0034475456131551224,0.0011036688261255641,0.0012136597480269236,0.0021604073190561687,-0.7326269295073372
-0.1513781764819905,0.987980880896352,0.002950268559102517,0.23516422462743874,0.0023751742729390215,0.000675029994182261,0.0012619595633266032,0.001772085699196746,0.5782572301979301
-0.20671597428137173,1.0156072646490475,0.0036517405218667947,0.2352453306503889,0.0017681826889713952,0.002171638191415164,0.0012955028532267503,0.0020273039767780914,-1.0703078836152637
-0.17976515999974466,1.0169830798101385,0.0034731548619610863,0.2352124064519005,0.0011260144726429858,0.0019814545532516096,0.0013444038898499354,0.0018645189444678586,-1.4123858599557702
-0.23613115964267942,1.0390996453225265,0.00328104552418876,0.23528189796109802,0.002834598766141978,0.0015350480397856036,0.0011744037931087862,0.002113390200539681,-0.6016003265913894
-0.22538071789642325,1.0471425935715084,0.0032773480357070925,0.23526806579026038,0.002974096516301874,0.000879184981591337,0.0011939941172809177,0.0019938469563126485,-1.0702230719620451
-0.20188448779705612,0.9769724260156012,0.002565546653660915,0.2352294329380109,0.002472085538245178,0.0016825681460293385,0.0013078075034404432,0.0019346596360611803,-0.5925971104810119
-0.19600153962910882,1.0350221737605598,0.003597066909865871,0.23521735595295634,0.0021154221688750798,0.0015947384519114558,0.001203722915860736,0.0018680994046220065,-0.039629263660966974
-0.18924894809755252,1.0224475305700353,0.004031353785839418,0.2352101611389716,0.002560760758734645,0.0012749366079330556,0.0011322162055129252,0.0018149958244485852,-0.031341799632025324
-0.1878272673697615,1.0588780657602668,0.00407208818877569,0.23520864585897658,0.0002647919414358897,0.0024841768473614196,0.0011600364775060691,0.0018251994143674668,-1.577699287741333
-0.21607669862334453,1.0033399225397155,0.002556745628033087,0.2352476576519137,0.0028760691143142098,0.0015635926415278566,0.0013074213807935506,0.0020397939357862886,-0.7062989434502295
-0.23908688335076306,1.0336280819068695,0.003213227390082775,0.23528510862305932,0.0033922188389676135,0.0011052055739351494,0.0011249443296498774,0.0020105701658043903,0.3386971012315629
-0.2652869775440473,1.0643210330824608,0.0027378036267243946,0.2353144399836556,0.00399418197048624,0.001243919964193647,0.0011870285733809377,0.002364812942633349,1.0555276104715092
-0.10136469979276228,0.8567520114279945,0.0027079774023365233,0.23510456269959898,0.001218374842293113,0.0003335010074716837,0.0014209296522031377,0.00156796849868677,-0.14896802859942024
-0.24583366569833118,1.0273657538396215,0.002864051879640521,0.23529761205939986,0.0026533991403389257,0.0019999209951497214,0.0013416850373727423,0.002329862253120502,-0.6133376548274291
-0.23066847675560023,1.028434804831377,0.003637801715178966,0.2352770726458084,0.0028565358546216875,0.0016368100304226371,0.0012612676260584275,0.0021741943004619946,-0.29675873807111786
-0.17400984272261188,0.9021014662289374,0.003421478836003702,0.235199336447415,0.00223890006378586,0.0014440638077727063,0.0014557697978598728,0.0017246576369104468,0.2656244813952862
-0.22327517721697002,1.048676496973476,0.0031447497248759857,0.23526954915249415,0.0017184512236544391,0.002085799803880732,0.0011440245534015828,0.0020262174169303556,0.02566308480173809
-0.2858689260838385,1.072617729357084,0.002611563134405481,0.23533955894772446,0.004394751848706193,0.0007665243420958032,0.0011255362237233843,0.0023717171984704503,1.4255150872749367
-0.2512140390859135,1.058275182778999,0.002759272180523099,0.23529775226460348,0.0038068939065490923,0.0010477300565573718,0.0012273227377043651,0.002208232006765742,0.5082286374614516
-0.32425314729501115,1.085762427171702,0.002875012870776062,0.23540612362727786,0.005580457000082761,0.0005806457205286524,0.0019174631022343329,0.00813810881013487,1.7667960284373327
-0.23077395053009342,1.0118704362773916,0.0031580503439386184,0.23527987814240212,0.00267364892582363,0.001557615459957053,0.0012359182664617436,0.0019631411664053633,0.007457603819763973
-0.2446733112495291,1.0573520104322707,0.003465273028408124,0.23527752796914483,0.002381644580128932,0.001912682593784361,0.001237150478440139,0.0019525978623250717,-0.991115893212239
-0.2424916144171506,1.044810327093057,0.0028748628966180152,0.23528666842949938,0.001784512700327082,0.0019212150814475698,0.00120315986092968,0.001925132698988155,-1.543940070883388
-0.08020593158647323,0.9491535420884594,0.006408493327347467,0.23508675223791167,0.0004179073824356393,0.00040456406174832656,0.0012817816725968936,0.0014271003542778893,-0.4359599762551725
-0.24148327271947564,1.0289753960292212,0.003158447783579365,0.23528615890406643,0.0027396682090255206,0.0017027459586285965,0.0012503049101291056,0.0020459780189781025,-0.8265071784581945
-0.2613188655488998,1.0601280240619455,0.0032821587297095934,0.23532108710088606,0.002931660789913298,0.0011371626176077715,0.001182641051388688,0.002066101369842871,-1.0004112456330034
-0.21901174731523845,1.0327037973095605,0.003691324650936824,0.23526595225526328,0.003046472333216148,0.0010727844520228872,0.001291029369352089,0.0021456447540873632,-0.6085257657483463
-0.2146659697428587,1.0092205707468764,0.0033112351271882517,0.23525780341872352,0.002796041178740896,0.001736087305413064,0.0012721370122406807,0.0022080732233908645,-0.11242512278522582
-0.2723594720615959,1.0523777589269236,0.0033735372357700756,0.23533626430794372,0.002655761271811061,0.0019652371258567333,0.001326550377969253,0.002393729146979675,-0.9674055057128295
-0.20271226855024477,1.0181672598353573,0.003007201193012018,0.23523894763410375,0.0011387538141854605,0.0020835990254342205,0.0013119353337576823,0.0019848250597760265,-0.8692036770549256
-0.22754991575221264,1.027929305881942,0.003771022955623426,0.2352748753401404,0.001966041151552789,0.0023049198379623023,0.001303836435872879,0.0022653187301028056,-1.1184067574489267
-0.1818928299537198,1.0090274995539499,0.004496863253433562,0.23521278889596925,0.0004985829715797255,0.0025881319650757043,0.0013570275489314814,0.001915000414366399,-1.5308639845307563
-0.13024357598665492,0.8683430387874456,0.00024106031358559214,0.23511141451696163,0.00247864605346349,0.0014179154175991823,0.0015571831852084518,0.0017116421605647566,0.8511854278711964
-0.21617917531309896,1.0508673696052804,0.003117866743985284,0.23524733930799077,0.0030644242088702207,0.001413915167752368,0.0012774047436618359,0.002245401696189725,-0.5694179578030265
-0.24921978736124886,1.0301418738308652,0.0023124784652536895,0.23528006822361908,0.0018302224899559355,0.0021275577582334153,0.0012868668142495506,0.0019280743646956366,-1.3241005036992264
-0.23374878095261645,1.0499371944323028,0.0030472162371130225,0.23527003496002655,0.0023623328970539,0.0018755938725059736,0.0012239214203410918,0.001953644030953809,-1.3132100402873599
-0.19368503496713263,1.0049774155690447,0.0033660459798479014,0.23522080432118583,0.0007669507667183066,0.0026848273532178394,0.0013610492683922449,0.002102957073867947,-0.9676163681280766
-0.1913098587132817,1.0022878847334142,0.004140755533647655,0.2352224832184497,0.002805031159994478,0.0014062900904038007,0.0012107253171618493,0.0019418669778185828,0.2744495863754987
-0.21170522265650862,1.0369802398663204,0.004009040801125768,0.23524074077217696,0.002385963382514842,0.0018244278651068533,0.0012585203509419768,0.0020422532151983096,-1.095699571405292
-0.22035555554602557,1.0317584747132673,0.0035925974791908865,0.23526376859810808,0.001776005282918775,0.0016874044860187944,0.0012254382614447503,0.0019854826683598243,-1.3899803408503122
-0.2551689486061854,1.082207673088063,0.0026086479568127896,0.23530223996218047,0.002359297684257771,0.001336875665569873,0.0013013767357720246,0.002377325816762341,-1.7968240565608704
-0.2144993436294731,1.0219055549203535,0.0035244371403405084,0.23526633786108303,0.0015648391285805828,0.0023659227816690597,0.001283850745915387,0.0021880034691698688,-1.3582706368914317
-0.21852403165992765,1.0381550120791332,0.0030004297371907605,0.23525558147743875,0.0024200301295580246,0.0008998594256887369,0.0012576219025910006,0.0018982425442572038,-0.06664713018837454
-0.18751261848607545,1.0239963842608006,0.00385794637394823,0.23520857373209195,0.0011208456686153862,0.002611037930773852,0.0012778186146375587,0.002135030671072946,-1.031054763841575
-0.2293480171221429,0.9990953712078985,0.003066166067584666,0.2352709215924547,0.0030622633748817315,0.0018095231498328806,0.0012567550900461986,0.0024170167559965073,1.0402832700804125
-0.194268563095629,1.011398520900187,0.004524588486300219,0.2352299960835785,0.0016887916811009448,0.001641704012973546,0.0012668776070584031,0.0017461483718852148,-1.4887044265931473
-0.24037394565375644,1.0643148440055203,0.003407511007139577,0.2352755785080839,0.0019085687260106282,0.0017250462815966562,0.0012827686201026007,0.0019779346170356728,-1.4245838340626045
-0.21473636257996429,1.0564952840610111,0.003721677349941197,0.2352546206351633,0.0025659897356983892,0.0014967977616003976,0.0011760663212913038,0.002412271331663877,-1.0035246586668094
-0.2625716847430883,1.029023584647294,0.00278539270665804,0.23532056231700324,0.0032153051893959407,0.0016557280795572388,0.0012499328000246323,0.00223979040490464,0.3160424841958477
-0.25706511617242833,1.0355537996348474,0.0029165800936029507,0.23530894926201482,0.002976891741254501,0.0016060344198042655,0.0012746598250363615,0.0020818191561877667,-0.3744354956814171
-0.23283011048773491,1.0456328748030457,0.003597991254581642,0.2352762136440275,0.0032127920510461156,0.000932017249698175,0.0013103284857139237,0.002035923180950985,-1.1403087321756473
-0.1934707375836977,1.002636646081856,0.0032089502750326576,0.23522257818786432,0.0012676062277769675,0.002268242316280255,0.0013692957505315902,0.0020544821660018484,-0.8300518754030838
-0.2508197730106091,1.0473732176937636,0.004093410172245035,0.2353164304397082,0.0020980800548557658,0.0018402427917045298,0.0012408266965293635,0.0020657315310679456,-1.4679631150876327
-0.23269636785099748,1.0573830010739147,0.003040814171347727,0.2352809117322672,0.0017064874465924317,0.0021331132446418405,0.0010903267021059105,0.002063191717005788,-1.517296422089032
-0.18655650066029655,1.0106811462030705,0.003438722028069267,0.23521708175467979,0.0025657635432701172,0.0007842199609756288,0.0012263964635440608,0.0017377992125611978,-0.16790520542050527
-0.22684249187040964,1.0181661435737233,0.003934057696148142,0.23527356998852209,0.0018233516936002317,0.0022993559779531684,0.0013098941724858824,0.002183835007710939,-1.2747131718059392
-0.2421845401791841,1.0613892593800336,0.0037165427995097255,0.2352951630343656,0.0031766766319747497,0.0009216540844310965,0.001286875908980735,0.002132184627974885,-0.1559060620870577
-0.24712287650066161,1.0407455007236444,0.003437666504289606,0.23529652143674276,0.0028542979793871404,0.0019286758879957964,0.0012156886745714613,0.002161391392652842,-0.32232661608786495
-0.2876622007152291,1.0500261166546871,0.0027308033878422613,0.23535296918870702,0.005113084467790188,0.0006920128684828071,0.001451692102070874,0.004763554852557107,2.1899226783828705
-0.25045822354257447,1.032932438894112,0.0035506215908432193,0.23530100215536556,0.004388728249464333,0.000957600364753065,0.0013492669101997708,0.004154866360724031,2.052927587674887
-0.2653976156819961,1.023476600489232,0.0021972997794765157,0.23532430042003694,0.00305573194486811,0.001041754975961546,0.0013124809338892014,0.002201686579827443,-0.8597329046368941
-0.18182182638773922,1.000823332759387,0.0038887975812056017,0.23521971984914014,0.0006754108891083775,0.0026791478739100604,0.001404834089873492,0.0021572389667749363,-1.1659084441056087
-0.2385559094944642,1.0596117440745483,0.0032214195081627186,0.23528887309283678,0.003738305306780735,0.0006112605385878789,0.0010047933651152168,0.0020063963138987786,-0.10083150758623383
-0.21195137179091303,1.0217103732957646,0.0029952988573958782,0.23525290384970593,0.002041381797886145,0.002056779970318198,0.0012036719997464893,0.002110392061531678,-0.060541921208139386
-0.24381388682826086,1.0465472808098222,0.003625712991656752,0.23529664987859958,0.003182619557897375,0.0004976981461816257,0.0013234810440639938,0.0020799494597924253,-0.16360819974549057
-0.23324106005896983,1.0325613776351663,0.0036230186194652963,0.23528330875151413,0.0032029046560083643,0.0011031952417690466,0.0012440648717540288,0.0021228328933392796,0.7217932894271205
-0.27094999124622526,1.0578276479699273,0.0032028716408127526,0.2353369889663194,0.0036275402812566866,0.001669212000536588,0.0010821328461921135,0.002331932268510087,0.4793583869766914
-0.23837942255634914,1.0320064896902783,0.0031312256916491902,0.2352872453242907,0.003353822674056135,0.0014223009723210826,0.0012300399368519687,0.002230234395483511,0.697383842232768
-0.05771423701533828,0.8605500351552712,0.005158474262988429,0.23503733777215446,0.00045208274489226893,0.0002913676550143263,0.0014769605667107367,0.00144532634248799,-0.03658841819739254
-0.19033163077075704,1.000538573357215,0.004461997789186582,0.2352237047859048,0.002216279941636758,0.0018067102798437792,0.0012085929979244261,0.0018762278005225615,-0.3274311031614832
-0.2528197786917259,1.072174648421243,0.0038284658379346757,0.23530923177481236,0.0024466000624979475,0.001858377116662776,0.0013137659453029437,0.0024434110081083867,-1.2306044845218602
-0.25188907553180123,1.0223475568865772,0.0036917791601934788,0.23531467053462754,0.0034810872855446004,0.0012110809966829512,0.0012570825736956926,0.0021664749352179762,1.6757488240662741
-0.21436492170060953,1.036793409108724,0.002717272329049663,0.2352415061700809,0.00115557862187342,0.0025434641839549997,0.001291856637034086,0.0019732340054156756,-1.7120217817812284
-0.13608114759929743,0.94225660579313,0.0030876604316322923,0.2351297651811403,0.001226198808760053,0.002189405042785299,0.0014094822976624564,0.0018301155262934864,-0.8782871732539678
-0.28183691487910495,1.0570636594044378,0.002916682476895774,0.23534921211534388,0.004670697545154085,0.0010874398437070885,0.001302581131752638,0.0036253583328456082,1.6779972098079334
-0.2407021929731669,1.050602800697649,0.0035294560134019153,0.23528510767277652,0.003417154881401544,0.0012730850258714733,0.0012424353910205463,0.0021955864270192024,0.25152123407353494
-0.20747677455869065,1.0202503963100762,0.0028223594774189815,0.23524361631084653,0.0005649525418726797,0.0026564478289126444,0.0013260199028297091,0.0019877788170735177,-1.3381508327680376
-0.2600074851533472,1.0626639590623377,0.0032805966913622793,0.23531719022294384,0.0023417558865755726,0.0017664446473928674,0.001291055621694424,0.0026102234677832896,-0.7700007370943559
-0.2048543434743526,1.0040832855209958,0.0032460965949634314,0.23524281968159474,0.0013706488893685442,0.002151773900060461,0.001311825063655481,0.0019031406437773422,-1.2101962068827226
-0.20462643853657322,1.0362579849386995,0.0033278920619879927,0.23523104701916056,0.0023100018763184045,0.0012519549519606726,0.001190437310018479,0.0018303950078534799,-1.3080084984771165
-0.22027783513809054,1.0076131944983189,0.0033908871000246973,0.23526864995947727,0.0019355606073243727,0.0019173635331743645,0.0012681104039194053,0.0019501769231722648,-0.7215989478035738
-0.21077045032920141,1.032757642273292,0.0027588883353756545,0.23524445010297623,0.002576200386564376,0.001447313374849098,0.0012703307589916775,0.001970256436903659,-1.0899233713763623
-0.23732370986849527,1.0403750701981183,0.003398234980680332,0.23528128223408268,0.0026449085913587446,0.001929009193113691,0.0012737525629893038,0.0021777855147735994,-0.9384457811104475
-0.2266248214721162,1.0279170362798458,0.0032656160855320925,0.23527132115966617,0.004136401232915431,0.0006571979890924774,0.0011090810342412388,0.002136177758806928,2.1469313371018233
-0.21029564157754255,0.9903622405062991,0.0034187354838216017,0.23524869805723306,0.0020146553897109286,0.0021533274518426076,0.0013792952030494453,0.0021087189581029267,-0.6260898176740634
-0.2247399095364565,1.0556984939236185,0.0027963326501289436,0.23525255665270609,0.0032062649787223782,0.0006968114330774624,0.0012064141597039207,0.001861025860038844,-1.1759023483882864
-0.256763744778341,1.028108451508011,0.0029794519400795066,0.2353150187861424,0.003727767771749821,0.001278587097691492,0.0012844990172563,0.002352732785645216,1.8501565250891612
-0.10544294402407194,0.922774216386637,0.00406862250568176,0.23511084987580633,0.0017954191570021968,0.00035174765991477324,0.0013145020291309192,0.0015997177871896594,-0.11969617241548137
