11.036630831973723,-0.39019817175606436,10.95986913759743,0.23538136294909037,0.0019047214433842148,0.0021249399576275933,0.0010928020916081424,0.0016875218154078118,-1.3547649519387825
11.054055926022581,-0.39496901384074345,10.959968068377508,0.2354617972826029,0.005265575554921197,0.0007281829684402431,0.0012310830474418102,0.003839326925304816,2.040230528262401
11.03361702879729,-0.3876043260400583,10.959975373908634,0.2353634544589488,0.0016943769328024165,0.0023599104039986147,0.0011154238798182503,0.001737469821223823,-0.9809573098318283
11.045111160593967,-0.3936790839381262,10.959911975052753,0.23541531947815295,0.003051337913702412,0.0009820362039902537,0.001024542654761136,0.001605393793350026,-0.9241667217177341
11.040297884086971,-0.3951692946926272,10.95999342297668,0.23538943193510653,0.0025295884021903138,0.0013562747547877186,0.0010370265028416701,0.0015234268930246265,-1.5550226790548483
11.027995047201964,-0.3858085163207035,10.959852710253703,0.235344296578768,0.0016724936776807819,0.0023477374576664836,0.001140602454224294,0.001786685517888432,-1.048386806527783
11.042825130850199,-0.39277333945998694,10.959884767530903,0.23541126028290263,0.0048101639520897865,0.0008988533834831246,0.001222255178317696,0.003388847717598593,2.0671321329275556
11.050257941133136,-0.39214411487789386,10.959933348071864,0.23544829911304957,0.004648799422758841,0.0013507162188732616,0.0012524054982978442,0.004002407071189155,1.8290481775886562
11.043419746569509,-0.3951136190853411,10.959978418717219,0.2354061283644653,0.0034560841848652636,0.0009958468764027254,0.0009920211796978703,0.001765991018239366,0.40754144091784317
11.044861053484263,-0.39232559652506555,10.959895292848328,0.23542086679124705,0.003561072028749517,0.00166585246515012,0.0010486417390719095,0.0023178424096824326,1.0640933102597174
11.06230384852879,-0.41741544582004186,10.959931628600536,0.23547139919362758,0.005980395093960943,0.0006354392424649663,0.004882977465051946,0.06020954362170542,0.18997713500081245
11.044482015822497,-0.3929385970170004,10.959902549129515,0.23541531369889696,0.0028148960483852592,0.0015061940915694254,0.0010243739193876236,0.0016879375222270039,-0.6546482407416335
11.045283686110524,-0.3949276230834753,10.959973392733039,0.23541471031937153,0.001853916680246005,0.0014961598442251877,0.0010750501254387583,0.0015418991609860496,-1.6162122759007531
11.066848027305618,-0.4177779094349385,10.959962021493133,0.2354920367204671,0.005948290738633876,0.0007279739959471861,0.0023568489662350914,0.03210231658383178,0.14358117480139077
11.040473685283267,-0.39387476145878764,10.95997201961414,0.23539122223434353,0.00405491381809768,0.0009497047615125265,0.0010649345796349627,0.0022252597768038225,0.9715192294804361
11.050615011411823,-0.39307934726222077,10.959918392703402,0.2354453825961806,0.004199189716941204,0.0008473610970484912,0.0011111671413022806,0.002523069535603089,1.3922011194195334
11.049014688382341,-0.3930340982366859,10.95989782074733,0.23544166366784905,0.005131978560457862,0.0008706193116484964,0.0012703186860257953,0.003922763794912652,2.203241919726517
11.038341110606627,-0.3903503137059338,10.959893491360821,0.23538916461940934,0.004029644206118402,0.0012777106825247338,0.0012241801264926816,0.0030995837099324244,-0.4562421455188608
11.05716061907016,-0.396602460259493,10.95992573036589,0.23547993625881578,0.005901964540900317,0.0006730585189232709,0.0015047191349817628,0.007059425551683761,-1.1927417814180468
11.042243829835037,-0.3877789077327657,10.959912560651917,0.23541127636342704,0.003520055768435367,0.001982972178222914,0.001135394292761185,0.0025505384382705563,2.0117041850391204
11.046548057102441,-0.39704212647086806,10.959944183371078,0.23541876811028606,0.0027120616518734246,0.0008581423432435648,0.0010023623451550427,0.0014090725361214018,-1.5040042791403037
11.015697615061285,-0.38985784065009177,10.959951149835932,0.23527440775855768,0.00210783756222583,0.0007919244212538359,0.001073684061026096,0.0013769409352347916,-1.8586688831079659
11.043033300547277,-0.3982583179678055,10.959914899429752,0.2354034897167531,0.003154897171541236,0.0006849460950248396,0.0009868494976557048,0.0015168404751685044,-1.0683615549567174
11.064824271567812,-0.41735648761723904,10.95994667652933,0.2354842182086237,0.005919614351459851,0.0007961653215457204,0.0040143568119811604,0.05367135830566328,0.5247117605714225
11.042148918325623,-0.3933547074362198,10.959944374186312,0.23540397119880893,0.003061653830775757,0.0019542695460504737,0.001065212556791075,0.0020212424073901697,0.44147865559851546
11.05325450423396,-0.3917367384141392,10.959915044211295,0.2354653804057871,0.005756141687046517,0.0006409438189975915,0.0013676131167456537,0.00514602896010841,2.105748914060531
11.027333136078726,-0.3964517240265421,10.959935322739073,0.2353296494729735,0.0013953729931112846,0.001528631850882575,0.0010765661961571206,0.0013690287216623458,-2.1965248976828313
11.032892894870697,-0.38973584529349237,10.95995989581053,0.23536176057017336,0.002038453979103739,0.0023617177961676354,0.001114805237318924,0.0018599907220373166,-1.0211748208278226
11.040903415971234,-0.3910441805735356,10.959931963524411,0.23540063194836033,0.004117702499256614,0.0013986075710736114,0.0011761267471683122,0.0029767332145729905,1.6867463167020247
11.055353579127413,-0.3993072763173605,10.959924504677968,0.2354656635289633,0.005867366463525034,0.0006735427761240854,0.0016205209747042592,0.009824539567007264,-0.899327314305585
11.050748842627481,-0.39281845040192226,10.959913074602424,0.2354510819112255,0.005251091983466963,0.0010062514028499477,0.0012875074199084683,0.004137356943759016,-0.7857678055300631
11.032813913191308,-0.39118314551211575,10.959896481255742,0.23535927083542238,0.0018557553882847246,0.002029104311787353,0.0010832074188479178,0.001638850707177331,-1.968292425762714
11.029305184905384,-0.3893639935649849,10.959902016229917,0.23534000779039999,0.0019337469178291914,0.0019898835057394265,0.0010966821985670047,0.0016376069858083523,-1.4169801673884905
11.018313586617126,-0.39031285072321714,10.959906829180888,0.23528994619356727,0.002141744137851332,0.0014255843970911659,0.0010725954308400962,0.0014913768323565923,-1.7507992780839152
11.030712341745229,-0.39587786023874594,10.959875989256064,0.23534919210267777,0.002451414101150205,0.000773712931861002,0.0010324693343897661,0.0014141214907051939,-1.8973956691411789
11.046007870229133,-0.38948214413169807,10.959928786776997,0.23543103949258337,0.004835434183207809,0.0013111694974433836,0.0012274016690140845,0.003481877624520084,2.440463315215335
11.04596755767162,-0.39242182089545785,10.959916965459193,0.23542211307995617,0.004062046909386009,0.0013333239727388578,0.0010577156938691914,0.0022554423619127162,2.0253033312019113
11.064664752885927,-0.41775533391710357,10.959937738457992,0.2354836271311006,0.005954502544847302,0.0007054414373154437,0.003209002925463049,0.03766051846855867,-0.41008763273795784
11.024868189793166,-0.39099735180067086,10.959907391823629,0.2353242024822594,0.0020222741234100987,0.0010740813723132251,0.0010766335351803926,0.001369723804795132,-2.0690176101203277
11.05409910104537,-0.39423496521922435,10.959901857428466,0.2354660415893671,0.005711424608504568,0.000719415930396662,0.00138589609196112,0.005456705982173631,-0.9797162410698663
11.057609847453982,-0.40104526524026934,10.959900715839515,0.2354766967060916,0.006066593050784074,0.00047341771101863076,0.0017122955639765885,0.008409671736801504,-1.0327592204598837
11.045091183635623,-0.3907318341658075,10.959856764662865,0.23542537836936275,0.005425646724571748,0.0007138678558161428,0.0014108516612272018,0.004362529234427605,2.18997556933372
11.045489696244143,-0.3938832859637223,10.959925529137557,0.23542106903586252,0.0034383131106426722,0.00172692145803353,0.0010036939045339713,0.0020783296323741295,1.0685187690113227
11.034230846757833,-0.387512133956832,10.95998690994641,0.2353675504103746,0.0016444821529979822,0.001957041826511369,0.0011186957854709104,0.0015840709701908002,-1.4959279751040921
11.034584287818374,-0.39230882472544537,10.959941242362447,0.23536597925330324,0.002120356745921938,0.001964281286759409,0.0010962376697213848,0.0017054156549249383,-1.3211734964318558
11.04407705455652,-0.39301830474451643,10.959935359864696,0.23541627135518958,0.00416049091964071,0.0012755842430112697,0.00119809514444271,0.0029925918845444305,1.0752957924198316
11.035579471484919,-0.3925054454002564,10.960017057716595,0.2353708116540049,0.0027177738525280813,0.001806386499895441,0.0010368980270614705,0.0017099770809974252,-0.6309893385686239
11.037950728688587,-0.3890117754098277,10.95992680621296,0.23538798024691288,0.0022488040539355024,0.0021679583178776003,0.0010915512633168998,0.0018066314031884116,-0.6354373379611425
11.040277901487249,-0.3913825657569586,10.95988562505561,0.23539661262179612,0.002554507232731285,0.0020093578200170515,0.001057605494946826,0.001782995943387433,-0.21962657361614962
11.038573087181117,-0.38896929748036685,10.95994906585381,0.2353903076116118,0.003637783438062573,0.0015768285182961041,0.001080965520552493,0.0021907813697951196,1.8433844361231408
11.04662125405208,-0.3913384700990686,10.959952643343819,0.2354279023595254,0.0034041164697635106,0.0018059832385271144,0.0010451366581910625,0.0021026076322893947,1.1450615487992262
11.053824977238337,-0.39310622836960274,10.959906991472373,0.23546722783919966,0.00584742268483768,0.0006046957101644546,0.0014638250111093942,0.006105724666862463,1.980914437977257
11.06076965178728,-0.41562240465310496,10.959920379809608,0.23546883009230982,0.005825174648071855,0.0008559642709735628,0.0034324643961598875,0.05298983823088963,-0.44147250531772386
11.048050243799093,-0.395221552023792,10.959887558436703,0.23543126232181244,0.003915413380927734,0.0011470789989717564,0.0010028620538960879,0.0021717811792499086,1.8103000477552598
11.039918767326037,-0.39139544994779357,10.959897447836621,0.23539618193510273,0.003547618212157159,0.0014204320606977688,0.0010677763764192715,0.0020882454308939423,1.0611467342359784
11.038817171003931,-0.3897303365373654,10.95988805363556,0.23538881129686068,0.002287492331821533,0.0022069291593727965,0.0010832092449024144,0.001820666762244305,-0.7096675617212946
11.045806769848468,-0.3898622732803541,10.959929325984097,0.2354236642621719,0.002569243821538625,0.00227548440684569,0.0010876318378368495,0.0019994040282396513,-0.09567412460830861
11.036140364021138,-0.3884523170298146,10.95993977408003,0.2353794609702519,0.0015811927576018792,0.002519335236357684,0.0011303082532886346,0.0017740750844966874,-1.489054028664102
11.035463682538383,-0.3910647712092719,10.95994462108148,0.23537263586702986,0.0022062895204645857,0.0006982716440498295,0.0010769769266190977,0.001435805179477781,-1.8790210496095887
11.0428011238997,-0.3923669770885108,10.959905955163478,0.2354078670650592,0.0032118480734448433,0.0015891475723715355,0.0010415224316352282,0.0018194308552093087,0.3372752243969225
11.046995574615392,-0.39444706707445226,10.959920962482895,0.23542949471979122,0.005544403941611483,0.0005667412324455829,0.0014412347503367077,0.0045987168429728964,2.1529767237194104
11.040814060027625,-0.39410857935441607,10.959982372574357,0.23539605030173066,0.002083884800558943,0.0012849091592705573,0.0010648179792791417,0.0015669554170076184,-1.4023448533673906
11.046712139735346,-0.39287897852239984,10.959884075602087,0.23542565375985564,0.003599217200560544,0.0013365989868943705,0.0010404293169608955,0.00198867102229351,0.22247435146422595
11.041690454782843,-0.39532019617687175,10.959979249689034,0.23539649742467422,0.0024813774641911416,0.0014156953962450797,0.0010208251777301103,0.0014857655630842112,-1.619082678629579
11.038462275993627,-0.3926780412193209,10.959944030708243,0.2353874996916799,0.004872836946323413,0.0007322314743887301,0.0012612638279475444,0.003475208742282436,2.090995485128131
11.04782670857503,-0.39090670750824497,10.959962963314988,0.2354353743837332,0.0027801690429051823,0.0021489146991518285,0.0010349631743403614,0.002233627491408244,-0.20636834472499802
11.047976587279845,-0.3906225164371115,10.959915359914438,0.23543679625259287,0.005337637375535859,0.0008762633334217907,0.001322314528452148,0.003950090648879545,2.334965240177084
11.031104394291814,-0.39282453495183484,10.95990205509561,0.23535240755673542,0.0028639935591310986,0.0013637771658422393,0.001052383710915737,0.0016462695460426812,-0.3136555429209137
11.039352790152565,-0.3888972071208025,10.95987267616074,0.2353971275463199,0.0025559143823863442,0.00210237255164655,0.0010970303485844642,0.0019514291154011448,-0.31807804836117565
11.042145480495133,-0.3950572847842465,10.95990334297323,0.23540396850573644,0.004418236305096305,0.0009682159492732046,0.0012229699543447547,0.0031204510893891664,1.2168807766017993
11.040891029359802,-0.3898033792854326,10.959940088373726,0.23539904822130223,0.004368709817618818,0.0013256678041650312,0.0011685837154257704,0.0029296889170117905,2.3282192167432516
11.0506218036644,-0.39243042265764794,10.960013458712584,0.23544433478644466,0.00371474833997261,0.0017657082382359361,0.0010559583200846598,0.002310352204652701,-0.16051602486878472
11.052521904103958,-0.392640688037574,10.959879118873756,0.23546127706508693,0.005580762476623077,0.0007199408582806504,0.0014363718926327165,0.004708848738935847,2.1330624122537225
11.053153354081887,-0.39226708054662646,10.959899985678755,0.2354628663967263,0.005475647377406104,0.0008638969686853798,0.0012799150234016716,0.004524403118976983,-0.7113063080344446
11.042097374236047,-0.3910193403305538,10.9599162408604,0.2354046372180383,0.0034993260807148555,0.0016074822210597006,0.0010509801246268036,0.001975343387351453,1.2842250902473482
11.060816245649102,-0.40813947847112503,10.959922914325164,0.23548058023830198,0.0058989847299437395,0.0007871838069565453,0.001987905845447582,0.01865347947510289,-0.4367471696084366
11.056621880003734,-0.3945588893961334,10.959899671730279,0.23547819747601217,0.005613439690747158,0.0007580811042364186,0.0013999077351795686,0.005573685675466978,-0.9223271635948013
11.047878127490534,-0.39451942549995517,10.959941518851627,0.2354268859565185,0.0030436160513259494,0.0012709685692531465,0.0010115925756268085,0.0016866120791739015,-0.5467505848750939
11.040411299815322,-0.393806019151977,10.959933468587495,0.2353934968785776,0.002997727244889426,0.0016531790917683783,0.0010364480802243594,0.0017668073849932016,-0.4940066690114746
11.046286485396385,-0.39163127184615587,10.95992533637233,0.23542851628659053,0.0052539361322096936,0.0006571756742460707,0.0012942114314835615,0.003881626611147497,2.2439841121535706
11.02369041562286,-0.39405628009796134,10.959971402802731,0.2353080716838878,0.0012356773065248187,0.001589461387213857,0.0011043768988766862,0.001335094642768,-2.256652107494816
11.044694496989784,-0.38890434967539184,10.959880299275762,0.23542309626725968,0.005178340608493828,0.0008803360011250293,0.0013095416736216064,0.003792785232335289,2.358301221425047
11.05447033428547,-0.394163932441077,10.959958742036187,0.23546912687643398,0.00584874689476457,0.0006230430890232235,0.0014784959730945952,0.005463098812880525,-1.0443868284497952
11.041491145678473,-0.3896937015986608,10.959926563916726,0.2354040181196293,0.0019759718918735884,0.0024337317722870374,0.0011108760323380448,0.0018568350096695217,-1.1466089391014485
11.029473317473386,-0.3934934110890333,10.959945444024752,0.23534097179024946,0.00297471931577031,0.0010867548330832737,0.0010376967761891978,0.0015504693041820646,-0.41610001433041055
11.045363796181483,-0.39210793741687994,10.959948928361632,0.23541955109686424,0.0028028257583393524,0.0018019884355480202,0.0010485164600506033,0.0018081742962403932,-0.5083155266057565
11.046040697498269,-0.3889652102575906,10.959955582984522,0.23542618218523612,0.004638298188670978,0.0013191116735368823,0.0012091828484522538,0.003220422054788064,2.367291453059024
11.039910065835885,-0.3873379788539414,10.95989285975381,0.2354028659956217,0.0028193005356651002,0.0022396230292831827,0.0011003022413851571,0.0022203206235425405,0.9328558608202004
11.056196988641934,-0.3932823463234854,10.959914740146523,0.2354785038682495,0.006022257213934034,0.0005017730583486662,0.0015582719735828272,0.005473477659679436,1.9371147041519594
11.043317696502626,-0.3918132612533368,10.959919047757355,0.23541199651685915,0.0047246946755318976,0.0010126498758580753,0.0012981387900247916,0.003598458499605503,2.0381195283774356
11.048888689669594,-0.39175806806287555,10.959874712346007,0.23544077423203208,0.005002521871167057,0.0009461197050693566,0.0011966898880624891,0.0033172359582351726,2.323038446805251
11.053614143515135,-0.39469875946903166,10.959926151101055,0.23546368579105106,0.005832998322943098,0.0005280397419149071,0.0014532280014834867,0.00515865158249589,-1.0798310219149572
11.020407393956859,-0.38973512655372666,10.959889065707449,0.23530226319858938,0.003053867910432452,0.0010112517928628829,0.0011270535728273438,0.00204192968274957,-0.06546307610217066
11.033628566999885,-0.3890523266462408,10.959899746890896,0.2353674885401728,0.001855570937387542,0.0021100637414440395,0.0011156533435175333,0.0017169357225646352,-1.7031286931067409
11.041289468955592,-0.39138006528054664,10.95996118854933,0.23539923270772273,0.002540915616331064,0.00215480469005701,0.0010700215699921062,0.0018570928329322035,-0.4654945301369824
11.04571002659823,-0.39260882037196215,10.95988362949682,0.2354223066230138,0.004212069588418195,0.0014246902394096238,0.0011237632022810234,0.0027090712826399635,1.651028864201484
11.05720337514864,-0.3951380154463029,10.959929823777774,0.23548089868652045,0.005968085128749369,0.0005140376232163191,0.0014570604188637985,0.005407172640107668,1.9570385883167383
11.050118338614372,-0.3932222537791696,10.959928183491126,0.2354453686670698,0.005631251371454791,0.0006138575900671019,0.0013253356428708386,0.004176779437125354,2.1923112992980918
11.058878685952838,-0.4013927958659957,10.959911774360904,0.23548182243128993,0.005924140603103676,0.0006744265677310459,0.0016864341291493515,0.00961341239856033,-0.7552963635749722
11.047645471464536,-0.3948726818706447,10.959947647642828,0.235428819401327,0.004069958323504345,0.001203461528577265,0.0010799249428797611,0.002431506565099805,1.1485090470399681
11.035018946797756,-0.39051289053754323,10.95994327889255,0.2353717997894669,0.004878094929392141,0.00055745844360865,0.0012023434262064716,0.003165815687084528,2.2962723677253467
11.035767012006481,-0.39631478465913045,10.959958864286625,0.2353674780452837,0.0023835309813741456,0.001401658531178968,0.001036605960123815,0.0014840625446151652,-1.7383887305467274
11.047577453564143,-0.3946905672047438,10.959925100533674,0.23543387067417582,0.005339672986592102,0.000972407848396762,0.0013917595013981537,0.00441794760968405,-0.7099506015805944
11.054768404231618,-0.3954513280118564,10.959924688821301,0.23546992003664824,0.005938453371826853,0.0006571837506723112,0.0016415564103361845,0.006580659550045038,1.634165641479915
11.05023206504447,-0.3895753202609526,10.959901688186836,0.2354511853906101,0.0047344857177188705,0.001321488784382985,0.0013019638700596534,0.0037442105348727793,2.1694299349261494
11.040622462489686,-0.39326572453071024,10.959937729714062,0.23539373091796292,0.002396885787578411,0.0016350027698560181,0.0010444124457351055,0.0015617753057016411,-1.6417693974419256
11.043607143360775,-0.39168191896201754,10.959918260533506,0.23541208869773803,0.0025524748391982555,0.0021343379992749345,0.0010708780592615682,0.0018821257207483828,-0.39358403336713654
11.03787004317258,-0.3883842826256445,10.959898172222875,0.23538724658039728,0.0028779945663155748,0.0020473137022512583,0.0010860786813593644,0.0019999395440043295,0.8787945662603728
11.048791285093806,-0.3902720267090178,10.959898867027817,0.23544347191522852,0.004165218235185228,0.0016009528409539563,0.0010751475275185183,0.002571705082738944,2.043647629109569
11.035670407349748,-0.3909474787338481,10.959902478593593,0.23537823138209252,0.004706442279984973,0.0006499865419136367,0.0012179149940467825,0.0032212239253641673,1.660716861857388
11.044313831919066,-0.3917058134428968,10.959909613734819,0.23541300902892998,0.0030928881130916123,0.0013124868462603145,0.0010271792428456648,0.001704697524803112,-0.0641668606607475
11.05967944024455,-0.39985799384993553,10.959939926958096,0.23548652278741075,0.005973589616299692,0.0005895246458967383,0.0015009840325425257,0.007480403360260092,1.6183110469840725
11.046449166297778,-0.3943232093518832,10.959957826343556,0.23542535745759738,0.0050430933700446115,0.0006634488880113849,0.001329528435865617,0.003953399516129985,1.3840999442799544
11.03530674730095,-0.3871105670369768,10.959876882312576,0.23537718672639252,0.004132368734544382,0.0013723813444501151,0.001238823920010293,0.0031280486180807732,2.069317392135285
11.046726618560335,-0.3916187182807768,10.959898749803436,0.23543257244823032,0.005219933803815507,0.0009127366218280563,0.0013795450887189146,0.004218072697278442,2.173552116802334
11.044050305652139,-0.39421633332487493,10.959968913464385,0.23541179454788835,0.0032658055780328647,0.001812821813380295,0.0010093470219510372,0.0019799337040194943,-0.04839522676475638
11.039624136885154,-0.39239114951933296,10.959869803514483,0.2353962340842014,0.004741019719969598,0.0010667775223119548,0.0013569775030363713,0.00677773757127802,1.8651960953686306
11.038502318033991,-0.39040743459786165,10.959910643049492,0.2353849925823277,0.0022838092806990195,0.0020463293510793587,0.0010759065026523227,0.0017154786000217698,-1.0909122358174115
11.055748426634844,-0.3938161382150857,10.959897967542748,0.23547646133844047,0.005735500797681244,0.0007330080565077865,0.001373476576349671,0.0053585061591318065,-0.9868534532994779
11.048650925454126,-0.3909703331041758,10.959905266456657,0.23544322066341933,0.005594077069632042,0.0007769684378778963,0.0014112874006801468,0.004465124491959566,2.175591094264442
11.041224371084347,-0.3954950934867487,10.959927009015855,0.2353962003183723,0.003613452726993576,0.0008302358188445636,0.0010346111766254518,0.0018759637285355297,-0.049270262547508166
11.041877583763492,-0.39099078329643217,10.95992442516147,0.23540374095464245,0.0028579152514496236,0.00204598954146488,0.0010671532952218521,0.001949859795992142,0.2779001413726784
11.042576187441776,-0.3893559348483389,10.959948858520745,0.23540906261518246,0.0027994586174819184,0.0018300567292591447,0.001078925656892186,0.0019124468794438681,0.02785370977609957
11.04128151715515,-0.3896921956122003,10.959902877073343,0.23540414328401957,0.0033781600399965125,0.0018273448009472899,0.001063279479382747,0.0020772374283325127,1.4420336458709733
11.04193830607644,-0.3921384061786107,10.959899233096621,0.23540698964949616,0.004572900164801052,0.0010754987564915084,0.001127467981808025,0.0029169347121020916,2.3488720602704403
11.05277374996833,-0.3944109454229057,10.959895166067755,0.2354560372578691,0.004347541813190599,0.001299654777172222,0.0010738304925333694,0.0030253157807508388,-0.27269426892169296
11.052449689733242,-0.3919350372940158,10.959907189176274,0.23546263658607433,0.005909132624536803,0.0005388865486173168,0.0015200660127106926,0.005266531924209228,2.01211264105904
11.043580973073917,-0.3902789115874795,10.95993325661062,0.23541461303365355,0.0027458520137420197,0.002128127721048136,0.001062622388038024,0.0019081966003015307,0.14624591137376586
11.04690238369055,-0.39234280411708056,10.959955564406522,0.23542727038989492,0.004249126873805188,0.001249414738096601,0.0010886299899002568,0.002491800040936133,1.7832360148124347
11.025773287387969,-0.3888293523133601,10.959972959618684,0.23532150169859906,0.0017449094188829613,0.001674681839260922,0.001095313005374409,0.00146633787026308,-1.7218052167793794
11.039321401278297,-0.3938045790186438,10.959880145000556,0.23539434109699425,0.0022248916197516464,0.0020201313650585247,0.0010451083792074008,0.001804158874809171,-1.79411673852563
11.051502396202284,-0.3930058400888977,10.959896516188333,0.2354538292204894,0.005206317938586388,0.0010065980654754847,0.0012761731524867312,0.0041510108309167236,2.016771109610904
11.050897544253782,-0.39400645775300547,10.95987212525105,0.23545222932025353,0.005415542321348422,0.0008380078115598766,0.0013530378324954932,0.004688804875714551,2.1782536563659667
11.05869026358637,-0.3975571927457917,10.959920275866633,0.23548540235029927,0.005910197931735605,0.000701491853995296,0.0015357960259053042,0.007073754087814874,1.7864370552158535
11.055049762189508,-0.3941910442258385,10.9599161400082,0.23547413410832585,0.005992412757643619,0.0004340324602149153,0.001449660407565165,0.005499245566119194,1.9338886985772168
11.059418342838576,-0.4086830000318448,10.959914209659287,0.23547209829074586,0.005989455871589307,0.0006028334331818714,0.0019691716694051047,0.017554031547177492,-0.8618457329022594
11.037448560556808,-0.3886607644019606,10.959900348035271,0.23538508621703183,0.003967140293604802,0.001391836928197509,0.0011187490750329953,0.002451847429468552,2.0950871535813183
11.046261813576153,-0.39539979627030014,10.959925610807948,0.2354231081264192,0.003648661957372419,0.001353397279880154,0.0009890751317793262,0.0019808762007973847,-0.08612733244693624
11.053141763105428,-0.395221116467656,10.959921189695295,0.2354594554757458,0.005550839334396729,0.0006621585810257328,0.0014036583563695698,0.005125943512200509,1.9106499513251483
11.012121115664867,-0.3949884853848006,10.959837907603227,0.2352580215011142,0.002170320254285976,0.00042506773579414057,0.0010625561018969096,0.001326590984095698,-1.8832108451605685
11.044424155191868,-0.39095548855704265,10.959907229104108,0.23541924277216172,0.004527076138067044,0.001189736963633325,0.001195091276795241,0.003068727791324172,2.1370518288045695
11.037347177909181,-0.3914986651337656,10.95992546924667,0.2353780871001293,0.0017706804798289654,0.0024390315449900513,0.0011035352348908465,0.0018131226268814726,-1.2856411052399868
11.050191539725075,-0.3900742406409604,10.959940219219233,0.23545029363947528,0.005454317972550354,0.0008992259424609915,0.001378601532578611,0.004469767775095394,-0.9185791659280413
11.042101894148606,-0.39221346144695146,10.95997501067316,0.23540102271173874,0.0034426276037148643,0.0009081251592143528,0.0010170328435437942,0.0016806941635919045,0.5646252005698977
11.052457554142697,-0.3932076964365684,10.959919481357906,0.23545953472095923,0.005505071926264518,0.0007490142003652063,0.0014016750793591265,0.005235957345229427,2.097969870673038
11.03993987639788,-0.3911941693686046,10.959981726880722,0.23539499526548616,0.0048342190557459025,0.0009988382028201363,0.0013568124990819533,0.003990210138479552,2.0433200879231945
11.042134919284813,-0.39640554035256087,10.959915584362925,0.23540037419539014,0.003160642327293941,0.0007204575973768463,0.0009995656084524085,0.001544150317691531,-0.7579852973332962
11.063997601427083,-0.41580174849730084,10.959905474438063,0.23548318613597718,0.005854844947493841,0.0008533668145811015,0.002775651502175062,0.037783696816125346,0.1934136002030679
11.066020469656564,-0.41679218625512005,10.959922439049317,0.23548943046332563,0.005949695401562888,0.0007012065715899428,0.0038588593429753544,0.04520172685553927,-0.163850914473559
11.024947474271864,-0.39255602801317313,10.959877121158522,0.23532039887370057,0.0022301323662158403,0.0011995245001312788,0.0010703899960714063,0.0014419385704290092,-1.8611830922431567
11.025479334141359,-0.3901993656317817,10.959944022709653,0.23532620955518543,0.003082950764894172,0.0015185175466232504,0.0011415164306304377,0.0022568336895468404,0.31318698778361287
11.035338181766143,-0.39128096151979536,10.959969882805774,0.23536954898363305,0.0018434563807029547,0.002019103812858094,0.0010876523690824171,0.001636233677199152,-1.5267642217502118
11.048911307420084,-0.39205083332864626,10.959907249740464,0.23544059395871691,0.00528653622922541,0.000876701538205251,0.0013293900811286135,0.004061188656431105,2.2046161742322883
11.034104709145023,-0.3936952858278262,10.959940505632261,0.23536373226297486,0.002738433272284144,0.0016345721717516651,0.001036630429101157,0.0016600258755716604,-0.760565581927329
11.036160738932121,-0.3922868659247048,10.959898011060504,0.23537423311740882,0.0014238129382948413,0.002548350312602485,0.0011089164758824631,0.0017141859719702747,-1.881913108518671
11.056801706772085,-0.39551632144266285,10.959929199274242,0.23547868520362528,0.006025192209392755,0.0004733258946439987,0.0015576048273719108,0.005708712363339887,1.8907325139700626
11.057476189187108,-0.4059106669649003,10.959917178362497,0.23546710425474754,0.005996401816476929,0.0005904194174075645,0.0019307936874541506,0.0143558540844603,-0.7409270987870099
11.057074959619289,-0.40008364269557695,10.959921026410049,0.23547539546921187,0.005954005921137918,0.0006004615069531927,0.0016254233741015793,0.008546125253244219,-0.6955665160856318
11.043665595875373,-0.39330988745732115,10.959900080920248,0.23541295653991207,0.00458571907343886,0.0007033612453731671,0.0011901949686995345,0.0031387155243784493,1.5569512572131972
11.048333914365987,-0.396426634956582,10.959906986709717,0.23543587778454877,0.004763008996830763,0.0005506283567644736,0.0012014906861464328,0.0033429750204344096,1.5331401116432153
11.043079407690458,-0.39529825942516167,10.960023885521096,0.23540246989961972,0.003199149044134919,0.0008872567571793034,0.0010083607591555954,0.0015777345129056868,-0.6641382616829565
11.057389800593123,-0.39681221683951834,10.959887625529275,0.23548209628570407,0.005859190707324778,0.0007819005901199417,0.0016318697402359441,0.009479804278930077,-1.1343729617101246
11.044278693652087,-0.3919093813146637,10.959875280428095,0.235419733606133,0.005287742661415593,0.0007375220884812137,0.0013082021886592586,0.003861639844143418,2.2032978378147963
11.045306350279722,-0.39191360470823866,10.959893743833447,0.23542327350475312,0.0027760770650729467,0.0018960069955483235,0.0010428787666146122,0.0018512869753092359,0.2600262085833025
11.0414560236148,-0.39450683644996704,10.95997587576749,0.23539684239543612,0.0032178502678278983,0.0013114090628038714,0.0010215990980852443,0.0016780583195836782,-0.06114421639642279
11.04592143812354,-0.39090320354556884,10.959844951255189,0.23542774954120238,0.003256891832508222,0.001838816104558986,0.0010524575862607926,0.0020750853246392564,-0.09986164029989161
11.053926889534972,-0.3938219237673239,10.959957401630154,0.2354641976569779,0.0059710656107481355,0.00047347173922067674,0.0015998030725340332,0.005407311084325276,1.920955796189159
11.040574159830248,-0.3949384409522136,10.959964551108675,0.2353930705104372,0.0031649581055536876,0.0015158558833052835,0.0010399810334604943,0.0018228050075640506,0.028375626794469668
11.048089946909213,-0.39302202290925964,10.959923839306267,0.23543313578504085,0.002503827495673997,0.0022155892680802043,0.0010629723080861665,0.0019187771472333772,-1.0545847815555407
11.055799939406311,-0.39926993930451926,10.959925721324607,0.23546920802758028,0.006019491433256424,0.0005594366107984492,0.001640542091656789,0.008306696340912755,-1.085580713751005
11.039918534003938,-0.3874280388322571,10.959879203645023,0.23539900074687686,0.002047566421921602,0.0023260317583831867,0.0011180359635076758,0.0018706020434073854,-0.8275556916792296
11.046511969708797,-0.39254231222463837,10.959878071114352,0.23542957484214166,0.0054149275209234874,0.0006916159148658854,0.0013880569885180234,0.004321343101623938,2.2009550333816987
11.054080918725232,-0.39719589584827864,10.959932559167052,0.23546238425479882,0.005849488897311932,0.0005594674313987333,0.001528979165142579,0.008034369057288264,1.7102435688151494
11.040994694557133,-0.39386063871044497,10.959942797928942,0.23539848573788255,0.004025705362622281,0.001093100013877665,0.001078318046081796,0.0022996767625390567,1.394723310322985
11.040324940004659,-0.3896596120011174,10.959887362089184,0.23540046386310173,0.00459268499089481,0.0009239789063207067,0.0012142447594583438,0.0031423579582671927,1.8749604445255188
11.038880199972983,-0.38970760118907105,10.959899985254536,0.23539438481197758,0.0033177895056914343,0.001970244721415382,0.0010775119471081202,0.0022394168795608956,1.7101806923680705
11.035276948198144,-0.3926815566325468,10.959967901841525,0.23536874307669245,0.0016911080418475814,0.0020015864080109025,0.0010847841164076497,0.001565779392062363,-1.4024101236347453
11.035845718833976,-0.3941118468310195,10.95997748686268,0.2353669571110257,0.002424437807517366,0.0015996978780626822,0.0010597833382067399,0.0016007503395803588,-1.297277756558571
11.041494404682075,-0.3927640953520476,10.959887943690694,0.23540417348917198,0.00259304456156273,0.0022700338019217476,0.0011021252739152614,0.0020713616454126364,-0.3074576826531664
11.057711220681915,-0.3989784238489926,10.95989575963912,0.23547884273403893,0.005923641776400375,0.0007577010717414078,0.001650124965502642,0.009473541723255709,1.4789229654734073
11.043590773730598,-0.39570211478511474,10.959934890421144,0.23540842584502764,0.0027087276743219834,0.0013742084044634018,0.0010238651232337792,0.0016804812027655042,-0.8247099951565622
11.03736590944122,-0.39191917630342965,10.959944903459824,0.2353797680214758,0.0034600305627195843,0.0016233227684720746,0.0010530609927806708,0.0019547961303484733,1.6581114231476006
11.050985722025088,-0.39232380446484355,10.959890115432293,0.23545332303380057,0.005440969208666766,0.0007801293246588398,0.00130495604237246,0.004567930704147505,-0.8554059672854581
11.043364716585424,-0.396180753770695,10.95990237377063,0.23540575081930254,0.0031985933340426768,0.001000015276979321,0.0010414027391868986,0.0018211163016560218,0.02494228814278332
11.044694331616482,-0.39546811132580995,10.959909810053018,0.2354135148618671,0.0031955760529987606,0.0012991301134297063,0.001018882948389422,0.0018219476323360323,-0.034614157913071125
11.048993601066584,-0.39092941578491347,10.959905580864813,0.23544358266746643,0.005277301830832919,0.000912792944582712,0.0012741906304042005,0.0038708675686411472,2.2341125623365286
11.049869405786387,-0.3942063146145696,10.959883678553279,0.23544578626412535,0.005504552872562828,0.0006838932996012259,0.0013348523442917404,0.0042342935807645615,2.1469087884028797
11.05070336188333,-0.3906257475971726,10.959874518346663,0.23545462315791002,0.005753439106601008,0.000539454677284078,0.001381313203226758,0.004507707301858223,-0.9461605757471978
11.042717433373973,-0.389768270216383,10.95988644998596,0.23541285724968147,0.0032480470543192327,0.0020311296566142417,0.0010772286838285003,0.002283763463377837,1.54389250127339
11.041111629878632,-0.3940273282992518,10.959899007351941,0.2353987502631454,0.0032236233535537103,0.0007616524246012395,0.0010341704422687828,0.0016272707197070846,-0.8153242100128003
11.034106041157955,-0.38988470470035647,10.959904081056598,0.23537127866041874,0.0020214180493029143,0.002279741814119701,0.0011107111958253023,0.0018032706094838838,-1.1463607469784876
11.03857522566896,-0.39130814944288145,10.960005661530282,0.23538541075730265,0.0018967281723604647,0.0019301910818437379,0.0010879230727917646,0.001590240095475072,-1.8606148916350087
11.051329763757987,-0.3933792983549473,10.959886269077744,0.23545372982968865,0.005563916945694927,0.000591463121214438,0.00142674500478264,0.004764642808214404,2.1020108559609203
11.026149630006211,-0.3900987500157816,10.959893502638288,0.23532930228746116,0.001852855166737043,0.0018561871955734143,0.0010964485172407067,0.0015544821290146313,-1.6822496414519832
11.045024785431973,-0.3959525080450388,10.959942717521425,0.235416973707013,0.0026063450602258563,0.0018605911372859562,0.0010202023960289956,0.0020979237247714362,-1.5281543270826807
11.058049104963553,-0.3992007383068221,10.959909310663916,0.23547930031370276,0.0058745749232330625,0.0007342539041535589,0.0016586425737985249,0.0106786841055384,-1.0752200125838625
11.04224835541473,-0.392862153232816,10.959867449515745,0.23540565677493705,0.003697440263789654,0.0014264380715851373,0.0010093298759562587,0.0019104319587208397,1.5854736446447435
11.057054832118437,-0.3970238525336727,10.959919600608867,0.23547875131231227,0.00604461579844171,0.00037442412817932684,0.001576699820268796,0.006532270314653293,-1.1216605560708917
11.029349646820425,-0.394366162631161,10.959977640380403,0.23533854999368217,0.0021435213857824674,0.0007019199044746333,0.0010566755399821378,0.0013213414769573952,-2.0670030368367525
11.011401607266489,-0.390192953719545,10.959987940007977,0.23525645457804648,0.0007283417508389957,0.0003353067665417364,0.0011269847421963492,0.0011803382842273582,-2.4432501160546543
