0.1243443303052948,0.18174060501106928,0.004274695496475213,0.00017353744626857058,0.0009526334763394532,0.00030342190188346055,0.0006730035580379308,0.001001325723291391,2.908866014029941
0.10225927916350218,0.17183132563991585,0.004452364505009047,0.0001391625312678256,0.00037374253115133113,0.0007410594419659942,0.0006451688785894071,0.0011277181526915074,2.4335215845862024
0.1208406270408603,0.1787167637432943,0.004741420068689551,0.00016323279845174805,0.0005247197258797597,0.0004237386461174844,0.0005694675342986315,0.0008106182507567473,2.8951538910239014
0.10672742772137157,0.17962134995711515,0.004484756513148328,0.0001533984726041977,0.000843099773458824,0.0004944378910808126,0.0005127683600090303,0.0009785634877391887,1.9934892414263916
0.10868987781020349,0.1701799874893027,0.004298473842000513,0.00015058217400238543,0.0004629012090301015,0.0005205663257029296,0.0006542687930660477,0.000958566372884988,2.0588789530988736
0.11275350109925962,0.1633086287749706,0.004205676492056009,0.00016484247059862182,0.0007463843911280096,0.0003398763466176864,0.0005692803317251335,0.0011710045107424683,2.5212298515191605
0.09983731105549755,0.15983890968531958,0.004535394404415403,0.00014408041020309164,0.0006240169008396632,0.0003021408445725882,0.0008949187051829506,0.0013948532714030699,2.2095807852658433
0.12975708601404504,0.22187242074194827,0.004890670280610445,0.00019031436447654792,0.00031204641693021774,0.0004208743154838358,0.0005501104566588023,0.000646083425889578,2.6784681344329258
0.11765662412026832,0.16607682291555978,0.004094854407307253,0.00016147902640766953,0.0010676068662963533,0.0005200680488775931,0.0008030181548164806,0.007076068907750945,1.142308548871543
0.11572889328436418,0.17433052616022957,0.004574019008985141,0.0001617166485296091,0.001128064869708248,0.0005471172214793035,0.0019294453926996197,0.017215531555191114,1.7578394194005416
0.09760849907733983,0.1311507492506471,0.004763425120512294,0.00013797802633448995,0.0006606258092478327,0.0004620008988665797,0.00031478641370018766,0.0012966142617840033,2.9746562539287766
0.11181291694944524,0.18050006282173775,0.004551991186967998,0.00015779178701656466,0.0003236262820407232,0.0006173614100153813,0.0006715419542904928,0.0009874819006774908,2.300738111941666
0.10272150201696124,0.16236601991770472,0.004390553432103312,0.00014860227450446163,0.00040525600921395766,0.0005375616357159211,0.0007334617470094879,0.001201177938533118,2.9914172862413713
0.104282471684504,0.15340957177888018,0.004430341130834116,0.0001539231176727977,0.0006485043833152195,0.0005377254461923572,0.0005783822222433864,0.0012179654462726407,2.670135432534671
0.10294893913404865,0.15276288120733122,0.004087971301210113,0.00014818925015899474,0.0005620273062979997,0.00021037256949946287,0.0006280459222210869,0.0013217175078627948,2.222413564230445
0.11120531263432734,0.1551117346429848,0.004716547710744265,0.0001582068626349044,0.000532785774559329,0.0007252377060004562,0.0006984843278709971,0.0011403022911590302,2.2333273274880656
0.11927800211670311,0.1811081496466459,0.004299145161533283,0.00017183933424247405,0.0003998794051725007,0.0003258724126468379,0.0005788443121979109,0.0011438511644538878,2.034708401918986
0.10139649089456736,0.1696202163868323,0.004608895082353091,0.00013805883797358113,0.00041822383110376975,0.0003660639278425659,0.0004782310526650655,0.0008792826708936067,2.364010351043656
0.09103954526765361,0.1600285861205313,0.004232743558715026,0.00011882534027585079,0.000713218469688451,0.00034874941823591934,0.0008108425729229153,0.0014092123277495098,2.134519826067444
0.12953015575157448,0.18536529414301192,0.0049390098976326725,0.00019558346263841717,0.0004360332701852838,0.0004151168431211456,0.0005820029440407818,0.0008636342473531218,2.365006658102101
0.09425574590354872,0.15822210031686237,0.00428597324169532,0.00013616269781712616,0.0004026697085539718,0.0004635026951975057,0.0009426566248296495,0.0015031879628361398,2.524694895431043
0.09386755484284873,0.15991842514977256,0.004241952362681326,0.0001365553174621821,0.0007032564160155938,0.000341871813735038,0.0006508634605525711,0.0012374719423631664,1.885616276353342
0.09876237519884985,0.16419638275858942,0.004325098374740415,0.00014008522405474725,0.0006286641811728565,0.0003392772612556599,0.0006956104496959631,0.001141629310769043,2.221053480627966
0.11341045298835421,0.1678227230601805,0.004100468689366614,0.00016341161085036535,0.0011359030454101574,0.0005225926844932555,0.0007381120961986841,0.0025961891828784425,2.6937585685295726
0.10743835974667494,0.14815678455306672,0.004232731637848931,0.00016226498167561522,0.00031793064570149153,0.0005511707550527213,0.0007305436162104849,0.0012879831794497371,2.4132367831211288
0.09940742221235759,0.1500469038745764,0.004303651624416147,0.00014091359705677012,0.0007183090978820655,0.00031815633361590134,0.000803780910448381,0.0014140526915952694,2.9483863343847987
0.10085113615724514,0.14820234321915104,0.004505137422004807,0.00013905424740667956,0.00035710877484979936,0.00043553231984640764,0.0003768028664416562,0.0012935740607973934,2.0615955808400663
0.10605208727345128,0.15419860668731267,0.004706807482345623,0.00014100995827096875,0.0006372754211637886,0.0006048958957719508,0.0005820168178102881,0.0013369002984360316,2.6376635675271487
0.09789530016352482,0.16237490721010647,0.0043622127351263945,0.00014566709270575425,0.00037202697818740875,0.0005937021837201332,0.0006143013607545796,0.0010940586193428348,2.5578922610047985
0.12464308687706785,0.16564687409977563,0.004484455576451719,0.0001758568323712804,0.00045013577157973196,0.0003939449468514519,0.0005705924554459247,0.0010243383789969862,2.7880871194992327
0.10248909591787445,0.16190195104789593,0.004322782856730004,0.00014911242165511538,0.0006074754171784091,0.0004124185804104556,0.0005848135746760025,0.001031585905184112,2.282736190629322
0.1123470288542748,0.15786047908599704,0.004139635252432645,0.00015995333303162659,0.0002683432159254303,0.0006141069956127797,0.00048108989891206363,0.0010411267938353031,0.2968801776528213
0.10864246996929972,0.1530091265668112,0.004459014174515898,0.00015561521819847755,0.0005329937510606758,0.0003144063159427728,0.0007545783124855566,0.0014378295184008395,1.9785701439242616
0.09468303890256939,0.1398597043672585,0.004297835601316616,0.00013501466110615295,0.0008253634020567469,0.0003816600337546778,0.00036364295866677385,0.0014309983609022215,0.3493710877706864
0.12025226165866816,0.17794000059562126,0.004113087264954903,0.00017186969567283447,0.00164731427345535,0.0007130279883378535,0.0004852871479113531,0.003015802255955813,0.8267196671907436
0.08908594827331905,0.14029241310375082,0.004155205180402322,0.00011787769092097534,0.0003511467204986081,0.0003739949644791785,0.0008834996844615668,0.002026650874930946,1.8898994171337906
0.1060329315404711,0.16561726352405967,0.004050002724726603,0.00015122403056401897,0.0008125410993755741,0.0006823887092310044,0.0006947829736517456,0.0011430076704879166,2.8792941015937092
0.10420378270216303,0.17853714656532577,0.004357959697958123,0.00014617930919786544,0.001002748901752024,0.0004961815673434595,0.0006656401946706283,0.0018203451726970228,2.4031748843300207
0.09822446016357259,0.16552888316800846,0.0038672582702315643,0.0001366160721391171,0.00062469176745282,0.0003040480411743335,0.0005787268284929499,0.000977460070927908,2.042679925722086
0.10415864011534798,0.17014011360048423,0.004084937440552915,0.00014613076567009123,0.0003740822045695548,0.0005828169873861169,0.0006267721162246244,0.0010088913862984863,2.2276493087086657
0.0985515008710449,0.15657001631789422,0.004691694758222633,0.00014079662679867454,0.0004269778833014924,0.00028345416624524607,0.00047049668361230933,0.0009874967468126723,1.9658012639796734
0.0896456045476924,0.14433356760805216,0.004410194742516277,0.00012796376482486914,0.00026271704283545934,0.00037921520252320157,0.0009578780076201982,0.0018927436070635976,2.1076673168416726
0.08623523862024204,0.16655894998204285,0.004312036845150037,0.0001323315388774556,0.0007247115900311152,0.0004091899114377436,0.0006580937186041452,0.0010090798249793816,2.03402415311636
0.10407811782118968,0.1458125392681977,0.004273379709847966,0.00014632791245949674,0.0009392694439682637,0.00038747739472565543,0.0006948254049740798,0.0016377249946964412,2.1415883927867374
0.0964162425271881,0.14751826418135067,0.004235017075926017,0.00013294505349300412,0.0005214989871210783,0.0005263299460458334,0.0006417655273177096,0.0012547906962213095,2.0946268397850876
0.12947826832683307,0.19176030770341945,0.00432690389460673,0.00018065075917204898,0.000553524272255038,0.0002939779226495947,0.0004889235947283807,0.0007047399398332807,2.7133437456545755
0.10210254189801947,0.16169348299441355,0.004294052523817137,0.0001456184797603788,0.0007781381783871464,0.0004927079947473071,0.000814632084008239,0.0014938365114928942,2.9356441471146835
0.09797370019238172,0.15603580582922721,0.003931310441971344,0.00013909713379342745,0.0004909921342108358,0.0003731582326683883,0.0008655486566754083,0.0013967582244223176,2.2890388529143397
0.10133588463803485,0.15367280425684432,0.004204658353239942,0.00013678094243270016,0.0007370204978572897,0.000475203979610264,0.0006542016845545097,0.0012714831034470362,2.126854055266145
0.10667933770963259,0.16948594494279892,0.004101702742408389,0.00015701949143127512,0.0005728722018355616,0.0003045511213619705,0.0007312341679648995,0.001081944051259794,2.009615184654254
0.10008286901963813,0.15110722959766104,0.00410663139469619,0.00013788184983073526,0.0009940668051051386,0.00040154989984885424,0.0008278769537939807,0.002155173319086039,2.3818041093900555
0.11905215550450066,0.19077167313691457,0.004140343925592717,0.00016206995403717119,0.0008831230697573033,0.0004867538276463249,0.0010740375628237125,0.0077836726080969185,1.777631354228257
0.09764402656910663,0.167070557198556,0.004370362144041989,0.0001474386750662678,0.00039624516402316786,0.00045692311947867996,0.0006192382195894066,0.0009872382420373794,1.9506694226837467
0.09872563400400787,0.17628653829306995,0.004286945559696709,0.00013373277143399696,0.0006225505847524955,0.0004800461869360752,0.0005601309197783312,0.0009845334437055026,2.008412842143915
0.09304600906185082,0.1597852300753064,0.004352136569600185,0.00013858242548423372,0.0003154532013225566,0.0005422359281863689,0.0006899213888648798,0.001177965400666727,1.8600320648424886
0.13833685521405925,0.19008973538208385,0.004518273344025039,0.00018484659684047113,0.0006835907695058954,0.0005652680690229088,0.0005253940662149538,0.0006759448020836873,2.6879621595408136
0.12073738481513467,0.18912543111459287,0.0046311907997798355,0.00017550322865646388,0.00041829491014077675,0.0006182099645101766,0.0005888101505747642,0.0008368994792837321,2.750779800659457
0.11182748494617084,0.17318118833672907,0.00430896060058058,0.00015758373405561497,0.00043462004290468613,0.0005333518694077061,0.0006110779660394288,0.0010840571457425834,2.4565630341932256
0.10121652942310377,0.15072264177230824,0.0044077852019195046,0.00014047565369128804,0.0005279196943661981,0.00030023206063135226,0.0008058315814419689,0.0013347900181960015,1.7325545386823884
0.09908447685500674,0.16868242830500055,0.004643087575017415,0.00014722559323169707,0.0004092231703703943,0.0002890126487069408,0.000685727004965212,0.0010529344800419256,1.7908547550214757
0.09940024620700647,0.15830677981649563,0.004307455395751642,0.00014323615821871573,0.0005504324779262735,0.00038168580066023146,0.00037256673084282556,0.0009541750152720047,0.30857546016950554
0.10696980379350042,0.17139714510523701,0.004668714121140303,0.00015039497562141906,0.0007241188615471264,0.00045271771191159917,0.0004259287557811533,0.0007758155626806912,2.125562811083143
0.09179287707595568,0.1362122959938911,0.004037787251959078,0.00012435462917826864,0.0003875528734543379,0.00048286946969998727,0.0009189333343963314,0.0018369002532805003,0.3291301873848922
0.09375210712977847,0.1607049419677013,0.0039767310243767305,0.00013508682029312916,0.0005684402667463611,0.00041410961130559,0.0007928876468756459,0.001199051138816756,2.1236245087213614
0.09136295509868345,0.13938395180269245,0.004211482819150154,0.00012785348114351404,0.0010481812487567622,0.0007194235861422512,0.0011906492204211475,0.004433577398247334,2.824458811094231
0.09604281833734475,0.15448058206986245,0.0040784213963955904,0.00013491479171797726,0.0005015848575230824,0.0006562833847315097,0.0007200608523711795,0.0010764518665875925,1.8993171399870596
0.12651220231917543,0.16436464550963983,0.0044083822510141155,0.00017200492327415812,0.00041595139742512906,0.0005998072235728771,0.0004688564517350192,0.0009932507987297171,0.28018932723938245
0.10455646384310126,0.18058202807802298,0.004922235543137438,0.00013174222182886914,0.0002944747651767741,0.00044198917858130046,0.0006028116868958091,0.0009826989553279378,2.1290758210191383
0.11102483038397934,0.17058724731892877,0.004135007898430989,0.00015806165385477707,0.00046919234635788075,0.0002811913608603789,0.000436474845464891,0.0008463840235086066,2.2262304282976966
0.09615897498816071,0.17800893285138164,0.004383656013533145,0.0001388141677703216,0.0007826753034352636,0.0003199461106256922,0.000659236599334524,0.0009516386676668451,1.880539535316643
0.09515091719828311,0.17317776817591257,0.004245207112742687,0.0001342409528942844,0.0005766149098680436,0.00037509915263211826,0.0006483454590759614,0.0009443993023487877,1.9987588447363458
0.1171939514596308,0.17447417884392252,0.004336253871973998,0.00015711774117937557,0.000298685499353662,0.00043049623651234724,0.0006222038527473671,0.0009795433080227397,2.5922699866795917
0.08912777684057584,0.14046803887219367,0.004075547837462783,0.00012984756369985374,0.0006674368173760458,0.00041818707334364825,0.0014417555362743382,0.0028784003741620214,2.0057537942318167
0.10210712652727806,0.15764611412112245,0.0041704917886666824,0.00013595078138437072,0.00027305383304990455,0.0006062895424836841,0.0004155085420181342,0.001393410133620631,2.2616095839538723
0.11405414782382382,0.17095378158104677,0.004643035949135957,0.00016525019053928677,0.0005421271205304007,0.0003971475748876318,0.0006304872862745384,0.0009782571675842487,2.4481127265621265
0.10696431632926119,0.1689576402630075,0.004208329098581221,0.00015015583791740472,0.0005766605261007832,0.0005512094828308997,0.0007001251366980614,0.0011542247857131928,2.3761562553809297
0.10406732186486353,0.1696269760275349,0.004393933587692458,0.00014972945202464558,0.0004577931421181592,0.0004003877811550457,0.0005740917893304699,0.0009075512496027741,2.1927114624095405
0.11950886173777235,0.17537692252340692,0.004411513623010298,0.0001640008925081762,0.0005142116755287546,0.0005592323693873,0.0005907374807768205,0.0009322786809950548,2.2548754926991363
0.10899985588393118,0.15025594534545486,0.004321184941909555,0.00015740017141796392,0.001190310967356159,0.00047090434627991036,0.0007915343001487432,0.0031872765650113573,2.7620546879657977
0.1331496799375377,0.2742925242888467,0.004681572814127121,0.00020074785729370457,0.00032449691387538424,0.0005620115478955587,0.0006599237707675966,0.0006953200511838312,2.5486698718321756
0.10744293980523542,0.1480459148435842,0.004588260155142886,0.00014367800267697564,0.0003851267584207039,0.00026897335961089926,0.0005992767929990517,0.00112076957898326,2.672724347359872
0.10867427700040201,0.1765951122740803,0.004200126472465113,0.00015167635124880974,0.000899424426372856,0.0004366667341682946,0.0006365314777306844,0.0010747369859388618,2.6086089908574963
0.12062113544142629,0.17631432642600262,0.0044058475521431386,0.00016763897210194133,0.0007300446884657368,0.0006254133272585875,0.0006308879780227319,0.0009138592779376131,2.906021075970657
0.10551953905769779,0.16932659238675432,0.004796588088723416,0.00014527752532691825,0.0007141619508053748,0.0004397144552329658,0.0004935327510348264,0.0010422940318433806,1.8107977105740978
0.09683047922409302,0.16671855021473084,0.0040750751923194104,0.0001367125895158839,0.00040120443917087626,0.0003475879213304325,0.0007273882070379508,0.0011363229838022234,2.1893700670513323
0.09952041413191527,0.17165669351987306,0.003909128745406305,0.00013642479224915054,0.0007085623569572982,0.00039353402648749396,0.0008039208051547462,0.001322234714199263,2.4939028200085955
0.10840825705062308,0.16975637109174507,0.004329177845746747,0.00016127450528579523,0.0007158428312703774,0.0004437896328191827,0.000603568907023763,0.0009748324303147328,1.8581608576934583
0.09773061103628355,0.1597309837350772,0.004522912569250728,0.00014344765085278667,0.0006079294452035983,0.0005895431216964463,0.0005332787966730451,0.0010696604180835652,2.4295537001410064
0.10532331612339098,0.17327707860259942,0.003990495901770387,0.00014977296850588313,0.0006290496832218023,0.00045145230353459365,0.0007401669985999664,0.0009760720215584065,2.9281564880377697
0.09864218929202002,0.1739773335736703,0.004231022539826948,0.00014293806423051024,0.0008389548071447226,0.0002962214269187724,0.0005676580070634595,0.001072739117576943,2.04545193219096
0.09276564736759586,0.1525232448820277,0.004183803870260253,0.00013590693142322236,0.0006648896581987736,0.0005673880596195731,0.0005313237129481108,0.001027696649895964,2.2196694207737555
0.10137829823283566,0.17347448903645746,0.004417290130262103,0.00014807802054306825,0.0005747050646689812,0.00032277446566586574,0.0005813744879094916,0.0010093449930343406,1.8790864948893407
0.1038206481870909,0.1479302889598936,0.004155855252618015,0.00014755818943369602,0.0005668276236496619,0.0004580324973388055,0.0007742922887671876,0.0014213231318321244,2.7460427386528874
0.09492706431128184,0.14706422568353777,0.004199984318189987,0.00013103200425940693,0.0011839249762417095,0.0005222048944709497,0.0011262884807466136,0.0028877798661009185,2.416378494542355
0.10197217193313293,0.15690326654325754,0.00454072516083028,0.0001455783319624154,0.00037538904186689803,0.0006656510164786993,0.0009783466018815441,0.0014133414178853778,2.159028421569126
0.11493249672951267,0.18171319122506926,0.0044193583403748975,0.0001656833107480587,0.00028102832518514694,0.0004564597592913832,0.0005713412506785609,0.0010350347769787155,2.481290253049204
0.11760481125373506,0.1677394309200034,0.004218316984723056,0.000166060976021597,0.0008909287612070509,0.000227193552601842,0.0008074802010133663,0.005319962536836768,1.7040940727712341
0.11098597674693475,0.18214231114876325,0.0039170815627838935,0.00015395035308600146,0.00029001210949012446,0.0005721350647228083,0.0006095221230632469,0.0009453810253020243,2.748644007969137
0.11727838880888575,0.16190331391241497,0.004550393574381139,0.00017162803274350542,0.0004019944740299497,0.00046944599259207903,0.0006954030131261836,0.0012182806506196924,2.96427305634366
0.10340349202591753,0.15029602845280107,0.0048373023171498315,0.00015234122631768316,0.0006107230945792702,0.0006672045394002471,0.0005214513626840306,0.0010874949087531188,2.707907064213548
0.1031949718994148,0.16299556644653723,0.004258101975975039,0.00015005699924350652,0.0005034109201316753,0.00046248481269238955,0.0005658509142112603,0.001103864062158844,2.052348883910125
0.07971878212608662,0.1344164334508309,0.004257320472219271,0.00010739456999512834,0.0004639256135926931,0.0005962307675007721,0.0009693354326150184,0.0028140388492882205,0.3602639734067655
0.10925863058847538,0.15894902465843666,0.0043514699160707776,0.0001485385222739174,0.0005350863403902208,0.0005336336432101147,0.0005304873229760307,0.0012021458740444275,0.3175295786107773
0.10688798667652355,0.1766659489631418,0.0044957785122104205,0.00014851759624613659,0.0007972222579202701,0.00032140005363653424,0.0006908941503318505,0.0008754516111578772,2.1387400853986756
0.10365523016210158,0.1649499475317319,0.004940390157647332,0.00014840888545908056,0.0004749315565812432,0.000649405979013852,0.0006673583431967299,0.001133802144615642,2.259719418431876
0.11270268227030493,0.17987584093771833,0.004378788837201883,0.00015646673688831782,0.00030074203424281925,0.00024493052977102856,0.00048729482097534976,0.0006619098409308067,2.2370346990051937
0.10589253454789031,0.18518413361413194,0.004807922085399982,0.00015631779303196922,0.0006881547623281075,0.000583585222634881,0.0006494760563600301,0.0010342613721220403,2.3252094525688225
0.11907725441972776,0.16669002113876408,0.004673253155803321,0.00016996866278440163,0.0012006860218789085,0.0005759637844150416,0.0008534692176915374,0.0052765467298829,1.5079436800840489
0.10267225201714089,0.15867319773240837,0.004323828415291153,0.0001390664692557825,0.0006490622828210664,0.0003863007637878298,0.0009868006129336515,0.010003620277549951,1.9438042005014653
0.12230804227496898,0.18545936434058352,0.004448725936637336,0.00017250062441493368,0.0016938151929041388,0.0006502509881423092,0.0009722920137889967,0.006059939243802101,0.9662153509699811
0.08929274234118587,0.13322246886130779,0.004059246978826073,0.00012880965628535575,0.0005386250035012518,0.0004533742504154051,0.0011202542725250774,0.003156142787771572,2.5977295793214172
0.11785586771651661,0.16663087429967782,0.004426389090708269,0.0001598561379405366,0.0006639311426788981,0.0005571653266772002,0.0003886502934549568,0.0008935793712935901,2.1935116766659934
0.11218988886901368,0.1719012461406211,0.004175574320886798,0.00016233260171723043,0.0006048526684426166,0.0005158234977103945,0.0006560102538356687,0.0010671666080269253,2.913093872579187
0.10992926259205978,0.17583810134039488,0.004200520285727429,0.00015938786195058565,0.0007954654136654361,0.0003567793342281891,0.0005520368924134457,0.0009470469115711438,2.277266634388964
0.09732301340784243,0.14369614816048074,0.004090779433315178,0.00013963671148374028,0.0007705276012620647,0.0005176500710539228,0.0013713451133126437,0.006160518806014965,1.2549400257940722
0.11205875845766697,0.17377835909476347,0.004352497457726448,0.00016035699611489663,0.0007056913947498758,0.0004616929962876251,0.0007361357223170757,0.0013958912539296063,2.2776796536756088
0.10473380224624404,0.13388778383607366,0.00437427459886018,0.0001411201636956069,0.00043180213799436383,0.00041184482386150367,0.0012573997973594148,0.00431643389088569,1.938278757010867
0.09947368393557138,0.1657425184222449,0.004300557987477077,0.0001432792711453081,0.0004538231310537036,0.0005817713054234519,0.0006364832266065667,0.0010584291095426439,2.475164733007739
0.10900542713531257,0.15762233616856036,0.004053524430871159,0.00015720358821032723,0.0004695290493999323,0.00037424121479019934,0.0006308564026796962,0.0008969715518020612,2.608543601844677
0.10638861893581572,0.1646100382977186,0.004229115112450414,0.00015326952539171314,0.00035248549105850043,0.0005586127189313631,0.000645842317537647,0.0010903241241857961,2.6814694716703102
0.1091106144723336,0.1749239818211264,0.0053178204416688135,0.00015285533784100485,0.0003252809452249818,0.0006346249403987447,0.00024369930542151626,0.0006496937560426393,0.20395715199212114
0.11112855225118266,0.16170324770870712,0.004089637695655768,0.00016480676540432202,0.0004401607848413912,0.00046885420501827216,0.0005387423318871844,0.0009548640058803506,1.948433206305819
0.11607418463466776,0.1650337776274461,0.004126958673608939,0.00017130315657444664,0.0003899655886295316,0.0003654284179872163,0.00048817529495717764,0.0009351655026896501,2.203022776331107
0.13396263467391184,0.1882118988924275,0.004977538836141651,0.00018117029994864166,0.0009987845779494845,0.0003853817473800531,0.0006873494293114812,0.0017540990176513603,2.6322685509984245
0.10890520694251463,0.1547147494911608,0.004097395146466939,0.00014396790122953647,0.00045021268390803987,0.0005253721004124077,0.0008336446913709439,0.0015194304143001025,2.4871423904414995
0.11163126095473591,0.17662987499136446,0.004405112498550869,0.00016303854729264133,0.0008715256976965573,0.0005117239548149393,0.0006310746142299229,0.0035196145250061166,0.4460379630814115
0.10351778797110432,0.17061581632294404,0.004397508541551815,0.00014860489382826907,0.0003242996111500038,0.0007209727221008553,0.0006045644211784721,0.0009565010747962976,1.6321830223252665
0.10849565876325805,0.16430731122546566,0.00436086242770318,0.00015155689293933528,0.0007945840657926881,0.0005332896925212988,0.0009229584888252077,0.007448768010546609,1.371099601051011
0.11397748329947509,0.1500066410766263,0.004839449625992192,0.0001669678628764886,0.00030638884491165973,0.0007317394887656895,0.00027148430187314633,0.0007543332782648296,0.22338746518214414
0.11256518951610593,0.1650383922389658,0.0039734874968543705,0.0001566271689007354,0.0007199322525885172,0.0003893908280081732,0.0007272768195152112,0.0014987848784132406,2.540215151937899
0.09329629946612206,0.1388378562881226,0.003996655547762142,0.00012854546992640013,0.000742863272193479,0.0005513161008565787,0.0016510572313279098,0.014988188106695416,1.6341207560965625
0.11885419591656905,0.18407103466677455,0.004565043388527306,0.0001575902790268749,0.0012955791283238865,0.0005819159983117538,0.0007708864616589834,0.002800255850226946,2.6258370672349614
0.10426159092641991,0.13569478587564393,0.004375780161402097,0.00014250817313267566,0.001183348504994886,0.0004931214347092522,0.0007663255432725502,0.0038540496229121785,0.7276435700462474
0.10748504937094411,0.14716509889888185,0.004311938772902831,0.00014936371470910113,0.000576225257318498,0.000504853231891976,0.0004650972908898997,0.0011148015357032995,2.1276899373707794
0.11167912677125374,0.1844710113697195,0.004797801019068979,0.00016033686662284731,0.0006609014511712096,0.0003883275648589858,0.0008516493268049028,0.001937273846219969,1.7243122603359688
0.1033803814656186,0.16489020915741362,0.004155563254108676,0.00014237287634833714,0.0003923461070673392,0.0006605836601146458,0.0007299068718689946,0.0011913230602143485,2.3456176459479767
0.1073364697234182,0.17010556390852408,0.003997139669135566,0.00015308501357447722,0.0009737294035481376,0.00046289511109974345,0.0007701133809908099,0.003941516221477497,1.7537983750396262
0.09450435213080023,0.15077409899762023,0.004150684204342897,0.000140104349720753,0.0005272663102998012,0.0004772281806955398,0.0008202326389963913,0.0013677105819673277,2.331760171887287
0.09513170856058963,0.1380761165047771,0.004392968748691226,0.00013332942080074032,0.00031383220159258827,0.00038454824942104894,0.0008997775496446782,0.002009205789526706,2.065448704793933
0.10522526233573969,0.16876845999655,0.004243564440857915,0.000149396384287769,0.0006228061633889116,0.00036551152346545604,0.0005278365878394639,0.0010148369498886197,0.32442317406687393
0.1066055124050495,0.1600340085861952,0.004086499933586312,0.00015225098173748624,0.0007132417472599512,0.00043860888882899836,0.0007654670081067869,0.0016166380133152596,2.2187176289477377
0.10164997022724731,0.1450341052231184,0.004215506527687222,0.00014382767381145947,0.0004507702593714812,0.00032208607056947764,0.000670565613973579,0.0014660340485436597,1.7625692971625244
0.11017337603926029,0.18035290770636822,0.004863124911660998,0.00016208397388715336,0.0005439416423678117,0.0006880737683512423,0.0006871178157804281,0.0009523878910824804,2.4042509793107247
0.09464351179582671,0.1269152078028815,0.004629308224473136,0.00013058245744751454,0.0007362146435583262,0.00039100431100976116,0.0003456092902490626,0.0014182952691786065,0.22837703369527038
0.11198405129826641,0.15494996201081962,0.004563637231461884,0.0001621529471057691,0.0005559708313443069,0.00043602402581215084,0.0005605521862829516,0.0010779929815045207,2.904109241697411
0.10571761521736338,0.1807429552241647,0.004264304083959231,0.00015166187018409566,0.0002973510539036757,0.0003347317838408332,0.000581729433311355,0.0009572893168947336,1.869890880710254
0.11239789623377872,0.16784037331364746,0.004434751892432468,0.00015484097965741845,0.0007490868651510499,0.00036236495872408043,0.0006118107444454059,0.0010902587765384106,2.6555657732375937
0.115344033803179,0.18290318088812282,0.00439854925471373,0.00016630164379525318,0.0009261250194411295,0.0004156146393318603,0.0008961889304326964,0.005629374234665784,2.394626837737987
0.10497501082883531,0.16767330345564044,0.004347634209246831,0.00014201422942344678,0.0010015505073352506,0.0005940440233829438,0.0008149780118028081,0.0017291981571519763,2.4718754961445684
0.11216444934538178,0.17275000809726673,0.0042709439732274155,0.00015408317789204396,0.001014534305671296,0.0005295337255685085,0.002652363555302211,0.019347410418957055,1.9597980927447687
0.09609551924037418,0.1373694705436255,0.00472633552954344,0.0001365100430538601,0.0009697695699174486,0.0006525962507945629,0.0011392639338703814,0.007604544181827542,1.628898868913031
0.10800918515030017,0.17902384062739185,0.0048328930085392244,0.00015871799910368353,0.0005222596226906808,0.0006351459875774886,0.0006045376261105342,0.0011729510786991802,2.9634428683083653
0.11075231144049391,0.15999893728271278,0.0041552513553607924,0.00015033145308525686,0.0007322238175805539,0.0003944341118895823,0.002343970197748471,0.021061951469714096,1.5895313611122717
0.11726351244385208,0.1883832901564083,0.004760805730151305,0.0001675788454394582,0.0005258550225075594,0.0003579342135370966,0.0006595927124161228,0.0009848682791202697,2.6988662275226756
0.10243667238080882,0.16064246013613795,0.004068577972399248,0.00014229688780239313,0.0009635474227731041,0.00045435539747361054,0.0007998901720226536,0.0029949471950684054,2.781139690290164
0.10979198837565744,0.17796967842056657,0.004599321126631256,0.00015985393043031147,0.00046519467887729324,0.0007077200780236474,0.000587119725021972,0.0008775292499845754,2.755917992883351
0.11182338023840833,0.19408699877337046,0.003995943481803727,0.0001516833667603864,0.0004013695494081546,0.0009304313285026984,0.0005882025039910655,0.0007750878694652618,2.128607233306578
0.10643054276083835,0.17487381796731952,0.004680810816637503,0.0001498792047938331,0.00027548110478153816,0.0006609991537498249,0.0005697803844828338,0.0010133644699940202,1.776100483736376
0.10240641403619728,0.16241514758131728,0.004525238599879453,0.00014666675899849502,0.0004782954888940553,0.00044706174931789593,0.000609256253359721,0.0010764498273583259,1.9035572784175798
0.10930052631583471,0.15772975752442722,0.0044456653633159265,0.0001530851518822314,0.0005148899656326775,0.0005932489187573259,0.0005938889938754451,0.0010592839698065082,2.446097939544372
0.11240586394872747,0.13261256691385293,0.004600049968902498,0.00016302693932728914,0.0005210575534282079,0.0007461823104148754,0.00024307928278410567,0.0011037150071498986,0.2616691325337414
0.10128716678039598,0.15873793930850547,0.004348527131948835,0.00014408900983421937,0.0007701684445756106,0.0003353055489653562,0.000808124558693672,0.001532582276447719,2.3929897282397925
0.10186280424071861,0.15563455520973496,0.004280746149054721,0.00014040719909161434,0.0006728607167622876,0.000357316764253926,0.0007043298174982892,0.0013024369552812017,2.1030963580265216
0.10917364907774639,0.15974778395164216,0.0045605508697466384,0.00014876189410121643,0.0003893765095390634,0.0003288895642636502,0.0004161930229215325,0.0008178408139517902,2.9596231516549483
0.10470306802769212,0.15644940864723075,0.0041414387147118755,0.00014988567236463607,0.0007054913965274829,0.00024121113478326709,0.0006544192922852532,0.0014144753649498437,2.7980425296820433
0.11212809519879491,0.1521127456291194,0.004346832874697788,0.0001608851791169198,0.0010896890722748647,0.0004966411646358167,0.0008583275268469267,0.005807953578173833,2.1619905630144194
0.12625338755298787,0.1933114480595922,0.004631334100582929,0.00017870907307444603,0.000827440092477108,0.00035345285109766893,0.0005549214741713695,0.0006101806561446209,2.452478196252797
0.11390558402697605,0.1792819604640876,0.004291348948055905,0.00015813411305153885,0.00067025093466391,0.00041833304059436544,0.0005451834429057072,0.000900094451164597,2.333447009504012
0.11294647405574704,0.15798669937741427,0.003976916746495406,0.00015676810157067852,0.001083441555136079,0.0005264205221364565,0.0006880285715505759,0.002255607081041474,2.7567424411964008
0.10262264008784289,0.15824868153413582,0.00448686141171344,0.00013955200464878557,0.000421557475641876,0.0003202115068035986,0.0008886394959027586,0.0015769192689254763,1.9485864403763273
0.12501233345983095,0.1819383109813426,0.005115008463953154,0.00017710622582597268,0.0008131348011688947,0.0004232486824749113,0.0004912551229629834,0.000874041429368483,2.8288599796671265
0.1217807599424373,0.17025964936432528,0.004311282162460179,0.00017702663992331895,0.0013311649626290124,0.0005422659416871444,0.0007453256360086072,0.0033796595759297016,1.744078802772783
0.1149232298026366,0.1838364940015691,0.004084456045411277,0.00015831978413170336,0.00029993024410503584,0.00039694826849777734,0.0006476633575768873,0.0009082812672588029,2.2910736116682435
0.10064521215672069,0.15584985282609506,0.004119967581863543,0.00014251688175972896,0.00028268888177921975,0.0007007873635814465,0.0006649699510508757,0.0011175460308088647,1.9395641266768162
0.0976953204942609,0.1824206129973715,0.003887389555070355,0.00013251856277661918,0.000538194561445911,0.0004537491428110243,0.0006345092383893987,0.001045064708692785,2.234399607693208
0.09244424356823701,0.15094340731824815,0.0042302647129135946,0.00013371326361000886,0.0005579912308661507,0.000499809594359069,0.000504427916355656,0.000949229554743331,1.9706436062469503
0.10602321642997399,0.17109875261887164,0.00500933268122377,0.00014050580428048032,0.0006277934088380273,0.0002884822317869291,0.00048631402876260206,0.0009823426770685397,1.9804734469049186
0.10464950554759897,0.16574994433900248,0.0045344709749370144,0.00014699350296821297,0.0005999929547418758,0.0005636357306672627,0.0004072947358666555,0.0009350882761456332,2.6897108811695567
0.11609622780890057,0.15387695389997094,0.004943344196931121,0.0001595123180179365,0.0004929745230181431,0.0002840907432824931,0.00037425736418604186,0.0012389758906734252,0.31795659993762326
0.10439454453507162,0.16274936405824353,0.004192699014818172,0.0001510868274621626,0.0003696161684898548,0.0003980548642809397,0.0004529642794243321,0.0010096901360841764,2.080655730125562
0.09749009430129905,0.14314314854796228,0.004302760853184555,0.0001405093333272998,0.00048678182154944055,0.00056742423351474,0.0004812519423100861,0.0009804758304154998,2.0195207668215116
0.11446583877054121,0.16869757095479246,0.004746306061893669,0.00015546087241678427,0.0004950313128591365,0.0005016307316636163,0.0004243055420004606,0.0007957915893930203,2.053713226954069
0.10202269713411305,0.16523237127120896,0.0041521373638194825,0.0001474816981682747,0.0003850908639270215,0.0004483056051859121,0.0007447836870030952,0.0010833588549419783,2.07498817784497
0.1229994735037295,0.17163075556829632,0.004403495198614687,0.0001664962596886983,0.0004322337108840758,0.00039800019889929284,0.0005489277454364677,0.0012180887020552583,2.6282279483404882
0.10728807246710151,0.15695209491024315,0.004209607840781129,0.00015996695976067658,0.0010145509901418545,0.0005344741448248329,0.0008653210411882815,0.0019294876886209041,1.0138551015035386
0.11218490043792069,0.17841879123755147,0.004429736282785513,0.0001507314260930398,0.0005162939385127989,0.0004152628539560612,0.0005298224843937331,0.000774425525757454,1.938206059819615
0.11204801053645096,0.1707176697987381,0.004670865678975159,0.00015277547334814295,0.0005319496350207726,0.0004275692242752377,0.00030411341705430695,0.0010773310881342776,1.894066503572363
0.11400193700469656,0.17349522606960635,0.004549445329127684,0.00016092074347117522,0.0008681642887072643,0.00038421886152949436,0.0009607077623267831,0.007020738521094223,1.7597825197886228
0.10301734800607448,0.15025209143352036,0.004202904464086173,0.00014943774451320167,0.0006491221277708624,0.0002753867866093912,0.0008190062429512118,0.002720087527715661,0.8174852622499418
0.09280652280509358,0.13544360009308573,0.0042569146333340056,0.00013604916324398578,0.0003785421651232698,0.0005050068245459863,0.0002753258134215528,0.001399472723624079,0.24727001742841806
0.09971892273814856,0.17056825732697625,0.004186611507100439,0.00014038989615528614,0.00024204063848817315,0.00038098443230961954,0.0005942689000931221,0.0009686825837300156,2.2043006209049136
0.09408161662778755,0.15375302183662212,0.0042160436482765,0.00013319730671963774,0.00044814779705990156,0.0004494523249480708,0.0005371370811883093,0.0011856513132417433,2.1372841997812513
0.09812707884699966,0.14854077205447005,0.003989813222556487,0.00013579194073495154,0.0006261574512697402,0.0003570287264039077,0.0004864110979550444,0.0012846970716945548,0.33984289254789096
0.09119585173814264,0.13312338619366051,0.004163050283431274,0.000126673188365759,0.0008055207819704449,0.0003893225064180708,0.0012390442316762226,0.002628380662701122,2.4112882829962428
0.08890213271612475,0.1599738130907346,0.004514670242368174,0.0001380458572621676,0.0006788269329821429,0.00036924081111406064,0.0005054136627041929,0.0009344161849030529,0.2873316938328687
0.09519795228495197,0.16597017918558857,0.0039321764297562895,0.0001357151686287605,0.0007258135213834396,0.0004904535190166255,0.0007593599972146235,0.0011091301463567985,2.9095027715150574
0.10211831906655931,0.14885036123354128,0.004798171901416424,0.00014557018597215277,0.0008177613905783847,0.0004326031212205612,0.0007483098222375803,0.001275037200327712,2.5905969174091465
0.10391046109710735,0.14332817590496927,0.004448913300960122,0.00014319763699423917,0.0009654366460920703,0.0006823214526137509,0.0029400678775041034,0.013639605508981962,1.8858640452955266
0.10587911569092628,0.15486232209346984,0.004080301333053353,0.0001505033060401901,0.0005722276315696159,0.0005455080727258893,0.0006299690788009741,0.001209765952082909,2.456767058429601
0.10232445726354268,0.15007247365199064,0.004133542795920361,0.00014407059481299516,0.001184398292728752,0.0005110126208784886,0.0009678436411627025,0.003364400250230058,2.067781725084491
