0.0056615371840371236,0.009918781401646794,0.001354638419039955,9.254845160296934e-06,0.00021572041476679,0.000316986517415189,8.910864399521345e-05,0.000214744773538299,2.9423091752936816
0.009903863931394832,0.011531874153830654,0.001975193503656845,2.5481634068720674e-05,0.0003250637096804837,0.00035917411039450606,0.0013150413916942787,0.007713172226655854,2.088532162470714
0.008476625054703068,0.009484144874061592,0.0013715462919579489,1.9600027027021373e-05,0.0002570253473402863,0.00015579822755350107,8.06798538399503e-05,0.00011903633352147474,1.652104403759119
0.010094433442374465,0.011642866551448278,0.0019961068313932378,2.2797472304708966e-05,0.00017255011472996128,0.0002930370695206901,0.001671054432977163,0.0030833822790229874,1.357207920940485
0.008464613313679948,0.008837664045440983,0.0013608185153286547,3.403265883652518e-05,0.0001729210027471521,0.0004850350332607963,8.488910390107299e-05,0.00023189157625425888,2.4253919586973818
0.00889622115123557,0.010609411815100831,0.0019324653710031375,2.4710173443795295e-05,0.00036459322969718637,0.00012383519790454403,9.830258969090106e-05,0.000197186462534074,0.16143571787574393
0.007466133552958666,0.008008560521719443,0.0013081664721740628,3.075331698699989e-05,0.0003136741420021396,0.00019026117898022173,7.48430947870547e-05,0.00018413630214855195,1.8202685008377113
0.008940534535056176,0.010710877251932935,0.0019144968521271838,2.745006115300346e-05,0.0002815793883448645,0.000495796491477268,0.0014563947529218977,0.0047290407941889675,1.795936123924408
0.006825038644901265,0.00964460908868647,0.0013153550009146727,1.6696460071075923e-05,0.0002656252371816914,0.0002390336278322985,0.00010102459634306434,0.00027654518320972067,2.240993779922683
0.01096630072340012,0.010665240536246902,0.0019748270677290855,3.391216560811869e-05,0.00030128633751100607,0.0004470223141000935,0.002608131493399747,0.008706919626077511,1.4070404381086972
0.006180838758337128,0.009703903169174887,0.0013198343797856842,2.4064163149769328e-05,0.0004949365079741535,0.00029197026763237016,0.0002590237420332697,0.0011865372136380917,0.49790863579138483
0.009536475270387625,0.012582193431619293,0.0019507133863712715,3.56717815346474e-05,0.0005340897851223277,0.0004683447924429278,0.0010445932372880394,0.006162957908057822,2.2595230063147214
0.007074450201903314,0.008646937885196219,0.0013170160448236394,1.7866556582002314e-05,0.00045711661000107643,0.00040247528503182156,0.00019062099026489492,0.0009015247024455011,1.6800102982111287
0.009390392007766438,0.015092586969248442,0.0019929950107014024,1.3766691296611997e-05,0.00023755039513076356,0.00040011359175554296,0.00011663461833437208,0.0002764951273756766,0.5320061528045115
0.008100900460373761,0.012588294037631228,0.0013870387040833506,2.823371593092049e-05,0.0003125271952400381,0.00031790940617882344,8.475291613084472e-05,0.00017798492064270634,2.4269579434854864
0.00923680928458883,0.011217795875936997,0.001959188680829986,2.1052023196022178e-05,0.00034794044082244303,0.00046510087145534536,0.0024364495096484973,0.0036408950425946295,1.860255431361166
0.006467675336514791,0.012017968234729068,0.001360705121007516,1.5357969849876806e-05,0.00040273021122882085,0.0004527104210154659,0.0003438691923343262,0.0014524231115427616,0.40123405544114926
0.009370736278208693,0.01162689480567591,0.002013476103755688,2.0086548131497426e-05,0.000244423881876195,0.00019002776596907173,0.0001226528827460184,0.00037015820604163616,1.6496428697732224
0.005514921839780715,0.008894699750742389,0.0013270500773971518,7.067121881131217e-06,0.00028256352404051264,0.0003232254240286175,9.140484880210263e-05,0.00027262704600375506,1.9612085988162147
0.010266548633508127,0.016129440517516722,0.0019501909756819745,1.9431854973284974e-05,0.000284262894225658,0.0002447743175941769,0.001520579702196875,0.0057021869525975925,0.7910892999111097
0.009520556971345007,0.009418889085438774,0.00136249842487186,3.955882169446158e-05,0.00020903183233037906,0.00036158380198607706,8.306618303549669e-05,0.0001804876977939871,3.0295596655101633
0.011305208456520872,0.010805997295936787,0.0019669661989228713,3.570174503070482e-05,0.00022362789039756645,0.0003649670525478824,0.0016761781500852244,0.004293573424667245,0.7686192240577858
0.007964660348586611,0.007504554543762546,0.0013176071837614066,3.652326970904376e-05,0.00047004606273245417,0.0001786658372025076,8.043690282913075e-05,0.00023513686944853746,2.988281229007404
0.010879299605853885,0.01594970354333001,0.001958374550235818,2.804644936761035e-05,0.00036110580619164704,0.0005730921077636088,0.0013918717297664491,0.006589211446513772,2.2431160869412223
0.005946263938256303,0.0102548563504238,0.001332989713678526,2.0263709113974048e-05,0.0002667852238725216,0.00027604156460074635,0.0001898608170780337,0.0007609897234353756,1.2118294030499959
0.01464057408514531,0.013645573847418857,0.0019466891369607272,5.2240792110287757e-05,0.0009983243374801797,0.0004370195776896355,0.0024510809993140543,0.017164009774260098,2.4654439575673925
0.00783405049666429,0.009980121644268956,0.0013637764023983767,3.0643077229902863e-05,0.0003049813937517191,0.00029037210033897216,8.979489967671751e-05,0.00021612861857107514,3.0544677688574584
0.010500750159496797,0.013220232521225003,0.0019316284066423475,3.59225860394068e-05,0.00025744545290859406,0.00042896510060311065,0.0017246995139248299,0.0033322255036331216,1.6799839370055414
0.007351099550406875,0.010685016288544423,0.0013452373573653227,2.3677932724253485e-05,0.0006868559884338249,0.0006544117200228322,0.00021528153436780787,0.0008079524080051058,0.9680224245929613
0.007879552243142247,0.011718975646606577,0.002026462610661724,2.2789458511574115e-05,0.0002740902715142613,0.00023386886335546262,0.00011726346029075498,0.0003041802790161694,1.0983702413578105
0.007656409780590874,0.008247598325602295,0.001321148912814188,2.4369614961361703e-05,0.00021572020276378116,0.00036109532403182673,8.7043201036407e-05,0.00025961105758726425,2.07548275845341
0.00790084894221392,0.01155618089109082,0.0018925722232824255,1.936104149332295e-05,0.00021240971229028867,0.00032315954010394567,0.001425059852282063,0.005347002284144153,1.3460213663447838
0.006604239069007118,0.010600212659562193,0.001343908482026229,1.874100398166723e-05,0.0003153458072680707,0.0005047626956098592,0.00011736384375290441,0.0003549353817150811,2.1612556647549637
0.010453950466048162,0.013109396818354801,0.001959998893893155,1.931650260545312e-05,0.00033019413324449087,0.0004513592933698288,0.0011648331197363791,0.004455935474091422,0.482034628011624
0.005907561359586281,0.01061549204810457,0.001324930313544087,1.304246151262485e-05,0.00018631144414939365,0.00027912586942480143,0.0001360148516132961,0.0004128102745766022,1.7124046638987542
0.009569113811079416,0.01401307247755581,0.0019577156657724264,2.432434643555891e-05,0.0003782481687454341,0.00037350106969358824,0.0001246434227166866,0.0003941580133760706,1.45944105395351
0.005933619845683334,0.009386948769067845,0.0013278826579293274,1.6206940845444122e-05,0.00020483640177602907,0.00014735135338521656,0.00032128687370890183,0.0012216833592786779,0.31092148700649885
0.011813747928358561,0.010302915083992637,0.002048026105858995,3.686935166712056e-05,0.00037685315217874765,0.0001422143869135616,0.0001269751953914712,0.0002165085652566235,0.686363930985913
0.009882977250397674,0.01350762674979473,0.0013495274411467867,3.213627868314336e-05,0.0007990651914633442,0.00037342407709326983,0.00017702741467118355,0.000629044532933316,2.362074492990644
0.017230231667575386,0.011445688520265944,0.00207199735622227,6.080934581522548e-05,0.0002815363560232249,0.00015497686007133701,0.00013727247198944554,0.0002329580292058431,2.217088416689267
0.005804203192277702,0.008148207306871208,0.0013392754979612415,1.7059670273881683e-05,0.00014264283233888744,0.00016240429777769708,6.439052551691934e-05,9.358483174358926e-05,2.331382890925587
0.009433019500858104,0.011043706067472778,0.0019963218418902065,2.4970302257916578e-05,0.000210967135995693,0.0003138915480781618,0.001647757051772733,0.004558292188479577,1.241514027128154
0.008111744765862327,0.0109990058498885,0.001336411585485428,2.4095416264886125e-05,0.00030037417346518287,0.0003141094844700368,0.00011127261001320237,0.0003003463993344878,2.7893655262002497
0.010359271833976445,0.01117559727344872,0.001884388044974385,2.4015191862491114e-05,0.00035038191556877675,0.0001953041302486323,0.00011966327208595324,0.0003111925793816068,1.5538539294554328
0.006628289277755259,0.010297140054938059,0.0013619080270783868,1.734636832024588e-05,0.0002370850261644601,0.0001919217973990098,0.00032495253860411795,0.0013405772172536358,0.3515320348491282
0.008496282631075245,0.01041288705834198,0.0019352790439599974,2.1757504744885162e-05,0.00021315538411225974,0.0004108906146631664,0.004356181883732584,0.0038258747364822935,1.7762402449342891
0.007539697658090561,0.01077517410183462,0.001324940953701006,2.744928558868664e-05,0.000512703359639298,0.00021430000875940382,0.00010736628945248661,0.0003788617849732153,3.0152691492778394
0.013122068499828155,0.011255997074931093,0.001987563641445002,4.0012715770366855e-05,0.000624774065416615,0.00039107168038203115,0.0002989805234111321,0.0016310518501704496,0.5355226626591238
0.00647211952958614,0.013034632058931161,0.0013680951081272389,1.6437488633733385e-05,0.0003001047461600635,0.00029130337540596643,0.00021379104539637003,0.0008196739763733853,1.24043224531357
0.012593077578289286,0.014071273217687792,0.0021312386625710173,3.346653964759461e-05,0.0005447248090396941,0.00023905988175809245,0.00010668134313425524,0.0002907530098980605,0.6759541111082781
0.010480951952068529,0.010243309955331834,0.001394632971462601,4.2010603847799765e-05,0.00025234180985195644,0.00017156166763737313,6.878206413369895e-05,0.00013643491324640827,1.4787776750783008
0.010598287784964706,0.009799523209906314,0.0019822854026590887,3.697134738675102e-05,0.00021681604129861464,0.0002892518159729403,0.0016800923993350854,0.011642783734839198,1.392793896429787
0.007154884775835755,0.007864833973374645,0.0013620623996635605,2.216878715624516e-05,0.0001806877844574336,0.0002923708008206332,0.0017841302635883656,0.0034437265627390652,1.636635541961988
0.011063867283374705,0.013076288679146652,0.002004077163563266,3.251600553365948e-05,0.00022502055626385264,0.0002322731409339979,0.0016928907978632781,0.004883627062395699,1.7691700369143362
0.006841838931623716,0.010749885654678451,0.0013548474606871618,2.3284640283014938e-05,0.00022974301221425386,0.0001608220312900483,0.00037926482716203004,0.0015431013518387871,0.4139206135859813
0.009781372990103277,0.011564929386285528,0.0019968544021646798,2.7300925187295973e-05,0.0002507070105889242,0.00038047428694521797,0.0016611538105520732,0.003206319346448301,1.5693771898590718
0.006623896372864391,0.008458764303658474,0.0012903259728468408,1.9484728036871317e-05,0.00012193910330568329,0.00027125353248171047,7.72227876386648e-05,0.00016010321881489408,0.5036731093391696
0.011482272545600114,0.010209757617843486,0.001964943150326124,3.568076412092208e-05,0.0002431930515903287,0.00037074821364407217,0.00468466400279713,0.005479791750164511,1.4085584873528958
0.005856325930244236,0.009825951870123634,0.0013438434079039389,7.479512487447877e-06,0.00028345802117504706,0.0003257585884864141,8.342796128883984e-05,0.0001536703688647421,2.4062248180964776
0.009647927340355064,0.010368163574044562,0.002002019532321612,2.7325402913070902e-05,0.00018296251950798372,0.0003246099349926181,0.0018523740408133045,0.007732647644737798,1.853839323727424
0.006824893688790845,0.009488109342174344,0.0013859512688975029,1.3669654641850108e-05,0.00030932364428756136,0.0003610511570685661,7.71609444266613e-05,0.00018259043775721914,0.09729943031880756
0.00912755495949185,0.010308029429819255,0.001938352456392781,2.0299611385314435e-05,0.0001881482256855091,0.0003013735668998167,0.002774749169735308,0.006509183429908113,1.8228640486991314
0.008512847873744232,0.011843398316143236,0.0013362822364127135,2.953723223402762e-05,0.000786671504972929,0.0004332156356694771,0.0004305196950296099,0.002008243436802663,1.2259600473721708
0.01008061610737426,0.013317058820392282,0.002014365040204425,4.335939189399712e-05,0.0004180608826933806,0.0004335276010912261,0.00011208245254275522,0.0002483706828848696,0.7854477430371926
0.009745686305670234,0.010033507365687526,0.0013903676921285001,4.429155561264674e-05,0.0002148429358486981,0.00024633842662435517,7.505358151981252e-05,0.00017470630958175032,0.08496709592505153
0.010322866017353572,0.01465254696972987,0.0019272994601093915,1.2611295949933868e-05,0.00033691033279089033,0.0006275499013009077,0.00026470739608783705,0.0009772551475486662,2.687486155838941
0.00917891064229823,0.010070839464352188,0.0013757899381351205,3.055914423799996e-05,0.00018700686815788657,0.0003625312708641631,7.730234435455756e-05,0.0001471683766756497,2.1309181339658076
0.010280441904001052,0.01180321505592621,0.001971699978278088,2.5378760610116733e-05,0.0003124977317067392,0.0003787150067824282,0.002026647253613422,0.0109831995791321,1.210814840455143
0.007966178659050555,0.009483228013693196,0.0013319036954180085,3.309296597510195e-05,0.0009029245486550073,0.00029786044395380167,0.00020229824679145444,0.001093036489830817,0.37354188905186136
0.011550607729996174,0.012466516456105695,0.002000046396151372,3.396712629233424e-05,0.0003437018033806241,0.0005725581723007163,0.00011857770697602739,0.00032171241664404857,1.6692243389783374
0.01078359968887933,0.008203632071769376,0.0014706914314508142,4.7252357833613835e-05,9.65179529538157e-05,7.875423173629419e-05,7.137895205108274e-05,8.554520156370291e-05,0.16742460929115224
0.010759393754350862,0.01101033232772431,0.0019541996807143627,3.079194088311926e-05,0.0003115636868323684,0.0005087214693763975,0.0018392570893414628,0.007570392978681629,1.8151240553226116
0.007010122147348659,0.010631339034094857,0.0013717677870364248,2.6317818579033803e-05,0.00035851185181378617,0.00043847685930398846,0.0003118558733720557,0.0014464365998185927,0.40760311931901366
0.014270193349857529,0.014890096032373602,0.001961393171594253,4.6497158156056704e-05,0.00035302519570212196,0.00035415490802680693,0.00013736371111746544,0.00033971989562584073,2.3324950389831662
0.008733307780788565,0.011710555677466037,0.0013393052729519463,2.9578640679843224e-05,0.00021851989030846066,0.0003019578254962602,9.555191345171426e-05,0.0002832292234470957,2.7878676271631977
0.008591481308630614,0.01436697614424464,0.0019468325718293362,1.7929969172367472e-05,0.0004601007558573921,0.00017901589446018832,0.00011371611712086793,0.00021502511554044557,0.6884850167653344
0.00719309241611218,0.010299455229896823,0.0013016574296121216,1.979185630926446e-05,0.00015553774103957971,0.00023168358176000185,7.185298983080821e-05,0.00011377135141164611,0.33394044683894003
0.009284181387764781,0.011249996290935966,0.001990947946509357,2.3462895790275402e-05,0.00020848217551863336,0.0003297256926702126,0.0019255469601009354,0.004316566957366026,1.8999795005681175
0.006654707857621032,0.010077848949481839,0.0012942500284563484,1.3346317287174438e-05,0.0007542938741948211,0.00043788690252107406,0.00024400037853678427,0.0011919138378845616,1.9675229362287434
0.012312379693972492,0.014306342227061068,0.0020510141318384333,4.486609805068417e-05,0.00039763184033947386,0.000427402531084938,0.00015581306607252073,0.0005453234393998133,2.3826741449755455
0.008136343759691607,0.007542483514544975,0.001361718293140632,3.2056726220048804e-05,0.0001287199426869298,0.0002366703127018737,7.436525687402026e-05,0.00017743861316027397,1.81627868494111
0.008091091376034625,0.011359040638072325,0.0020101385271078273,1.4260447869398288e-05,0.00026137504869642205,0.0005095537531471708,0.001061027966676587,0.0049501459262562865,1.563199717886054
0.008005127706885799,0.007512497991255481,0.0013761130162816264,2.8486482778925847e-05,9.758770705442308e-05,0.00021473319695441083,6.51166028074609e-05,0.00010936108387588696,0.8441064363760252
0.01179088433132455,0.016088022900211482,0.001986029709396925,2.785693069182651e-05,0.0007760837246464583,0.00046117827836331734,0.00022132916061314,0.0014501130699981673,0.3802157303434528
0.0057454493847502435,0.00915909883169006,0.0013481129314718671,1.2042035126099092e-05,0.00022366993292526367,0.00030537356466936455,0.0003467117880354378,0.0013361796107810083,0.3315888887259193
0.009830855714006964,0.012925592728044204,0.0020124666823848427,2.408045985502655e-05,0.00027673720836276177,0.0002005778835848147,0.00011865904013833187,0.00021934615533587061,0.4100907223397634
0.008822567107058452,0.010169867922344882,0.00136064599544079,2.8618211154903207e-05,0.00024221617093978556,0.00047335738690672084,0.0015825710944777892,0.009807421427873343,1.9765699601451363
0.008610842587213523,0.0120031213017247,0.0019786459874312217,2.318236952589466e-05,0.00032389097147991563,0.0004258591217262662,0.000132526069811751,0.0003187096982926397,2.0478266955732343
0.00585736296631853,0.00898077748747074,0.0013335859219193807,1.5290646234165848e-05,0.00029846822567264683,0.0004448223592133114,0.0002727383745006604,0.001113999038257412,0.33260905881413566
0.008768808767408584,0.010267794278625305,0.001920019024729429,1.4850674400414748e-05,0.0002390407411364655,0.0005124702903835228,0.00013254400699184513,0.0002567772213825265,0.18740816863492019
0.007564720962783511,0.010880197371070197,0.0013423010100998792,2.009630226314261e-05,0.0007477390798956943,0.00033207600746932306,0.00016223894003330756,0.0006863933825299946,2.431561009706639
0.012159904159429004,0.011066801117640255,0.0019671244122626916,3.994644279411859e-05,0.00021250869533318364,0.00029546978071703814,0.00012720622312199767,0.0002719237525160539,1.5560151089320768
0.007215834534805136,0.010293513983169944,0.0013376329762610393,2.240900287788477e-05,0.00029281748958602153,0.0002962363059450946,0.00030498140818181226,0.001282463113926558,0.33833004356545415
0.014838776185471313,0.011508864595093319,0.001954136174408905,5.0318954922169206e-05,0.0008986786083019085,0.0002366110428393201,0.0002259008689661097,0.0010657807530693232,0.376947422104935
0.008630064796016999,0.009441619645291449,0.0013411689472616732,3.20338516803301e-05,0.0003764753467153176,0.00029502725283124656,0.00029692513424408847,0.0013404390161952202,0.36879414335213767
0.010172874103913786,0.01297081133838035,0.001971051779749799,3.3283370827759e-05,0.00024466397756953324,0.00036870167391558445,0.0007080869132890132,0.004485761202273809,1.9429070383203038
0.00624906667623078,0.011379662543367244,0.001359991246186068,2.0017580327465073e-05,0.0001693118716912982,0.00019857949979132147,8.116432719510587e-05,0.00013255316145075266,2.4892501532523545
0.009807352314353436,0.016731515355030837,0.0019907059123396905,3.5535567392360585e-05,0.0002307102249844752,0.0007135170282306879,0.0002604131420242027,0.0012423047707996724,2.6991103065645348
0.00865925215510478,0.010017410986854549,0.0013338246995196696,3.5357119262455394e-05,0.00024333074862318508,0.00037224378219490154,0.00032229384021250154,0.001209960664361011,0.30082963881767527
0.012774654949326265,0.013205364307944365,0.001955515502538921,5.72828961361327e-05,0.00047559500955409416,0.0003921756403590895,0.00018604939947410213,0.0007488922514855332,2.21568898860104
0.011099123146165395,0.009450810189539222,0.0013390407601139092,4.579948539024134e-05,0.0002840421842377133,0.0001862068628516268,8.679752961638275e-05,0.00023183445829223312,2.9428588821388284
0.009411404225416817,0.011891191685817943,0.0020104008599878187,2.98311391463746e-05,0.00034022453688559856,0.0004513654533112449,0.0018380523081232513,0.006835993139031006,1.459811687913937
0.006872244758556203,0.009490415155341369,0.001336206484152698,1.9661319983423723e-05,0.0003710881597598783,0.0003034628013263287,0.00016784819217206373,0.0006433583757346902,1.1983394572705504
0.009996865666461015,0.013045632901389995,0.001963093420033904,2.2092600986047706e-05,0.0001883338224454314,0.0003548572507438477,0.0009928145613586294,0.003844948662584556,1.768149307081313
0.012050800670474907,0.010860982523710858,0.0014186968611847235,4.1691249326255786e-05,0.0002577518413773597,0.00016403547052121396,8.832095462786444e-05,0.00018510419746113531,2.11607670317532
0.01245319000181783,0.011768638489885887,0.0019727781589790375,4.337698732935884e-05,0.0009151928787074238,0.00046810144624047514,0.0003400405917146515,0.0025534718189178596,2.597297923998311
0.006380265519473425,0.01010736264905622,0.0013382017705269543,1.8354796347059023e-05,0.000590072882950298,0.0004620917535592379,0.0003718609667145402,0.0017583498574095223,0.504062163386098
0.009072501736875231,0.012222270277756473,0.001992118549022087,2.774886652917258e-05,0.0005337828711523849,0.0007329058268763217,0.0002089861756261834,0.0011505427904967957,2.8705548852955802
0.006498595669950172,0.008319144988993974,0.0013573261494054928,1.71833792990013e-05,0.0003862222817895607,0.0001951443387154494,7.434271914931169e-05,0.000147582843027358,2.6429838428810304
0.00918044948554968,0.009983080942107085,0.0019568127330588576,2.6998603188087014e-05,0.00019783993954147403,0.0004002644155176866,0.0019125909177442183,0.01052151188918498,1.834636531412712
0.01023674588938618,0.008434438166811145,0.0013679282807403778,3.4579143683568246e-05,0.0002609330051707051,0.0001988621339149866,0.0001039761598083193,0.00031128730315933817,2.930688346780268
0.010079385670381835,0.009277524405255269,0.001983503348430345,3.3686428177694976e-05,0.00021832695323624568,0.0004066155385634348,0.0016051816070417686,0.005319589022096528,1.5828981850121873
0.007981365097988849,0.009543181693976076,0.0012780814168247528,3.560308361341927e-05,0.00020069827613505817,0.0002321347199857211,7.882254154699128e-05,0.00017074978252109438,0.9671082921068682
0.009928041513560132,0.011871549112778578,0.0019659144599090093,2.2732721851086668e-05,0.0002721111974818863,0.0003464423565087964,0.00013032281901162733,0.00030013583981232926,0.20340565311832648
0.01093001912329317,0.010096730570638692,0.0013424507216413901,4.696867143032821e-05,0.0007415568078322147,0.0004932705150323319,0.0003875385632463782,0.0018128622777776637,0.8114286816749336
0.01298602613519812,0.014655985942908447,0.0019214674553191175,5.127200903238644e-05,0.0003291123316131605,0.00046800507298029077,0.00022016449956614365,0.0009389150583912251,2.600745321020267
0.007357206766736674,0.010885162127286076,0.001389135304887611,2.3314387473884362e-05,0.000565709150175669,0.0003363161079393441,0.0001841900012184795,0.000731501768523008,1.1062250785938275
0.008530707194768027,0.010180239409828424,0.0020018741991118727,2.0943119260731545e-05,0.00025614465342810186,0.0003991988911371448,0.0008235328950495837,0.003621526015127961,1.7429724434890672
0.007178826726514423,0.009606578557080374,0.0013321061273898985,2.4370038353219135e-05,0.0006495034772412084,0.00024106330268030909,0.00018569422516091238,0.000883967330939952,1.1727793421399326
0.0094274188320248,0.011732705817761044,0.001933311817157448,2.7433088464452065e-05,0.00022954818146881206,0.00044044084578101527,0.0015253128679721126,0.001435898348799184,0.8124790839913755
0.00668373579408683,0.009882862003483301,0.001329954726039823,2.1726171480276303e-05,0.0003242666211686618,0.00036344126994708784,0.0002672559508219534,0.0011470106710879371,0.3087699109545865
0.02034471291196618,0.013887562409195352,0.001985369575732727,7.322715756557597e-05,0.0008529502675137337,0.0005389938993670246,0.0011321694842590575,0.005876078366302015,2.4029552324925776
0.006146676677675861,0.01030901270045237,0.001327802397881228,1.458581641702931e-05,0.0003817541493939239,0.00040325700244146176,0.0001566868264464367,0.0005713734651942019,1.7508301011605087
0.010356485671745816,0.012610404711537118,0.002006901700637244,3.3305566321957456e-05,0.0004318757688771807,0.00028422544116570107,0.0019224332733503713,0.007827834094279361,1.7189636732603197
0.00695678747156891,0.009002365107715316,0.0013758391768491,2.6094379976042914e-05,0.00030160333423176814,0.0005905744245861612,0.0029311184621172255,0.007322757186840027,1.8721483549614093
0.008073386918566594,0.012232413392101318,0.0019772570762636,1.3502072305192423e-05,0.00022078790311205756,0.00030309669138503547,0.002311986263441338,0.0049652098662803556,1.80908021794905
0.008515450585911393,0.008063906399271197,0.0013549323143578177,3.6094621386551545e-05,0.00019276334989463612,0.0001825737493207024,7.805022310371808e-05,0.00015720534108771864,3.0727820995538693
0.01071927547978526,0.01184474122788063,0.0019824813921274333,3.886966373712666e-05,0.00033339638005523204,0.0005503490748276599,0.0024529254642107782,0.0041923306110039655,1.5193263603927614
0.007670031366159377,0.009784325380729117,0.0013512019217456637,3.7349614340008346e-05,0.0007237721030327526,0.00023971068275010718,0.00021017217548382033,0.0010908705734601126,0.37298591359448546
0.009381248130654149,0.012711819057946888,0.0020006053139957113,2.3308823831295637e-05,0.0003896284216689974,0.0004994860380269831,0.002423453715577403,0.0048013009021274,1.960447402036912
0.007563498027003985,0.009828165756336148,0.0013303196071525994,2.47414835738598e-05,0.00025913652432068396,0.00020233252411079255,9.118702550028956e-05,0.0002140968366948599,2.86730819400773
0.009375183842930946,0.013545231533306968,0.0019637362405585767,2.0959918182834967e-05,0.00030420211797093976,0.0004707559424602442,0.001583261324960209,0.008140622184572842,1.740445844097381
0.00859975137902687,0.006465857262136546,0.0013359011014184175,3.1254470325876894e-05,0.00018812420496505238,0.00015318478744811052,7.7609023094698e-05,0.00015362577952756599,0.41938105669782344
0.008399219267118648,0.01114634992672037,0.0020003809256308918,1.7625925905546653e-05,0.0003125332821443749,0.0004727236021070666,0.002173853170136189,0.008557472591327978,1.962497180839811
0.00831311845785749,0.010659551112686762,0.0013604944226327806,3.0056377184506113e-05,0.0006340805867342936,0.00044269053582434516,0.0003002341604609698,0.0013425641150754248,0.6257465473647674
0.009634106181940473,0.013553838927283735,0.0019617786756694696,2.5861103196885494e-05,0.0006532267588872562,0.0005165215672759576,0.0013994914684898924,0.010146171516453204,2.421440975265009
0.006913382350992185,0.009860179569611341,0.0013146430426408911,2.3601555367406312e-05,0.0002431479715073711,0.0003320776740538335,0.0002953567399344985,0.0012800161051561773,0.3298823749025685
0.009366178103126786,0.00988396824045163,0.0019906527087155627,2.0621966569913888e-05,0.00021305939838538114,0.00042731761149859354,0.0028007807541691443,0.009077136196472692,1.866914883941372
0.005698257667229614,0.009051623152639904,0.0013365536249582667,1.3518476157013383e-05,0.0003060302316063795,0.00033259503998470195,0.0002493154867032228,0.001003781331415371,0.2751543033730967
0.011010022423779124,0.013543903503444846,0.001987367775743206,2.7706694032288795e-05,0.00046068662418441246,0.0006299729164554577,0.00028733154010888583,0.0010906180491688081,0.5197828786005345
0.006413936540404891,0.009099932515955287,0.0013468641904436063,1.999598259464103e-05,0.00029412888947592174,0.000453938008603151,0.00015398711343747373,0.0006434521234435257,0.9548504346998643
0.010981757411904262,0.0141544670521275,0.0020169131670532436,3.113718091577695e-05,0.00022956401308138493,0.00025038745228228565,0.0001278088217997081,0.00031266634425039514,2.0769459443540583
0.008945655607805475,0.012101800136795385,0.0013477155552345536,2.8149962901856215e-05,0.0004022495636357973,0.0003495544149968777,0.0003401478353180981,0.0013849214648303206,0.39030386023714214
0.009573924756412914,0.011256055787184657,0.0020217377608855356,2.520162385296587e-05,0.00021869530291004035,0.0002409631072812092,0.0021967443889408674,0.003581101275197255,1.372019365943422
0.00593804285796563,0.009084900116718387,0.001348242449745673,1.260891046216229e-05,0.00026897405229360673,0.00026493344076902064,0.00033227273126937117,0.0013835857370251012,0.35898659169280234
0.009791271252273335,0.012255639454678465,0.001980509744785804,2.248575156725359e-05,0.00020442178609128873,0.0003290828223053703,0.001522213358454861,0.006284283406928749,2.008417542856896
0.005704458344689778,0.01139116203046473,0.0013643614725073693,2.0994028610163198e-05,0.0003208924324042645,0.0002158656842661615,0.0001660445037941039,0.0006207602484870536,1.2123040444802387
0.009714603419490951,0.01401263190754751,0.001941932857096146,2.43526526487668e-05,0.0007336984472844869,0.00042619123939756316,0.00036206493687179845,0.0019216263311427372,2.6584026260869007
0.009556207812269929,0.009701253645812341,0.001345954454101871,3.3825507425729705e-05,0.0006567317739291108,0.00036556682507967196,0.00027232349192369946,0.0014016435262521343,0.6234304992198172
0.01271141074097138,0.016641863300973007,0.0019745578961593434,3.187730192053334e-05,0.0004152274437425387,0.0004055004477357272,0.00014540630958844692,0.0004915213661249953,2.234179033124574
0.008182285760002978,0.00776735700866566,0.001361815890691835,3.324263790457298e-05,0.0002432050284733244,0.00047801124802134215,0.0021883482767438706,0.006246495125821647,1.7418810765060038
0.00706864094766491,0.013668005799390252,0.0020134483683271567,1.586945270253394e-05,0.00017139386505530293,0.00026463915808655144,0.00011928266960473513,0.00025839852222793355,0.7746396747403795
0.005957774262482577,0.01036778677019138,0.0013599852453308912,1.615067791521797e-05,0.00027458800014015826,0.00022417577022414457,0.000326753353349766,0.0012125961557039576,0.32529584477419843
0.009712444897544888,0.013293605119131548,0.0019885630006274487,2.595733236180511e-05,0.00027821697357973107,0.0004631447698699568,0.0017796359223935334,0.006382596621725491,1.4789587106938828
0.006048673941506351,0.009898163292297722,0.0013524346729991133,1.587084414784007e-05,0.00022232671406117023,0.0001970740940662759,0.0003407508274749996,0.0013824535713802565,0.35773804922453983
0.009992322772393905,0.012980601804148773,0.001961715549580174,3.09316360624155e-05,0.00025135806087665157,0.0003936555322417553,0.0017364539000836367,0.0038603100480170587,1.7149067326478724
0.006771571555362024,0.008586791319107723,0.0013444523392624435,1.863096976811252e-05,0.00021763214819726383,0.00047981833467736033,0.0001415560333235209,0.0004685066809453428,0.6312825122025881
0.01217500443533342,0.014637519337512906,0.0019713793753909675,5.4589304638882014e-05,0.00037185936895963107,0.0005292106222419646,0.00012468238579296827,0.0003354734924417322,0.6708334104232003
0.0055299069493850795,0.009681958920572853,0.0013095760837116349,1.2845259526506476e-05,0.00013989623159401716,0.00015074880220733536,6.686282467471808e-05,0.000123883211702838,0.8801658351904763
0.009697934188870072,0.013224660546330824,0.001954836055222077,2.3491340626771817e-05,0.00029812383057593216,0.0003597958757778579,0.0018465844041842124,0.006686647569047634,2.1144239828361666
0.010407899894321719,0.009554279874352773,0.001340413885530969,4.6779099129498454e-05,0.00023067922884416502,0.000264060434016525,9.18651623003744e-05,0.00022313195399840385,3.025922504681313
0.011369553853181051,0.02059760337668799,0.002000157784535004,5.344813405267995e-05,0.0004117936048290602,0.0004553531632333502,0.0002625062210777901,0.0009027059389056404,2.5262056413117064
0.0059779879902680105,0.009519617428716945,0.001333746425252252,1.5401449017125694e-05,0.0008036372990804693,0.00018766730270972114,0.0003503366247933654,0.0017919675500413456,0.5223930468859949
0.01048277488189908,0.013984376553634657,0.0019458638058677518,1.9241167642520313e-05,0.0002210738556669411,0.0003986291158353718,0.002561647336983631,0.010955480761270626,1.9300554740284295
0.009238496054439998,0.009534876718630047,0.0013607717808041787,3.8432166150088094e-05,0.0003631633310577394,0.0005319359428239379,0.00016605178389220312,0.0007893192924125713,1.5357140070516941
0.009061306436848071,0.012707143967410265,0.0019550958605109785,2.5791521491006598e-05,0.0002190156988765398,0.0002953555494641473,0.0016739971697429191,0.005870921655642511,1.6861153165927243
0.007342034032874029,0.006854202813102729,0.0013721872222073814,2.4252502567657572e-05,0.00013058955000925314,0.0002076637687804376,0.0017311192652238441,0.00549485513992449,1.2544424777162362
0.013375408200643743,0.011777667388426083,0.0020029593839676015,4.730136824742888e-05,0.0006202091941681361,0.00029302415193885285,0.0006821095893170886,0.004577319907318311,1.8239249471291081
0.006728805082187299,0.0124122636396546,0.0013512062875367075,1.6291359046965337e-05,0.0005197574920929586,0.00029260642669743785,0.00021610952615696611,0.0008064654940830259,0.29403222833842607
0.008810527166708569,0.013013808483218344,0.0020540348008730737,2.2040793442536458e-05,0.0002680806459661319,0.00014393035929572394,0.00010954751721690406,0.00016701851371754328,0.1381194632002913
0.008802152896540594,0.00854207043275072,0.0013494370026995244,3.062842413316275e-05,0.0002679656092907529,0.0003029198588073108,7.893171931338863e-05,0.00014007371286296947,3.065130972599281
0.015906489069741875,0.012749248675588765,0.0019395363805178552,6.61095109268771e-05,0.0006465692736276194,0.00023190800812329882,0.00013157029529223483,0.00028122174174989253,2.085949261702721
0.006061354744520407,0.007705059445212746,0.0013269154217380695,1.6725668125356137e-05,0.00026466788696397477,0.00019235218169306884,0.00010975157255461384,0.00035154366214378387,1.3252071504031362
0.015253169219531855,0.013549013424999473,0.0019942141736122277,5.2745659151740904e-05,0.0002755729934247787,0.00019919763723866702,0.00014140334103525487,0.0002485544059376919,1.1200680860057748
0.009904208306074472,0.008866846666368128,0.0013402469442749846,4.041909130710612e-05,0.00048183683917370397,0.00029131105657836373,8.187456260454872e-05,0.0003455679183499028,2.8509785273185706
0.011297880939350963,0.01606876785864531,0.0019337542571355032,2.630607721579952e-05,0.0002817221028686993,0.0004202652797213349,0.0013602625654997823,0.005853383999649621,1.9536014487146864
0.006525006542243436,0.010399784643205203,0.0013059515139552697,1.774754177118137e-05,0.00024282812369082605,0.00018853143499843753,0.0003305137705083701,0.0013388053046661968,0.34583993598905716
0.011593988923910472,0.011353570739524874,0.0020006270311153295,3.134315494603417e-05,0.00027473652298078935,0.0002130985695654272,0.00012708970062952997,0.00019759519039312605,0.13712180197349524
0.006535088833803229,0.010198350225129342,0.0013459550053661396,1.957044281187175e-05,0.0007645985811262258,0.0005454552268309486,0.0004009861497095754,0.0018893961222789845,0.8524756383131117
0.010299569704591225,0.009838125932116262,0.002006261184753163,2.9805164997086977e-05,0.0003277507339551471,0.00024155487388361936,0.00010580096884930544,0.0002679215516563673,0.20564022477782515
0.005744829314876104,0.009284657451127531,0.0013023964683673943,1.8145255706215977e-05,0.00022490299215550732,0.00019659427782640695,9.934803611075014e-05,0.0002815007225178522,3.041365306792296
0.008175280181085647,0.011501438691408367,0.0018851231784268922,1.4016033627625142e-05,0.00038781648465658914,0.00031095649380947295,0.00014506889456473597,0.0003248689388856019,1.4653985058591235
0.008582034083018053,0.0085313451913144,0.0014014757175513,3.388196138523763e-05,0.0002553320783165941,0.0002446491116794969,7.805767678886115e-05,0.0001994108877625665,2.8420278591895918
0.007814574527474813,0.014797311756988042,0.0019739449282698525,1.8253558534288033e-05,0.00023312065408410414,0.0002694986045771599,0.00012359248745230295,0.00021313907947330952,1.3937588586415706
0.007397052594494539,0.010393305253940735,0.001347450443506573,2.405877425662111e-05,0.00022885887792041017,0.00023725672724033336,0.00029303066585168353,0.0012638026541425562,0.32272987466519465
0.010851903367199184,0.015291955054964617,0.001953625006594818,2.097852280213682e-05,0.00021219336908912505,0.0005761251992849722,0.00013057055327087127,0.0003032612117922248,0.6689130710290485
0.010297705066060519,0.010164115814149315,0.0013521551734181102,4.503938560792472e-05,0.00021931205594556368,0.00020260314821056284,9.393291940022698e-05,0.00025973113250594943,2.619722180521391
0.008478998742952415,0.014129236378320245,0.0019675463679238512,1.9636291316824213e-05,0.00033538611751628546,0.00029143468218846574,0.00039056051533217334,0.001537250549120389,1.4867735091537742
0.007576109125761756,0.008099574524824875,0.001350527211204775,2.550393666555074e-05,0.0002677947353663282,0.0002033232418178882,8.428375073696885e-05,0.0001693689602010782,1.8883903536228202
0.00950421897003468,0.011233640116565819,0.0019488048510260068,2.6672923210558513e-05,0.000305511747813722,0.0004551776330270521,0.0017962508697850538,0.005651379206772364,1.550405796610302
0.008366861673838741,0.009501626220865525,0.0013523785615738406,2.9350669441842982e-05,0.00036356536768397435,0.0001825725684678357,7.31302659733216e-05,0.00015002447754570942,3.0589801415445472
0.009504473999136974,0.013642187914442475,0.00198604314228066,2.2351039710971734e-05,0.00048433662201885855,0.0004282001765630942,0.0013467195732548348,0.005956334110321446,1.7255215419884735
0.006134613506812759,0.007862756948453065,0.0013372711705981696,1.7137637283816232e-05,0.00025156974236682534,0.0003273839499984357,8.296007836703016e-05,0.0001425251002130667,0.07594756549186306
0.012698925248336365,0.013185035345273856,0.0019647092250678873,4.108901791999625e-05,0.0002642966606234532,0.00041668774024829794,0.0015351116561840674,0.005528947779452585,1.8636976513676324
0.009908255187075351,0.011321322593923757,0.0013801744706413075,3.6667159973448686e-05,0.0007752529456880607,0.00027954722719653345,8.545984346130718e-05,0.0003558832089732496,0.1539207846354209
0.010688149272645985,0.014443748959486438,0.001938526800671036,3.208903544228068e-05,0.0005415954310052768,0.0005857548938621407,0.00024402825712669586,0.0009673219719440942,2.7205334873004903
0.006586852929457925,0.008613348662446526,0.0013095562718656213,1.6691408459919327e-05,0.0002897282493745217,0.0002912453569280082,0.00021488542894147262,0.0007606581069389513,0.2318153571939624
0.009814437217411608,0.014377125353701163,0.0019127568908842377,1.9098942182613116e-05,0.00023883918983437985,0.000367611941355055,0.0014680743630890484,0.007839919223621964,0.8119998152310547
0.006011377168270747,0.01007734070098958,0.001348842301904139,1.4554874076291769e-05,0.0003815108308674636,0.0005586878070348169,0.00014099424984645968,0.00048023521281992404,1.664925742276122
0.009188641350835034,0.010652681281053443,0.0019524640727777522,2.7268351037512844e-05,0.00021145506293842307,0.0003064896081755458,0.0016787419826178069,0.009453214565652046,1.1675935565161633
0.007180586902712563,0.009172219257735823,0.0013446557119605237,2.9488806027516947e-05,0.00028114547850791705,0.0002312297004310171,0.0002487759216198002,0.0008924581981619001,0.2646260415522692
0.009530382939715693,0.013625807357701743,0.002013330713307885,2.6957371394259303e-05,0.00046936329422553867,0.00021401428404282295,0.00014844159669735084,0.0004888654197539201,0.32024495788090285
0.011458902266456236,0.0093008428616755,0.001348726092993658,4.603646614646417e-05,0.0002779059765667178,0.00020483950289805356,0.00010035552936702872,0.00021117104996277932,0.0948176719938568
0.01064205037375672,0.010640693586541648,0.0019709843948272463,3.0837650473792156e-05,0.0004861693329733061,0.0001663158293036508,9.45014072665366e-05,0.00021373905107852428,1.0996274811991165
0.0069208053255325926,0.010231171206910366,0.0013693626265285342,2.6026472535936027e-05,0.0003086845747556493,0.0005234337557852507,0.00026692596490561266,0.0011720941678192143,0.4020126997399404
0.012207109276061872,0.009989389418691668,0.0021143710817454094,4.25376784971219e-05,0.0004879249401580772,0.0004142281527468258,0.00011940148361875009,0.0002443584901995132,1.36279654726560
0.007103964475032206,0.013944567346309038,0.0013636737738964158,1.2809638082401048e-05,0.0002358307526717909,0.00041693427222955475,0.0006180795059153724,0.005075587385978448,1.4139413715904035
0.014705387092868361,0.014058320323938429,0.0019690839522076295,7.216472293971568e-05,0.0006633760829264096,0.0004467156755290048,0.0016461719237494193,0.006680188886761557,1.9687536657145799
0.00934134152475663,0.010390849507883397,0.0013119852880237657,3.621280495936584e-05,0.00013960647406895832,0.00025805265531190813,9.199049493691418e-05,0.00021831936700337446,0.1004786160811973
0.012118266776543759,0.01498256160395989,0.001945740247463867,4.37453798342433e-05,0.00029875486820586357,0.0003592068832744803,0.0016568891700887878,0.006263289293175071,1.5256589338418112
0.0065614594115949495,0.011045192605508871,0.001323692057162127,1.9355842250816393e-05,0.0002917395571085134,0.0005220285990423747,0.00011666077400031954,0.0002826487019336643,0.1371947758973296
0.010246661351367608,0.014598001489460255,0.0019247314510501688,2.8615588853442447e-05,0.00019411754654590082,0.00030418993459194356,0.001737606294956839,0.0035815123262779316,0.8895798697202656
0.00760999204534776,0.010525972092835649,0.0013099818214296298,2.7356590161300648e-05,0.0008511868917141197,0.00025009768715217865,0.00026953405261356475,0.0014147485900968112,1.6214634955750398
0.011786147076997811,0.012806657736318425,0.0020046064585427484,3.939034930747005e-05,0.0003664924348886873,0.0005866965107926607,0.00014686621411778248,0.0002961624025301416,1.4704294049082636
0.009534116545122064,0.010825592402623312,0.0013589801854855597,3.11724057782876e-05,0.00047217156545184747,0.00040503455611731417,8.844455362001372e-05,0.00015690262129564115,2.7085755425067037
0.011902884085068444,0.013222067514734004,0.0019362907348532453,3.0641649655138726e-05,0.00027201452194045207,0.00033774078687351676,0.0005553959942996712,0.0023186372987233964,1.661240383549533
0.008458989059992839,0.008385642214831224,0.0013573735891157968,3.0381816138657692e-05,0.00023825839953878824,0.0002549308853999816,8.378555679664766e-05,0.00021466079724719573,3.0508724553768904
0.018628163113758926,0.009981295366303503,0.0020547979648277235,6.768331254062577e-05,0.0004914402928334177,0.0002938326447335219,0.00011816696192362488,0.0002090973814438228,0.603463968788191
0.007525708368107611,0.00961273292638617,0.0013226377489920101,1.9274676935028078e-05,0.00023910825352182344,0.0002600007970705258,0.00010265729540865548,0.0003375217179692929,2.9771605530374905
0.017744260029856598,0.015868931892864847,0.0020203617551439305,7.492986675805236e-05,0.00031284811222274874,0.00029388485834841357,0.00014279662455860166,0.00039519081240327363,0.24166006263194997
0.006372287131463943,0.007891056244663432,0.001328366081164773,2.1261847158501564e-05,0.000243158348438134,0.0005067199740768594,7.776313772006648e-05,0.00017174279046230982,3.062564991677929
0.01409667244904547,0.012206161348543756,0.0019517722080398276,4.7936627500692524e-05,0.0004523733285393334,0.0002759428917684291,0.00013299489200191224,0.0003199716612695542,0.18725441600860984
0.00691555895550931,0.012454270572024416,0.0013350883504450808,1.9096585789602235e-05,0.000799187376929614,0.0004086391069034379,0.00014100274907042498,0.0005039881595162905,2.4317192114305106
0.009538201795641308,0.011235045767593455,0.0019489792324225812,2.8668519996316423e-05,0.00028640961946034684,0.00048221773662402947,0.0028601327129725404,0.004638776558653265,1.7591735645191624
0.0053489301762474125,0.009141192929556917,0.0013431401032709192,7.817774994161414e-06,0.00036818418574176607,0.00031939723888735637,6.832077138269091e-05,0.00015041119004590353,0.5750550292880621
0.007960363387756048,0.015026506569560553,0.0019715852058504913,2.952888887294212e-05,0.0001818868302317444,0.0005571056478678455,0.0001394908300979764,0.00048640952590110043,1.7803872011019013
0.008741300522205505,0.007923869097581549,0.0013805612700053497,3.2604469224818886e-05,0.00033425551760959,0.0001542755136426354,8.586575874723382e-05,0.0001690582459951728,3.06056207237533
0.012858949026647354,0.013121550972901096,0.0020298686238813647,5.3867257460878623e-05,0.00034020066239361134,0.0004653550698939915,0.00012616262259377837,0.00029128875739276955,2.810594773977916
0.00747321035004909,0.00951989543435638,0.0014120986882875427,2.9765913429867857e-05,0.00026969661060854234,0.0003316585717698506,7.319396896667158e-05,0.00024099246656298474,2.2972865743268844
0.00875875619572266,0.01387291468332267,0.0019758292364291173,1.3936766823588167e-05,0.0003288909902645248,0.0001310448320867598,0.00012034877951627273,0.0002574638712974382,2.189147482985495
0.00797562860728766,0.009192404933180924,0.0015071081063969401,2.7547988628159015e-05,0.0002196293692536688,0.0001102057060894432,6.744056864431633e-05,9.301074734389112e-05,0.8156477059212687
0.010398469585482862,0.012362427121651002,0.0019972603365093337,2.729554244590777e-05,0.0002765326679242671,0.00035338175466767546,0.0017214299522326664,0.006230800027205323,1.043540251375984
0.00888312481488488,0.009989514342538232,0.0013912449391915319,3.334535550332136e-05,0.0008068727375258792,0.0002905833430992729,0.00018990638501015613,0.0009915101335998546,1.5227116327470818
0.010608268784061362,0.015387643593935995,0.0019987134385772124,3.06492946750148e-05,0.0002259780647808565,0.00032325719323467135,0.0017075622127326925,0.004297680010148729,1.635920482324359
0.007196627861271893,0.00899660356575391,0.001279557331005401,2.8213604177198267e-05,0.0002526220903338566,0.00019790010743517232,7.513090444546303e-05,0.00014435223665187964,2.7429574552331086
0.01230633005694674,0.012042219949390092,0.002047689185937128,4.217978099409109e-05,0.0005613247053069654,0.0003832979547128641,0.00020272076709142433,0.0009262448419334414,2.7968149867536756
0.005576535427152293,0.00931255491702182,0.0013051701054229727,1.5224363099703848e-05,0.00016662553236810224,0.00027765970482338524,0.00010551717959243915,0.00029459896761739146,2.9969214543997156
0.010342073630911731,0.010669611751892596,0.0020021419745013657,3.4107789167557824e-05,0.0004987451133357828,0.0002861270619756039,0.0001338853549074178,0.00044694060025812267,0.9660781462887851
0.00960514845366543,0.007848790409582836,0.0014873792061661445,3.716464501579946e-05,0.0002713844169695178,0.00014823511147425586,6.750174572432883e-05,9.158218300735384e-05,0.06722125758300374
0.011458440562614905,0.010425172484525031,0.001962552298930959,3.2053468870168134e-05,0.00020082118620792064,0.00026257048554845154,0.002200337173092682,0.006185860300746363,2.166955466892917
0.006350618196216547,0.010845116753886696,0.0013462206224856535,1.7374826245927647e-05,0.0006547061403268949,0.0002591049283411457,0.00039955688634730005,0.0019650772552834905,0.7162637557216365
0.00977509004445151,0.011936392319639418,0.0020404966954876806,1.8375777994433053e-05,0.0006849227711364417,0.0005417150310076263,0.0006686295460034251,0.0043624689978575375,1.5355200525626835
0.011988072873638745,0.009064797690975773,0.0015616079013785226,4.716058139370784e-05,0.00028685012692709937,0.00015372869544571968,6.432493576313357e-05,8.683066927609871e-05,0.06040177032130419
0.013010553351071642,0.014419090633557452,0.0020139528476359725,4.84941306870156e-05,0.0002365586058032955,0.00031270679948524157,0.00013642048219896486,0.00029960338686508414,1.938535286351443
0.008625418253930007,0.00867769152716818,0.001368092756960156,2.7193071046243303e-05,0.00018585657035347867,0.00035150202810657014,8.038708987282849e-05,0.00016880912094134037,1.3177896157644942
0.010363707642722961,0.015247427354201898,0.002048303012552241,1.9434775987630537e-05,0.0003339049368682647,0.00022395657716937624,0.0001462951216148091,0.00042842518238245383,2.517627969067819
0.008981072429911781,0.00924479074492969,0.0013093722317655922,3.0241607685216838e-05,0.0003201644014368566,0.00018179149155785705,0.00010688812974105034,0.0003284388759730332,2.9512257076969552
0.010108675482614014,0.012243366613429386,0.001965125345931774,3.390124252572349e-05,0.0003265816601862724,0.0005078293594885034,0.0015982428987231891,0.0029877575021168543,1.8844010585667277
0.009158376060933622,0.009142633224126501,0.001353657575298456,3.7705376919236185e-05,0.00024435287759143126,0.00021082531574416458,0.00011210163649409483,0.0002856513766592106,1.7474566301279886
0.008786133282965125,0.009348978890621562,0.001941570922576571,1.7639650043470317e-05,0.00021436273222209042,0.00041946947454948695,0.0017735021274059128,0.006995852509167406,1.3073337884957636
0.00977875155964707,0.01076865967772998,0.0013236855069438005,3.6189152364516385e-05,0.0002529395002093903,0.0002708792574252683,0.00011627079319094799,0.00033733142158862644,2.3570371574537488
0.009613167941726616,0.013813044928108193,0.0019516202210916641,3.3578591439135476e-05,0.0005483690236709223,0.000559165356094689,0.0002246590936149127,0.0009602256307920929,2.8930084806139575
0.00684146876058646,0.008449684589747278,0.0013704702896722108,2.6790523585626613e-05,0.00048192799261551636,0.0004287123517670482,0.00010220765421677835,0.0003299441643371568,2.791057644812774
0.011018755935111063,0.013777442957046263,0.0020105696508136523,2.3624482285107348e-05,0.00040330086895677816,0.00023664260220626659,0.00015472933815525883,0.00035488755909531065,1.1235118419047847
0.009370878827122694,0.017366023350758066,0.001358013301124569,2.2056749454200397e-05,0.00033922498589756156,0.00045237482136143456,0.0006904210448897735,0.00430258245012127,0.6240599789794398
0.010481213214063166,0.014257873003039706,0.0019457724084267648,2.5243966712745538e-05,0.000310940560981313,0.000359650934330899,0.0013044209945399423,0.004958288923124324,1.4317040381419992
0.009674684825886916,0.010908126156986565,0.0013475824458602916,3.744885734632702e-05,0.00039696295042898036,0.00034391592322443064,9.662563914245018e-05,0.0002673940633532271,2.9686572602462338
0.013009174014621197,0.012323490821790972,0.0020348709130153467,4.69821349603852e-05,0.0009213396920461351,0.00046154875227898096,0.0011327078301327988,0.014756293107252794,1.8954227496344962
0.006310256111211393,0.010172034454189472,0.0013740043064199093,1.6699288053095947e-05,0.0003060960455107489,0.0002556983369476361,0.00026818803098812216,0.00111243980509493,0.30876151848525113
0.008750389313840765,0.01289487120854942,0.001933317863668217,2.078918033647132e-05,0.0002168760226467869,0.0003613907387296273,0.0017381367668117022,0.004553046511068627,1.087611747318367
0.009884795021388814,0.008625469398545863,0.0013784421337448634,4.645328819070535e-05,0.0002896600041059852,0.00026101596701414505,7.917330933948038e-05,0.00017597765534574,2.2259880649921335
0.007541842633846379,0.013090642991183789,0.002201977500034552,2.7916410181344014e-05,0.00016064976338239523,0.00023845379629503793,0.00012661476752595313,0.00018199347322470097,0.14994110581823544
0.005343293588029683,0.009017404275029887,0.0013704655118179714,1.27194737024987e-05,0.00023153495247670545,0.0002077861062935986,8.77446785198902e-05,0.00023797968084690165,3.066687822064068
0.015375747766213596,0.01620479361807053,0.0019558945588789007,4.1458588183580903e-05,0.00045880652236917366,0.00038009987542290496,0.0014013278187805225,0.006283642576456894,0.7983485449326584
0.007127852122770518,0.01110584240180998,0.0013227944534927932,2.1637408366520954e-05,0.00040597594053777146,0.00039686876527852077,0.00029596608866124213,0.001378762661666974,0.394328410643938
0.00854197903563522,0.009154414021915462,0.001979619348926426,2.2116159666533077e-05,0.00024089750249112898,0.0003939818012337583,0.001352678172847096,0.006844356445751722,1.6225130441063784
0.005534080453546845,0.00862533680966431,0.0013052874069342964,1.4359990115924688e-05,0.00044295147452177243,0.00026064221579555016,9.444794134245097e-05,0.00032545203377986324,2.8113827472167707
0.011497888009414491,0.016101385628283546,0.0020218304072790556,4.723148136550225e-05,0.000441124942560187,0.0004066967322416718,0.00031910031384270476,0.001557893501144109,2.681495906798828
0.009660770290923916,0.008787989137749088,0.0013740263355926108,3.926802412586947e-05,0.0006318156298115285,0.00015717598363423514,0.00010360436166938698,0.0003639741169150465,3.037364685200002
0.010087330396466938,0.012156738167818548,0.00196778174242508,3.6750372454421565e-05,0.0003422324462786717,0.0006081701999533836,0.0020023424513813458,0.012581323839956067,1.4723178690019303
0.008887738478427814,0.007341552340946905,0.0013692650670746054,3.26960965775908e-05,0.00022481309059226248,0.00030393955922453287,8.892846131433581e-05,0.00030715412943415704,3.043684595375715
0.011811127546811014,0.012228504071382693,0.0020535595358108214,3.916181448523705e-05,0.0002974930958769569,0.0001649522014328094,0.00012958030063608953,0.00023589367739391653,0.1675143509640407
0.00753303967234571,0.010927530202189777,0.001353502520676591,3.5337366872285464e-05,0.0003814548799920783,0.0004827403071723452,9.887678406180044e-05,0.0002836303330265034,2.7695331252038202
0.009029316652815393,0.013259826824607784,0.001984129055539798,2.6559350045943252e-05,0.0003683607866217151,0.0003098008199082386,0.00011786935014802996,0.00021995609991695315,1.823481756198096
0.006633900069548021,0.00945318200374938,0.001391487665818169,1.6098079996890562e-05,0.0001481195486377614,0.00021663572369168377,8.011648623421144e-05,0.00014269174772471983,3.012539870984128
0.015021948980265298,0.012349324553688113,0.0020053979270789803,6.432563567168942e-05,0.00035366872469982247,0.000451544770841906,0.0009604660099604215,0.005430544556531267,0.9775126004848076
0.008045080998793391,0.010137050771350976,0.0013407078503855302,3.3087880647273614e-05,0.00046497897101810127,0.00020926604114832173,0.00024175257894225142,0.001120288206818504,0.7258605833114058
0.008658260643798047,0.01280985431747597,0.001975060750258348,1.362068980793411e-05,0.000196814142139312,0.0002678440114548399,0.0018352725856566436,0.007861028874568816,1.2702544590951794
0.007686932045195954,0.013090905622154923,0.0013461542306382095,1.9701524203071348e-05,0.0002757115547883179,0.00047245136584357227,0.0007891372285212709,0.011518357651857802,1.0836866325973487
0.009451414909159418,0.015442261589196852,0.0019918465120236876,2.4590608351782232e-05,0.00034019204230234165,0.0003977052321786793,0.00010561542483524199,0.0003312668878987863,0.5859240308077052
0.007604357436987226,0.008964678661092603,0.001344801440924369,3.758897921980403e-05,0.0005021583125416215,0.0004212816330407714,0.00010197530578304283,0.00034489340393430563,2.7658684776958036
0.009484257359223713,0.011194183626444861,0.0020342424802426403,2.0037701136033643e-05,0.0006119534062250387,0.00037920534108940284,0.00015763529884347226,0.00050147193912569,2.051667319213949
0.00621434395617654,0.009409438176571099,0.0013365849676067359,2.2386775660047272e-05,0.0003848066122141796,0.00019754893142782427,0.00012046309389617614,0.0004236229796046248,2.5897081476751653
0.010287187132387155,0.01478203063279696,0.001952356949650781,3.18767169079882e-05,0.00046819332000065244,0.0003633713307780429,0.0001673730514515542,0.0003995434457978772,1.7196261550383645
0.009258366291940351,0.008668789567277188,0.001327847353694341,4.260042660295417e-05,0.0007316165338218921,0.00020916214228676596,0.00016813955251437392,0.0008781328461393313,1.77441285351503
0.014989369306790212,0.01109953761163183,0.0020567319485807847,5.482769277188816e-05,0.00027551305929517306,0.00022087643652058406,0.00011176801925522052,0.0002806212681554802,0.861130065413048
0.007059595050120067,0.010094939215096162,0.0013329175200718455,2.256979483028884e-05,0.00021990235531700104,0.00038050169965430215,0.0003111095607677813,0.0012390399891587295,0.3153114064317531
0.009927849275262461,0.01560993587461485,0.001983342502760251,3.1257251315386886e-05,0.0006893945538475328,0.0002974713587225208,0.0003901200431582628,0.004374754131345234,2.6553859676869873
0.006125659866579076,0.010945551795927596,0.0013612471044382715,1.4244852779855328e-05,0.00039100504355810644,0.0002428122023394729,9.06766236692146e-05,0.00023300603840170148,3.047712124517367
0.010101876370100326,0.011896814356011766,0.0019748319249515856,2.6255852750634678e-05,0.00047844865397872585,0.0004581021008761625,0.001251889747018978,0.008948760740395377,2.0520801073673085
0.005724978313287405,0.007920219231524315,0.0013681792906958287,1.5047828967337576e-05,0.00028849398672003024,0.00044758303306640263,7.241060710272795e-05,0.00016465722744668268,2.9069155899031336
0.011505703450719279,0.014157505880642145,0.00203695649009817,2.6186078446311336e-05,0.00018403217053415666,0.0005500207956454848,0.00015141403360250486,0.0004483690828524442,2.4609423018544687
0.011003827863710996,0.01001044511658446,0.0014103707117952755,4.383607817325732e-05,0.00017671171397692004,0.00019555795605626184,7.258395448991905e-05,0.00014251708419176697,0.5117696298961395
0.007442798962041604,0.012328407826836798,0.0019522834717381518,2.1574709498749266e-05,0.00025956730008404387,0.00034657068559463747,0.0001415160177693508,0.0004289099093383112,1.9386753016971685
0.006400764842127561,0.009318894784129351,0.0013513004088704676,1.9553865113589453e-05,0.00021987400656791955,0.0002602324024021368,0.000303971736489298,0.001284706109901323,0.3223917456750587
0.011025725556031816,0.011846969137380066,0.0019493944838321713,3.0115090015379382e-05,0.0002650262479675402,0.00039881873757117227,0.0015729753470280733,0.0037317323212398648,1.1511646738197363
0.006567268005247803,0.00931808990237849,0.0013379940277601001,1.650338468577476e-05,0.00012326260003538869,0.00012954350364334649,6.200010041431681e-05,9.977375122778932e-05,0.07052873171244867
0.008786356148481517,0.012483149611449425,0.0019599114825777212,2.0255480508484017e-05,0.0003659249982413175,0.0003252825507568627,0.00010773883286567621,0.0002386767677757134,0.9508245708503646
0.00553314082835742,0.009343655187669471,0.0013783247069419156,1.9482993365849932e-05,0.00024237696238462675,0.00016860100451031434,8.107961919019287e-05,0.00018031807437713667,0.09505244149277643
0.013143704353557358,0.011062381776003995,0.0021009940925605106,4.3660035616151676e-05,0.0002496325271398027,0.00024897599164925953,9.41945441248291e-05,0.00014065914473166712,0.3486551842499794
0.008383602319630316,0.008059931221073412,0.0013644683376965846,3.355336299469059e-05,0.00011353641569729219,9.009727080152259e-05,6.949495225710773e-05,0.00010697072610086505,2.038982522506814
0.010778651417209541,0.016806517825937162,0.00197008469865154,4.94845859275048e-05,0.00023600030005528952,0.00045087150084056356,0.00019917796665301586,0.000693494807097301,2.346630175332071
0.006314651206162807,0.008598369122279629,0.001333430377800506,1.6136241133663688e-05,0.00018703622091845558,0.0001777337488553706,0.00030614783445187245,0.001183109144682944,0.28006500215258895
0.008716542321959878,0.012841074710363675,0.0019684891660051167,1.677245288318267e-05,0.00020680280173731794,0.00035623702292695306,0.002369474988924434,0.014072404457943078,1.144065045943005
0.00858087157217518,0.0073187384165363375,0.001363122540212287,3.1978628436458604e-05,0.00021881965964004865,0.00022636453250038616,7.565778875349851e-05,0.0001602515820773879,2.2838712899580447
0.010055500950030214,0.011435036106445976,0.001967664643410918,2.077512295888273e-05,0.0002836115975668535,0.00043361560333324663,0.0020740703843126593,0.004917628578434156,1.6808178207469926
0.0068941375011270815,0.010046752735494479,0.0013388008242638735,1.8967147188732858e-05,0.0002479396792847505,0.00031539329484638225,0.0003353921973207094,0.0013158965205041346,0.3399102861305909
0.00972682644704322,0.012399086326315787,0.002011039037287414,2.100464602320941e-05,0.00020831081561630644,0.0002489921249362898,0.0017294616156568903,0.0028955265577131494,1.9437472842211325
0.01326159425027884,0.015790434249090986,0.0013524196569324471,4.2622533035109486e-05,0.0004971434811736149,0.0003134611129544859,0.0007091553191256168,0.005466146032402211,1.5175299375562732
0.01417837183050999,0.025958254067426828,0.001996952016076414,1.2225850626925172e-05,0.00025787622084471283,0.0002828210454262062,0.00021249765625983775,0.00039911885144816334,0.4263031010541754
0.006740469021490471,0.008892519348966508,0.0013345542263043125,2.198055967741925e-05,0.00026519662458394114,0.00024300322366630907,0.00031658029575908905,0.0013071359485410372,0.33298049544415365
0.01019728829825441,0.01065640172223599,0.0020019439937541037,2.519531136396292e-05,0.0002491812914856337,0.00011264360978694752,0.00012537351875437766,0.0002087648109573364,0.1458309762279924
0.007919338251990714,0.007166449751769626,0.001380870411825454,2.6770036942603795e-05,0.00021462829992535774,0.00044088895041536643,0.0023845223926482655,0.006144710606162385,1.8469834748963616
0.007896857547601274,0.0101140269953209,0.0019841952219357166,3.3520367456431586e-05,0.0002803455000758673,0.0002660757761506765,0.00011222548218766308,0.00024969671479672305,0.16000155856329068
0.007216390356043055,0.009891477385890758,0.0013356076930089251,2.1082652633609707e-05,0.00021176364673413251,0.0002973377736335035,9.300111857083913e-05,0.00027395903777223683,2.8944259239057084
0.013397525952276864,0.014327248798408432,0.0020087190541799413,4.547328337664136e-05,0.0004383726243096194,0.00018945517069463258,0.00012833594205845212,0.00034706397906545007,0.21821402655405128
0.011932853960873908,0.007616225277977023,0.0013440108390525326,5.0897342116567515e-05,0.00045561982085520666,0.00019896213979308716,9.964117602237618e-05,0.00032202187113097625,2.133382588766299
0.009145274965878598,0.012215636354865184,0.0019456636602100095,2.3666546800093587e-05,0.0003713482818957623,0.000276228270469102,0.001430010396576199,0.007354366522217869,1.5032024124152703
0.006865738974477248,0.008314432764718783,0.0013757471282779034,1.9197610521637825e-05,0.00029995856242251743,0.00041956721075813233,0.0029530839875038153,0.0069287932531535675,1.7767847723136923
0.014285092985491929,0.012216215093325739,0.002005430065979414,5.191668094581519e-05,0.0006599123234299902,0.0004600744536194297,0.00042733605691253637,0.002295819353166901,2.2689368820513205
0.006462299855923863,0.007388159123669625,0.0013210476159730851,1.9357329526967536e-05,0.0004165046699128858,0.0001962887677200631,7.004233855286523e-05,0.00020253099328821405,1.4144144711082793
0.009960739659430715,0.009183057957947775,0.0019862478499903915,3.374922239791195e-05,0.00016366353128373636,0.00034011480025028057,0.0030695749542300186,0.009498345586622863,2.027006256746238
0.0058689365695775405,0.009716295290143456,0.0013790327995665652,1.2089963274125501e-05,0.0002721127141870626,0.0003646624417060613,0.00027955202340049803,0.0011665218941234222,0.3700473029343782
0.018896797380899197,0.016431760844665345,0.002102216594028403,5.712025438867713e-05,0.00036341071083222456,0.0001803142926562557,0.00013050456184449024,0.00019421850682647834,0.5409407968551389
0.0062406246717608615,0.010435298516103062,0.0013602893068151189,2.284738737009872e-05,0.0004435419044207161,0.00021829806355183734,0.0001765687866521384,0.0007140438362860921,1.109125772128537
0.011300460599884208,0.013153504222796762,0.0019591270685056657,2.9658265494191173e-05,0.00028388609296037655,0.00038705264558343966,0.0014246555413654528,0.0045631803044383435,1.6304127239400337
0.0069175566506247885,0.010947545893096529,0.0013401563831612353,1.5753086824311246e-05,0.00026560025749274,0.00021900450935174914,9.85039584953923e-05,0.0002548649185918037,2.791958337295834
0.010712246436218875,0.012863775988955462,0.0021732321911378163,3.7788311798662814e-05,0.0003150399213892858,0.0005466763662664274,0.00011164955371959942,0.00021446825609939358,0.14306120186143967
0.006876256254530096,0.010386383795616873,0.001304115357268162,1.7951055954422805e-05,0.0004114072770118873,0.0002582121961049106,8.929667967273263e-05,0.0002007212030346658,3.0543774223582205
0.009730342025417752,0.009613393950432052,0.0019663203579549744,3.31552476331363e-05,0.00023502612761153575,0.00029083937526747284,0.0023642596601661956,0.005915909891332496,1.4091307054562965
0.008534515372242181,0.010296750230939435,0.0013298487568636208,2.772989853175491e-05,0.0006192056159483508,0.0005749814517653835,0.00033567505731652215,0.001618174949449884,0.4589006358570516
0.011154227559906594,0.01194482145108755,0.0020182994137549824,4.350722851984184e-05,0.00045193592531491225,0.00022588281275707017,0.00011091718233364097,0.0002503555672620177,2.4042031161916713
0.00784201849119027,0.0082590609652841,0.001366176017692974,2.6998185643396066e-05,9.586562544083774e-05,0.0002276393164720872,8.726523132543626e-05,0.00022486435069600497,1.6354675291300849
0.010313113657432326,0.018848421800817187,0.002125692228720457,3.9205162281608204e-05,0.00027630638947365806,0.00025537817894492285,0.0001269771754042513,0.000212632991183853,0.27311895768857863
0.008036608282820564,0.010214853877376532,0.0013169187550251297,3.0505693401753178e-05,0.00015862340943418143,0.0002797833650610014,9.097967085044273e-05,0.00022478785049016278,2.1593752192477043
0.009569142558328308,0.013542960401698589,0.002026414419731406,1.824530367846168e-05,0.00018289388837835398,0.00020712854633076437,0.00011319557615552904,0.00017971665938161041,1.3110134281052566
0.007561108717257738,0.010659854035463483,0.0013374730004684183,1.640581855371116e-05,0.00030374417780672415,0.0001941460325630797,0.00011387229415651747,0.0003498443046561562,2.4623817499180998
0.010001729452979025,0.014679540116479302,0.002088136162540936,3.153789026591549e-05,0.0005283203166140484,0.0005488006274991334,0.00019873600918082296,0.0008404392735395309,2.512072300907069
0.006707335293431354,0.010197489793937588,0.0013504547969065573,2.589768042727072e-05,0.0009004577517995538,0.0005579090424069324,0.000226055161123254,0.0010866957196569796,1.3825614086331235
0.015978508026521294,0.01343693443087153,0.002154191799021136,4.454936955641057e-05,0.000364069895381496,0.0002267216303650033,0.00012412788083538437,0.00020011379259436698,0.3593580468991033
0.005159170450241286,0.009505796122834208,0.0013155602929899148,1.2290347329493201e-05,0.0005476132271627006,0.0005014559306031003,9.741411155530708e-05,0.00024939683655166267,2.8986057472068074
0.011315305133858365,0.011740721321650596,0.0019712739223647106,2.5704770758110073e-05,0.0002381761834837493,0.0002863719626796673,0.0009204502492398226,0.004435135996062498,1.9480879682294325
0.006580039020596963,0.007696494687641393,0.0013808850077471006,1.9670401225468963e-05,0.00019078551711832173,0.00032215962399424715,0.0015815747528974493,0.004798397595022055,1.9266678103019492
0.012794243871628074,0.015360719586737489,0.001994190023141336,3.219556646904698e-05,0.0002411456477626709,0.00035574845644557347,0.0014549181911794854,0.0013519499829242592,0.39368111801069217
0.010201961757415424,0.009141977780951863,0.0014116795792538494,4.195014900988125e-05,0.0004454128131857932,0.00026567844076881347,8.016396721490918e-05,0.00019877029211631543,2.7393776373160885
0.011199345989606415,0.01092269079033377,0.0019464076996595636,4.201321090737769e-05,0.0006083093829255464,0.00022982204786198003,0.00010299304851910759,0.0002054806237215456,0.21986520730924658
0.01314926755513458,0.011241717519960009,0.0013524207166969687,4.6569007110144864e-05,0.00018598741841475324,0.000239345527837984,8.194159483891847e-05,0.00014493644152049407,1.4299022344364027
0.00895595658917584,0.01537150120218393,0.001961639226315724,1.6244601678736946e-05,0.00025506384108455544,0.00048599492681953226,0.0017559904064699066,0.0027602950679442946,1.4766933604066943
0.0055088536165516155,0.009262469900779103,0.001315327012289435,1.3294371586064055e-05,0.00048673622542636213,0.0003838438127130142,9.81717638021543e-05,0.0002714461697618715,3.0078201204745016
0.011782102866696079,0.01481578734178484,0.0019631563877207502,3.340153289134415e-05,0.0007306480700021542,0.0003563611620048821,0.00023852582969148442,0.0011305593532156303,2.7288321904792534
0.007693668477792195,0.007942381902673313,0.0013401639943098152,2.526953646016579e-05,0.00030544089017044346,0.0003330557966930733,8.787170395880913e-05,0.0002990949553498115,3.045431696812826
0.010170936904480829,0.014193798231713264,0.0019786022991119738,2.8551097008329434e-05,0.0006497003452224534,0.00037561383334384804,0.0017796851232312369,0.008086945954966724,0.964330918840114
0.011336309633386584,0.009658439174138781,0.0014054926652775845,4.6801990565280634e-05,0.0002161554275064762,0.0003363787973910063,8.101232137634018e-05,0.00012840385486943335,1.5536859439996646
0.013034536549594439,0.008782492393214675,0.002019740511826876,6.397485776149716e-05,0.00021707580635026475,0.0002648363743931486,0.00011086755398959811,0.00021975222645510457,2.8169572238496583
0.00681537937667448,0.01092940208041334,0.001368356950176021,1.9569187510339848e-05,0.0005214436718538467,0.0005801429233680807,0.0002918489307476682,0.0012632507963687332,0.36817807438303
0.010140157330368035,0.011280571230757841,0.001974708244618553,2.9075143400478895e-05,0.0002449786297356963,0.00043611933717781296,0.0011076020481440624,0.0052391076910704845,1.9780863199066625
0.007225448453802772,0.010880463397009519,0.0013934795263646125,1.8192233973926444e-05,0.00015923281043443545,0.00022609057627113782,0.0023281536087682406,0.004333632386280279,1.4619981664761459
0.007481404825509536,0.012734702254350633,0.001946644791230248,2.160478908031624e-05,0.000314707128947865,0.000187965686693129,0.00011456585869717416,0.0002019471598956831,1.8357973377973507
0.005878866567643763,0.009490619849900616,0.0013475209428543322,1.645226410139457e-05,0.00023443118864805625,0.00042501857131125876,0.0003338971604341588,0.0013467465017909398,0.3448965989241366
0.013273082055626042,0.0119200372939198,0.002030779036191906,3.9877433705586254e-05,0.00017986768068972703,0.00013591192679927096,0.00010973546702184694,0.0001595781939034847,0.12253221456082142
0.006472113333698477,0.008149023713922733,0.0013287799520822529,2.5095141562281638e-05,0.00015706879538470968,0.0002844782644939131,8.28731572736232e-05,0.00022807705789562542,1.821922427453288
0.009427081992757335,0.01357200000499136,0.0019758742771287265,1.9078599840690857e-05,0.00043569476126373513,0.00048516836539933613,0.0004683666071290932,0.0028218652412738323,0.7972796578084146
0.008447616192613907,0.010783102298700374,0.0013898595422686462,3.438727135462267e-05,0.00017910763755983193,0.00020901174880454685,8.508966565800993e-05,0.000196095191377201,1.671879482371563
0.009626728470392216,0.01641589167421885,0.0019704222885001234,2.3105166232109888e-05,0.0004063827426316198,0.0001731210870735709,0.0001387230182212707,0.00028086552108064867,2.572241617814213
0.005805578871387501,0.00912457087509565,0.0013398108278786934,1.2100497334146352e-05,0.0002599743108368615,0.00023521101563069222,7.71908713410825e-05,0.0002159398090811781,1.984835189173569
0.014281628163723078,0.011937022428121556,0.0019647586232735366,4.93411866265023e-05,0.00042492355611585677,0.00045838463960481615,0.00014351394156798098,0.0003310856189115257,2.953778072074931
0.0070934503186229885,0.009275933166843043,0.0013260701115280322,2.101466664729072e-05,0.00020480162716488942,0.0003105991894180244,0.00035063373290340327,0.0014651859663890984,0.37338359965288437
0.009977871501965198,0.014007160833295604,0.0019925700235523796,2.3598740289841912e-05,0.000495485306038829,0.0005366800543900571,0.0020391490516768283,0.01387839310451778,1.3116294085336446
0.006058605857871662,0.008952172479805322,0.0013372994587639525,1.8344633906577663e-05,0.0003145710699301983,0.00033491028126104224,0.00035012104626586864,0.0013843832258610318,0.35536170393309224
0.009664423583219332,0.011903550474727277,0.0019821333816547517,2.9013340110930618e-05,0.0001653881835198866,0.00030406232574997237,0.001676952567843026,0.0038749902477382132,1.9471400387798679
0.00732821292521153,0.012291737951649333,0.001343710285618977,2.8732019612066544e-05,0.00041793735454002197,0.0004515731801344803,0.00019850621794267832,0.0008573444495142341,1.7846345956854788
0.0094408013519357,0.012762742784293948,0.001995028914316536,2.5622041138693204e-05,0.00021745289137675288,0.000248007203614806,0.00015119481147292645,0.00042820223802916645,0.2736538699537925
0.0045905639048756134,0.0075889717662622124,0.0013209147851436253,1.1008538676299215e-05,0.0005029706401664995,0.00019943110895646863,7.082984933341407e-05,0.0002371130164198852,2.651878897155302
0.010556305401663498,0.014181909597722982,0.0020064772431694854,3.2029498426000527e-05,0.00024100697192513154,0.00031411470192134797,0.0018090444438934542,0.006878424198172879,1.6502190817260771
0.006403245058419699,0.0117910772518138,0.0013551836436050233,1.6964703783283793e-05,0.00031968252632465764,0.00032074358518197115,0.00030303671486090665,0.0013414645224746858,0.35549045260026385
0.016176809899694337,0.011036424238232848,0.0020303038436002645,5.338595230807396e-05,0.00028066079838850577,0.0002857091082189118,0.00013836753929224286,0.00032958931172120633,1.3881815327046747
0.005713401179606034,0.011007591476164985,0.0013526989561404104,2.1879019694906745e-05,0.0005238334051551474,0.00024431140205465805,0.0001513038749959658,0.000710538830053546,2.7842834107738477
0.009368617278594718,0.01345786947701386,0.0019495634637041574,2.386679263802323e-05,0.00021714111189597134,0.0004497231625964568,0.0001479253083134361,0.00035590478174859895,2.0619783014011297
0.005985019166039225,0.009215307960534803,0.0013503569001157923,1.8431678224642338e-05,0.00017142344387169466,0.00013967276592616142,7.948941046017562e-05,0.0001733449812856377,2.4028030804730203
0.008053589783011805,0.015611550697526894,0.002143465955764834,2.543813559802107e-05,0.0003176883530457713,0.00015593797248172908,0.00015760139266074528,0.00025201451563447593,0.24545872130070184
0.006305113704017373,0.008403182951811784,0.0013436577426718394,1.5489021298897474e-05,0.00014074458775119208,0.00021437469509605114,7.6669799080707e-05,0.00013253611720106794,2.879908867927768
0.014633921905658912,0.012491458661606943,0.002087303513638288,4.005886784298278e-05,0.0002171241365332375,0.00012332490588073657,0.00011302849647552977,0.0001673418308536126,0.3853991369828805
0.01095922490907619,0.009505044592792711,0.0013724591076773693,4.6646008480270956e-05,0.00014693670142810914,0.00031308535909752337,0.00010099615601915744,0.0002554485512055004,2.99040854383803
0.01167817906304135,0.012169033041399234,0.0019526805441994932,3.2112187336061235e-05,0.00025318992094197846,0.0002683450074990988,0.001810607216530749,0.010251044933903476,1.0721585084822864
0.00643231655084693,0.0082850600332484,0.0013059179820622735,2.1722143299987094e-05,0.0001425690193341096,0.00025692580746653236,7.565663763783624e-05,0.00013238049270684478,3.0254772033544475
0.013491395403409844,0.012084241425938719,0.002013872925861043,4.8034871098294274e-05,0.0009316211614895591,0.0005632596730495603,0.00041193351566379835,0.002262502106269398,2.34505996434125
0.007201569673603848,0.008548681727176034,0.001320741498034486,2.3158725832004903e-05,0.00043816432602270796,0.000281985395204295,0.00014535078365723338,0.0006156261375644639,1.7824091356387528
0.014378839733394183,0.012690072329867658,0.002011733873532234,5.700963023104054e-05,0.00042407562038519086,0.0002568215753900806,0.00026313804651887523,0.0010043319996678381,2.7965507861946617
0.010012497185649576,0.0070627459515050246,0.0013793293322936786,4.231047969183013e-05,0.0004153900962768667,0.0002333818218684373,7.720295610104176e-05,0.00014081101830165987,1.3873778207582075
0.00935380231749054,0.012601446249915016,0.001951411491876595,2.2711911518308793e-05,0.0002653568940850026,0.0005002375736020228,0.0019094412753180758,0.007860609788429406,1.5933014628953235
0.007009013583412207,0.009674339561731318,0.0013781878950990519,2.35302768218336e-05,0.0003536542967013974,0.0001811711370530465,0.00013061772534320076,0.0004004027094453234,0.15239676535273025
0.010940896661533448,0.013772048908261442,0.0019506177644573555,3.9361455039860445e-05,0.00026347274005395177,0.00032020798148930463,0.0019177105401398653,0.007419078628661115,0.8550414032145619
0.007176093724251968,0.008842842382854174,0.0013278636748287247,1.808774796715217e-05,0.00024408430759746325,0.00048605776866645034,0.00011717135424607806,0.00044628682584019734,0.1453202787763172
0.009410156946853505,0.013929457358152337,0.00195384819412624,2.125573087038731e-05,0.00035365821624836364,0.00047828395529446737,0.0015825113516620718,0.006053515653513652,1.2967438998796184
0.00470502613197116,0.00953615957936692,0.001349858335188086,7.24810402418779e-06,0.0002795026155910073,0.00020875594970274242,6.812517807392529e-05,0.00014866021245741457,2.987664952840575
0.014211934245212027,0.011812252328123558,0.002025654999219762,5.50389079559457e-05,0.0007063844658890217,0.0003963968757401166,0.00017063319487786878,0.00042584580268169997,2.8753154005320067
0.008909243288230614,0.010008209393095787,0.0013945310834288119,3.2156547696244337e-05,0.00023053514423169793,0.00016120209757188657,9.285885555953446e-05,0.00017346174886505737,3.00980839049397
0.009451275301937427,0.014453519912684534,0.0019604452157784944,2.2643982605498347e-05,0.0002516748714504695,0.0003496987125468826,0.0017268306771487496,0.005055283583390866,1.7366313636592887
