11.056875324531797,-0.39716416418523137,10.959933175524649,0.23547649874353027,0.002084645502459274,0.0022622808861223575,0.0010178868683415603,0.0016304319387529648,-2.2311321550923986
-7.744287177564146,0.38392850075459056,-7.592980260284199,0.23552370649573504,0.0018844366544002724,0.0028856782089627317,0.0009535581536038854,0.0018285499454960591,0.26386057307369487
11.06196722596707,-0.39426734048037804,10.95985290713895,0.23550800644568926,0.006029571112387958,0.00041242665584740706,0.0013638202528130459,0.0045784545211974385,-1.0278264386486449
-7.747152548812313,0.40621285510974076,-7.5929960474853635,0.2354968700569808,0.0060922327954907735,0.000591122826945125,0.0030099079248024395,0.019493379699712092,0.10534000031483533
11.0600025513753,-0.398616564278567,10.959916239237423,0.23548651426034634,0.0024463400122253605,0.001946812230118841,0.0009740077614153992,0.001524320721354521,-2.1123646563203553
-7.743618549906338,0.40014971287445983,-7.59298010692769,0.2354919663834956,0.005471791286314855,0.0010930858485781348,0.0026478073587210167,0.02478805721526578,-0.7580161328355223
11.063390632560296,-0.39851350563130045,10.95992534365678,0.23550970604936455,0.006032280025272114,0.0006791115670417078,0.0015737540726302604,0.0060765615546629105,0.5971352638573008
-7.753050085340033,0.4045885890765146,-7.592986114981416,0.23552333798454608,0.006202188162559627,0.00032561101640364446,0.0014077020233612637,0.013305187036056182,0.9295493596559974
11.066971958703148,-0.3952881235448819,10.959901731770788,0.23553276166659262,0.0060317200541878235,0.000710860385254682,0.0015194275722417083,0.005422767951157907,1.9116706976942817
-7.737538692348011,0.39721370638243125,-7.5930429399330555,0.23546831173225316,0.004939494541377809,0.0009752735690372545,0.0007995883079514273,0.004505744673627115,0.16860403813176106
11.062358499506415,-0.3952807670100243,10.9599049515687,0.23550325856959708,0.0030001313579086043,0.0021790811718861327,0.0009848366290018597,0.0019021802958394582,0.12804869330243887
-7.715328712427177,0.3993737200774547,-7.592890573237705,0.2353668429133003,0.0017842878374356847,0.0003453426309796737,0.0008644912657606605,0.0009499588782481186,-2.8270214110722702
11.032779149600726,-0.4016754066143256,10.959907353984146,0.23536041490778625,0.00026800761929173693,0.0002654526690101121,0.0010839746952655848,0.0010274419715124179,-2.9151564309541906
-7.748979953707382,0.40037145678493974,-7.592919111457597,0.2355175841782282,0.006064193031449882,0.0005757183636911784,0.003255316289762215,0.02010087157279443,0.11449164806914178
11.060829210100062,-0.3977630277522666,10.959918431134547,0.23549383228706905,0.0030504384827179723,0.0020807822765282883,0.0009752263352164114,0.0018510442574529503,-0.09975066863953329
-7.747725684382534,0.40073532920864097,-7.593011176013031,0.2355091066796051,0.005910775121679328,0.0008685496029709255,0.0027130463277588047,0.025100697478507076,0.3700136003067813
11.05759164068892,-0.3949861766518222,10.959937360987322,0.23548025612433535,0.0013475602024113674,0.002640156954923335,0.0010524358239972305,0.0016216473669108588,-2.380570447352455
-7.745255965094112,0.4043737151884579,-7.593031953810046,0.23549148685303753,0.005955034708382836,0.0007985075343239998,0.004533508722668042,0.03904325165751056,-0.8607481785698868
11.062879733734913,-0.3948407252665374,10.959824754336127,0.23551558896639072,0.0059353223682112625,0.0007435980588118762,0.0014503606596385592,0.005070687280760442,2.021679820002418
-7.745748788860389,0.40686662723565625,-7.592976512550245,0.2354895114554552,0.006077767661086167,0.0005426509309624184,0.0036268990910645767,0.03252095894304132,0.40888511353591445
11.057583393158556,-0.40139699761987424,10.95987777012629,0.23547313642164297,0.003067511662933441,0.0015106960839285746,0.0009418571527350022,0.0015293031168487003,-1.3557317257636117
-7.741143004679016,0.40517128463446306,-7.59299374085037,0.23547368614562253,0.004245021959311835,0.0011609111435260406,0.0006371742178567321,0.0012646023375824,-1.6211135653954036
11.06729061086705,-0.39540693937793947,10.959867159534591,0.23553406268615984,0.006167491038094306,0.0004139238499825552,0.0015121934849446168,0.0052948194905173265,1.920255128684711
-7.738699866733532,0.39860874139998864,-7.592985081490896,0.23547232474427437,0.005487851423145339,0.0010053210717006157,0.001893980538579327,0.010858480968082987,0.3448719465355033
11.069495334725678,-0.3984940352681571,10.95986720064507,0.23554055713141453,0.006229210160965127,0.00046580948063560095,0.0015478936223844299,0.005551671284470696,-1.2794457318887553
-7.741239324191952,0.39912385278580625,-7.592924864840135,0.23548619120705994,0.0056196784715198825,0.0011988199046732116,0.007288702769870968,0.04932978139591225,0.1535474012424974
11.059866675875725,-0.3950661476263753,10.959825924060116,0.23549385271466816,0.0030103496297249057,0.0018046847050783347,0.000978389308594914,0.001706500498468833,-0.33294643341464203
-7.745863338646182,0.3952682471180294,-7.592938090955008,0.23551412505607866,0.005571806439199565,0.0011950652566206077,0.0037581515443909264,0.0287605832633207,0.07681829688173361
11.058756440619044,-0.3945768491090631,10.959837853629049,0.2354906888092483,0.003955016934295884,0.0015232616488643634,0.0009748403832288991,0.0020248547514359195,2.383910925934932
-7.751071825930913,0.40138869207152106,-7.593002725996372,0.2355192991902597,0.006045501313534829,0.000682839276522037,0.004026995447876259,0.03013194554050614,-0.9562889515018175
11.058593666695641,-0.39728765520666354,10.959934327277654,0.2354839297859741,0.0038243685092412653,0.001751528677394081,0.0009832782872348908,0.002115153139917171,1.7468866499857825
-7.7387920129410945,0.3978228790077665,-7.592955682067743,0.23547405149417366,0.00551113889111422,0.000834668817037824,0.001032103262492651,0.007259365986979787,1.2206639212686545
11.056309540381234,-0.397231752008968,10.959959635209348,0.23547095082622257,0.0033887218445175444,0.001605170197232413,0.0009791642947333179,0.0018127274903536378,0.5517443518372649
-7.750280871743565,0.4037645289200963,-7.592984809859505,0.23551467693363817,0.0059216009865677086,0.000850074931290328,0.005982706883742249,0.06608128544682337,-0.01691621210165311
11.052659667914945,-0.3935762377241654,10.959803609744515,0.23545977480613198,0.002825498189255647,0.002069669582807092,0.0010234069036547107,0.0018342676673338333,-0.009051420211975882
-7.7423287916144705,0.40096299334567453,-7.592938474233829,0.23548525077381804,0.006034371826125246,0.0006143283980498234,0.0017763772745433358,0.011175448728200168,-0.4814628755414551
11.04979929846791,-0.39777267164823943,10.959930961262257,0.2354365578754194,0.0007146904087231315,0.001472574211588988,0.0010516766791999624,0.001139273959478876,-2.9230851452989026
-7.729980804884971,0.4010115750372137,-7.593116513452926,0.2354247956899115,0.0018782691019439525,0.002206231602351039,0.0008493305294005865,0.0012094371542589338,-2.592151954557078
11.059432743497347,-0.3921819039327908,10.959958016831745,0.23549484678889734,0.002315602393628801,0.002452210876439241,0.00103928298978769,0.001863592227781428,-0.7336297241332556
-7.747576476337124,0.4012354970784975,-7.592986167622077,0.23550827814461475,0.005984809351065476,0.0006646341040694213,0.0028204494980905814,0.02416718839396661,-1.4893876212449968
11.06156541938971,-0.39470232809640066,10.95987993701555,0.23550224540752868,0.003099371470345514,0.00210108053316939,0.0009966308146964163,0.0019215953835441976,0.5001085626341342
-7.7352457113100215,0.39605869533029336,-7.5929445840375145,0.23546022614042877,0.0030346544842868046,0.001165613867592885,0.0007734785149208966,0.0011294773607377047,-2.460424498138154
11.061160531238015,-0.39760396834347206,10.959872600351893,0.23549646858348028,0.004096922312619962,0.0012319270212758288,0.000946299648541746,0.0019219842409494796,-0.1302812916098151
-7.740713338105468,0.4026891713029307,-7.5930371942805985,0.2354737812830146,0.005799480009562261,0.0007421680349410873,0.0023455025839255413,0.019820216634263137,0.3886176077475406
11.058963226338818,-0.39489190737432356,10.959878409317941,0.23549175844073722,0.0027193696449240245,0.00212739102506652,0.0010101079616008108,0.001823592514781175,-0.37799881565433424
-7.745301051391036,0.4025981364577736,-7.592946461680217,0.23549555410978854,0.0060076079827976366,0.0005576653700978278,0.004647068456494961,0.03862793077671055,-0.6373439771418574
11.058195062164245,-0.4013863104760102,10.95990566890715,0.2354778313849691,0.004071730493645571,0.00022384758150621395,0.00091188970685891,0.0015435082532611697,1.0252116757765057
-7.74804589458459,0.3983002332193551,-7.593009527244577,0.23551718548229728,0.004708157201810993,0.001603644993018989,0.0009451455979264007,0.0050592247561364505,-0.5446204679020976
11.065719590322782,-0.3988016963514857,10.959880383754625,0.2355218136046051,0.006194080255388982,0.00035310764332921614,0.0015845564395030533,0.005731450560897338,1.8305529562529612
-7.737359671982463,0.39484621809817566,-7.5929961500090695,0.23546952062571466,0.004338472578818272,0.001419482441237707,0.001434557676314562,0.006718243145088765,-1.0840314644225384
11.067524387003097,-0.39771213003260913,10.959868239290032,0.23553201531751924,0.005987899678363177,0.0007331528659871402,0.0015537439015841654,0.005574726214031817,-1.245011728375409
-7.748215285778617,0.40435170245888,-7.592982317986543,0.23550564598819457,0.006011220546690117,0.0007229002130118699,0.0019127921752554635,0.015132923718035152,0.8660403762885109
11.052933824949799,-0.40155551858334854,10.959901221304275,0.23545298745324403,0.002566862297901817,0.0004971381085765771,0.0009747489093275128,0.0012507512506083574,-2.703450949896565
-7.734384436205427,0.3921298246197409,-7.5930202528591435,0.23545625841957826,0.0014321490863457781,0.001728169983319049,0.0008605399391398655,0.0010367263987950696,-2.7314956836265103
11.058778902017997,-0.3968278569613709,10.95993090966552,0.23548592299478663,0.0052491309864686345,0.0003885138329515324,0.0011463470913559357,0.0031889810401489653,1.8753897888695794
-7.745131880580904,0.405475661408021,-7.592937908141831,0.23549279800784265,0.006068836992846015,0.00048035251003375343,0.0028776729760982716,0.01988110979313568,-0.11692340629851862
11.075302348447616,-0.4187031434874996,10.959872612537962,0.23553848813266995,0.00596969788456413,0.0008910915671783944,0.003101390480197749,0.04852901941436102,-0.040854481538418995
-7.74527211603074,0.404870105020591,-7.593001090831315,0.23548894594493916,0.005973121957610429,0.0006563525986277237,0.005981237941341395,0.05610665099118742,-0.16786892848318888
11.059764586183272,-0.39871666796246236,10.95998475727338,0.2354851325896815,0.0029027143973278436,0.00204209319590126,0.0009764553492155675,0.001762795008109905,-0.8344164243041322
-7.737542896682214,0.3969431333435462,-7.593024612389551,0.2354665266399076,0.005454501125347024,0.000721133531186586,0.0013060067871485462,0.006948397403205486,-0.10872880527722426
11.06147106097721,-0.3907766360016021,10.959823780689637,0.23551202809120764,0.00548428866625393,0.001129570934163166,0.001300385183397208,0.004134249935398068,2.30213571981708
-7.733620184636186,0.40574659558695997,-7.593130918063931,0.23543273568411283,0.0011321261431267106,0.0025181930457511253,0.0008624401045755997,0.0010416632987846806,-2.53255438293349
11.065309994951415,-0.39842509839066037,10.959906848698557,0.2355133601076692,0.004146142895166211,0.0011345306493680072,0.0009362623255098568,0.0019006842254631776,1.1356394559790361
-7.747170755176616,0.3964197616933882,-7.593006675614582,0.23551256237102908,0.005829647749533877,0.0009801355185267478,0.0033849961634740363,0.020958087936471165,-0.15874193366694825
11.056610516655555,-0.3988814232226725,10.96004077227896,0.23546551428244697,0.0008733470730088312,0.002088345212676604,0.0010194335732418185,0.0012480233047911192,-2.9009627931565776
-7.746107261429887,0.40112661976226116,-7.5929405786369815,0.23550135029176616,0.005934550426576094,0.0007093652637640847,0.0039022928575054004,0.03560097653460518,0.14154927452166172
11.05534941091815,-0.3992937387963378,10.95985214595239,0.23546705621437836,0.003141025404240104,0.0020495270631470247,0.0009915289362245167,0.001890202092769483,-0.006933222447824376
-7.743537013373298,0.4070215560765333,-7.5930055807668975,0.23548035088786487,0.00603640654683288,0.0005471026896338349,0.0030075241173310925,0.023885852559266167,0.23328600059480986
11.061396810041304,-0.39272292988962715,10.959844726853063,0.23550816347140216,0.004447215717223664,0.001686707481155853,0.0010897418096900136,0.002874302005512961,2.3195868946954974
-7.7440470122055585,0.399088150669872,-7.5930833531555875,0.23549584373838192,0.0006057667957165105,0.001289047858086586,0.000805467382394099,0.000729591625130418,-2.6671825659858057
11.054642440842635,-0.3982991878611717,10.960006938447819,0.2354604363130742,0.0029586134554125108,0.0017680186076388658,0.0009797979782760547,0.0016586983081016984,-0.8830241732588741
-7.729326171390208,0.40276938767262765,-7.59316172159904,0.23542080669033164,0.0014114796598023133,0.000720228305275052,0.0008109339838877146,0.0008139262591838122,0.41793750603921204
11.061842070893695,-0.39417283203304715,10.959855022108224,0.23550876444192437,0.0056451265841010465,0.0009334337891524816,0.0013717415971611013,0.004592464909449038,2.1690414936879034
-7.7298033016852745,0.4065602747470282,-7.593267881682418,0.235410433229893,0.0012220799004598248,0.0012741227333403012,0.000790404107180708,0.0007556512111581958,-2.5705378114215334
11.066144295894224,-0.398631951781758,10.959849285673336,0.235526592835243,0.006150084256000538,0.0005820277353889389,0.0015578959536163603,0.005669812139736126,1.8356311883858678
-7.737499405186395,0.40846381295115336,-7.593037527588278,0.23545279837315466,0.002960839841492817,0.0005112560351698143,0.0006603668295973273,0.000773677222874397,-2.4916607383388882
11.066533597119854,-0.39971857478772843,10.95989138023194,0.23552533175933554,0.0062351018862689695,0.00041445664526902875,0.0016020707747788534,0.005883598424121692,1.7821214288565095
-7.748916944120113,0.40796205995227347,-7.592974317399529,0.23550045628170543,0.006069220885522456,0.0005305659781912247,0.0033036933554549818,0.03441360125926335,0.12237576794679315
11.053943462129224,-0.4013955964640082,10.95999297862225,0.23545334307093244,0.0016563433149640065,0.00045885888053943545,0.0010017083103873695,0.001115999688179824,-2.9558897151737846
-7.748546046255134,0.406517601762783,-7.593037264549834,0.23549957858151185,0.006150443258158719,0.0005459794577357787,0.002531058639589387,0.016849066213526803,-0.3727552922178542
11.061333503849513,-0.3964311995880159,10.959899613416829,0.2355027293801861,0.006010878310357656,0.0005270407106863132,0.0014274524708221524,0.004884821970579062,2.049471076644596
-7.747884921301747,0.4043881179081129,-7.592944925297621,0.23550326725802434,0.00607023061175021,0.0005592454757433897,0.002738799601571318,0.025796453905161644,0.5250153713960272
11.057668415572484,-0.3917237147143499,10.959967564935928,0.23548503737793558,0.0018915627291392876,0.0024277708004448767,0.001045214575178514,0.0016814563063697156,-2.14594478214799
-7.749465557931361,0.3966409935362602,-7.592954580978589,0.23552272010297975,0.005882643365137281,0.0008778133210170951,0.002178459720893097,0.014191643977311548,-0.3047793413832416
11.060400212445971,-0.39381274832061325,10.959868463693565,0.23550072965797506,0.005370808287417824,0.0008990289536983916,0.0012253843216297254,0.003751726197941812,2.319919368841104
-7.74464969094476,0.3993669277123316,-7.592954097475684,0.23550147094420074,0.005780157334736872,0.0009817890613875386,0.0015597820863566423,0.012161803308462213,0.26370488754542043
11.061726304295496,-0.3957475429975745,10.959906567476171,0.2355041601855295,0.005239047296764243,0.001072181941725856,0.0012532661213403209,0.0038524424904336227,2.206286884551041
-7.750392428006649,0.4035067631676699,-7.593028474602668,0.23551498312846436,0.006039366037499144,0.0006036616058129487,0.0032694522903571033,0.02899218100431187,-0.9626893838803797
11.0541018979204,-0.3943242522597752,10.959965306709503,0.23546450136136204,0.0017384135317020863,0.002366485251696159,0.0010448378282585248,0.0016223279444267749,-1.9133415800069444
-7.744510714486069,0.3975163644491857,-7.593028326929629,0.23549901633690162,0.0058299794995169225,0.0008825611668291677,0.002311365236630763,0.018067272082691856,-0.2299936150083277
11.063726633856716,-0.3983399179240911,10.959895113074204,0.23551361892359526,0.006064835743189218,0.0006620410165061399,0.0015235244044536156,0.00556233582670279,1.8777556690800303
-7.750974991730654,0.40569839615725983,-7.592966687299221,0.23551416015848645,0.006146695947383911,0.000495829863741909,0.0029848477649299975,0.02311481381949244,-0.6253443493100681
11.072697690977773,-0.42088654391474717,10.959886043667554,0.23552084792014116,0.006039794441947226,0.0007172633895144015,0.00449438410829983,0.051753454920044906,-0.4291883419963898
-7.748011943287082,0.40421782937878764,-7.593006329702849,0.23550199818379416,0.005936667795516555,0.0008004121036036098,0.004523976412223988,0.038040512505107406,0.25134614749796186
11.063716912426255,-0.3989990272422335,10.95986647607332,0.23551187029079632,0.006034206746239295,0.0002988414153924184,0.0014088118462912513,0.0048527776579714455,-1.085695250372771
-7.717972248662673,0.4035741186897383,-7.592936966064549,0.23536419820441887,0.0016731463970306678,0.0004553407065276019,0.0008677974401303081,0.000929820824828633,-2.802762441375386
11.06226917751146,-0.39669900200171454,10.95987044545608,0.23550761316500882,0.006055547206873807,0.000464643306192041,0.0014068787679684062,0.004902759637567657,2.0277627780287215
-7.74516018292734,0.40049191995138766,-7.592942287213869,0.23549873185703465,0.005936411470463293,0.0007449925424554201,0.002955800808677412,0.025329744993117475,-0.4204730951314446
11.04931951827593,-0.39266004915458763,10.959968916982497,0.23544547429069368,0.0015931817542745247,0.002647093096329988,0.0010919606285013214,0.0017925209153583407,-1.7865393053362577
-7.746811342556792,0.3997616129415116,-7.593055081217943,0.23550456555076177,0.005779546071937575,0.0009190080014946867,0.005118920356420658,0.051085453408411585,-0.08724744493422051
