0.008524700536262175,0.008483078646827211,0.0013298035169076446,3.188765258121942e-05,0.0004922892640020194,0.0005012592780189485,9.74025807857607e-05,0.0002568800874350967,2.03208115359758
0.012957478530332522,0.01508257897381743,0.0019578520841537386,4.927157618267092e-05,0.000798218756751941,0.000269604872669346,0.00018725629672682192,0.0007502606081918815,0.29505937380254854
0.006378439858102833,0.009761330716287393,0.0013362280316869353,1.80958893873456e-05,0.00021770546817972194,0.00026821606804595553,0.0002242679867095241,0.0008606190651017972,0.22853115151174316
0.01157367854469121,0.014243313639032713,0.002012287918122608,3.284989521427253e-05,0.00026956808975179685,0.0003710531452213192,0.0016173016909194406,0.0026240609585526527,1.3890116479349774
0.005907585724072352,0.00981818718402309,0.0013823758084926605,1.0349306537425799e-05,0.00021887151166540323,0.0002978055038379329,8.849740438935812e-05,0.00023538806620809863,2.152499454750371
0.009343024517783986,0.013901983897209374,0.001960935895356846,1.7455738616942593e-05,0.000925551514264935,0.0006132626904722425,0.002416902938118928,0.01753596379613089,1.4515206798288658
0.0069952532375105346,0.01245929878682851,0.0013425234100173647,1.6061776241479495e-05,0.0003503469441275966,0.0004293343575133867,0.00041232784334815394,0.0022632593704079804,1.5957138652091138
0.010088635615748057,0.012820967094871445,0.001987161666129457,2.9283005385587115e-05,0.00027479963150921883,0.00023739366571196884,0.001008178462236507,0.006287241111006743,1.415601210057356
0.007115642869357386,0.009724397751613772,0.001343040701756623,2.3253157489954728e-05,0.0002357667406471942,0.0003677569937632199,0.0003116303307084899,0.0013857169969220058,0.36097968070293296
0.014305400599447227,0.011667907592501671,0.0019757769854410155,5.6040612492149364e-05,0.0009234838218079523,0.00044061768792700835,0.0004999471831302251,0.004061458249336757,1.474685454100053
0.005998134774649157,0.010570690114458381,0.0013104074825629035,1.6044797441694998e-05,0.00046242281929328896,0.00022255148428973744,0.0001141243385093048,0.0003746408236688091,3.0246025379112025
0.009087613312740531,0.011417148910446607,0.002021139191973811,3.074922303561534e-05,0.0006018097190065667,0.00017264348545010163,0.00014392804532217953,0.00021492459183721112,0.22291106984942421
0.007570767146497503,0.01116236137375489,0.0013505525167174215,3.1183601035616326e-05,0.00017974906993878305,0.00013743269304960004,6.529045521997241e-05,8.015484084563618e-05,0.0617816358419475
0.010501246158830566,0.013571655351838257,0.001979936700960139,2.6168355715908058e-05,0.0002673759011207868,0.00042749446905023187,0.0016445581357855483,0.0036408730366464773,1.7077367157570342
0.006055796699278328,0.011031346014340526,0.001348059343787186,2.6700127647157762e-05,0.0005395150283804376,0.00037135616026379766,0.00011351989058248172,0.0003517171458681316,3.0223057712344317
0.009894755483001486,0.011751252689189577,0.0019465557956512137,3.323587904199348e-05,0.00030461393399839096,0.00045850396800116764,0.0018074232068507705,0.010180469011811414,1.682358111966474
0.005926827079227466,0.008935388847589654,0.0013330863960711685,1.7697370159910204e-05,0.0005198072131331009,0.00019770721134711,7.97989524048876e-05,0.00026461409940114144,1.7832621296505302
0.008499783024489633,0.011897657916879212,0.001983691245289159,2.103167976921705e-05,0.00033078167561029236,0.000489988536430512,0.002553628012071996,0.008473637784794423,1.3905143484888594
0.006773529453221928,0.009575931052012036,0.0013420094251618228,2.2675292887024477e-05,0.0002516827982160502,0.0004124493433965417,0.00031647434066385056,0.0013287610960483868,0.34227468616415896
0.008599452949790348,0.011684750991929827,0.0019950511468730986,1.9381913520891e-05,0.0002455795254454425,0.00035757127732736175,0.0026931250169148022,0.009486177088542574,1.7510852149973677
0.006762356337528386,0.010626867786416453,0.0013454780883812747,1.397815099599591e-05,0.000413324689610415,0.000315816516913331,9.39684243041183e-05,0.0002323359598542927,2.7263275600366126
0.009970289762375985,0.013887733131504801,0.001996326574967669,3.1319848836806626e-05,0.000427625395394223,0.0009118749057937088,0.0002234862914878937,0.0008209327056983799,2.0852733485825787
0.007124416433312143,0.011171006748539979,0.0013317416567799666,1.6985700779988222e-05,0.00022093567454001858,0.00029368694097080527,0.0002963502021296791,0.0012513465424081266,0.31712080561739386
0.009018255774106311,0.01390325290008802,0.001961781563063527,1.835838368836583e-05,0.0007540608466429014,0.0006334583004972993,0.0016711739582078917,0.007890097455298001,1.923653587452561
0.007349385880104066,0.009729407278350177,0.0013385159601936776,2.483377584151344e-05,0.0002502367506285921,0.0002764009410364333,0.00034403877682623167,0.0013302192461548655,0.3332219025337192
0.009921387644231363,0.013860535630146125,0.0019808330129969425,1.8999677557309293e-05,0.00032394544761805397,0.0003689671899718085,0.005386961793668837,0.025047473982956377,1.6427050479174987
0.007136664390695531,0.008984117791951117,0.001336516809479111,1.889790279783828e-05,0.00037992009846349865,0.0003027216408850437,9.346803431181319e-05,0.00035860265442447627,3.022033408582469
0.009971536784637875,0.01385922257546451,0.001958443456357475,3.468970762724783e-05,0.0005106823878102869,0.0007315582252724468,0.00215630584933013,0.006716743160967215,1.6482574511353176
0.005883203685513327,0.009484781306097546,0.001362668386515268,1.0681655740678706e-05,0.0004322793755894166,0.0005375604946659601,0.00012535584416342388,0.00038779608137516966,1.7840492781010515
0.010877081726552119,0.01289754967264357,0.0020159521669923376,2.7676577900172852e-05,0.0002537606388664769,0.00046211268710900195,0.0026274061284595907,0.012374611576395297,1.4641242646841726
0.007951052146751169,0.00991091639252208,0.001352194014982045,3.113955775392328e-05,0.0003784352545960651,0.00036894846678598006,0.0001297252985707249,0.0004771452750898919,2.4165224543630615
0.010967110475602636,0.016889868340377666,0.0019661915755406867,2.2988798384868414e-05,0.0009235229478773655,0.0008184953916860262,0.0006434995044632727,0.005456015237504746,1.8797254024331833
0.007258700122615216,0.009683713368443835,0.0013542485870746816,2.5460267432399868e-05,0.00041023657657202967,0.0004119074354874665,0.00010100086481437288,0.0004461451738052574,2.9800583021678024
0.008284965666597064,0.009505357630324606,0.0019477293534462543,2.070001281986156e-05,0.00023586493703970808,0.0004332183582174215,0.004197643678772521,0.013963158621984927,2.0351110790018048
0.005943528504723487,0.008940567019404409,0.0013318443415074746,1.5602801738830663e-05,0.00027550762498542586,0.00024616564462242343,9.714835601269137e-05,0.0002768834005553621,0.11602674814288678
0.009674633147206485,0.013006819614210307,0.001973182097123168,2.3048937183483244e-05,0.00024390374345748507,0.00038087881066081286,0.001535612818990425,0.006343174862962074,1.8768295538956765
0.00865800756372411,0.01054063471941439,0.0013149083193942927,2.4216866520887087e-05,0.00020085459429548247,0.00032987637123887183,6.954994341769742e-05,9.651554785803702e-05,0.0915454513670621
0.009334501886927526,0.014987783692213204,0.0020215504385451993,1.646473127774354e-05,0.0005316403349298681,0.0002736798076221662,0.00011883330596510513,0.0003785999502786506,0.8164612616754942
0.009244770312402593,0.01081349633948937,0.0013039467930223568,3.828932502343504e-05,0.0005119708694649921,0.00034127384179705807,0.00011385303083252002,0.00035054738924780667,2.9347707754180417
0.011280199858870167,0.011337971362593057,0.001989603396337036,3.3252475352982867e-05,0.00032497606135841497,0.00048544252685361357,0.001920278797315204,0.00968669706790915,1.2736476106857277
0.007053583551005447,0.010636823531521618,0.0013626765531949184,1.9168438781173406e-05,0.0004123229405994408,0.0002880371068605078,0.00011733888719897248,0.00036927461850024554,2.9805641869288713
0.01159106507226599,0.014173786113497323,0.001978665494585839,3.502727464673789e-05,0.00034778501340366027,0.0004559708039547984,0.0001493385324602733,0.00030842534702686723,1.4434763965324005
0.005849593320938201,0.009522247540743642,0.0013510238023409398,1.1987536900225094e-05,0.00045296658812223934,0.000450840369506763,0.00015445019597635373,0.0006142433047621397,0.20398154268591812
0.009626123132138073,0.01067199838709971,0.0019785120862150733,2.9516984714536362e-05,0.00039705197739338497,0.0005414662680717032,0.0021434932654848,0.012267496490209145,1.8302524569636354
0.004886564569431506,0.008609600372264036,0.0013055868133388083,1.6738612233932572e-05,0.0004927541539049567,0.000348946957573721,0.00010192907093621967,0.0004222417499594942,2.999553118516597
0.009656560175840186,0.01290758401808921,0.001974702784463018,2.5984191007663358e-05,0.0002614281530452296,0.0004371035097456031,0.004127543711092335,0.021234835466279862,1.3733464740747403
0.007912190199321295,0.009959449123006482,0.0013616226419898702,2.6504999154482786e-05,0.00038091219665021555,0.00010511429550457954,9.190900431749693e-05,0.00022078952894966517,2.8662634322364333
0.010629539931069892,0.016825536510119084,0.00195153544518655,3.60226883870122e-05,0.0013951424624956575,0.0008984837974863292,0.0006481552382263508,0.004113275337214222,2.255588798443412
0.006921598660840777,0.009528649698919377,0.0013362455214222038,2.2230977678300574e-05,0.00023061855309894144,0.0002742705650597827,0.00032954974325852883,0.0013607136270188738,0.353106880773661
0.010299355057071951,0.013414338300288804,0.0019425545263914244,2.2555704831772462e-05,0.0014127855889726534,0.0006676433110481993,0.0012623842899367726,0.007162701622002784,2.3194298575495194
0.007303475462830848,0.010145970370073632,0.0013451586202023736,2.1570543250206286e-05,0.0005131770753629515,0.0004908353924193401,0.00036241786643158975,0.0015592484016261736,0.4353745994419432
0.009979115073306193,0.012537938571225404,0.0019590939077708926,3.0139493780938972e-05,0.00028330279206789096,0.00043855307803773003,0.0014644184994759715,0.006053183782624001,1.649208487815197
0.005391121011345256,0.009485851882501232,0.0013107468064463472,1.237150413561017e-05,0.0003036660456578584,0.00039828891193735306,7.496447615606673e-05,0.00010957198907727817,1.368553663224982
0.009715755995406727,0.01218354603131572,0.0019210482468003652,1.5704152282739025e-05,0.00043848766590287726,0.00032819945600282317,0.00013000161777849275,0.00028152557399698674,0.5290791157123147
0.0070747079988058145,0.010044046784500637,0.0013281180029668601,2.936399432657666e-05,0.0008920941972006141,0.00031909476936201747,0.00025628633289083934,0.001368320335124139,1.7612760673021306
0.010736647585544743,0.011618867595454257,0.0019769139081381526,3.341716210062315e-05,0.0001931239162063203,0.0003157720781946211,0.0016534261329735145,0.004780263166242314,1.7209272177900699
0.007169590809407769,0.00923146852603949,0.0013659328764023318,2.108915315906712e-05,0.00029312683987579337,0.0004827299099163101,0.002123473863163909,0.009910232356157107,1.9110877691742185
0.009268233750665543,0.013210684695911398,0.0019731761834925047,2.4175918473768166e-05,0.0003355909552672461,0.0004958019049271367,0.0031790835978474995,0.016233678718294762,1.9987485858290288
0.00592900344836851,0.00957526530769284,0.001354029525247909,2.0203140146958708e-05,0.0003742019867952108,0.0003629658614914486,0.0001109497395752501,0.00033860913876524964,2.92423280861594
0.010285160825332061,0.01372308581373364,0.0019993169187018057,3.123150886842665e-05,0.0007159305049815598,0.0004795666779977115,0.0010113090201935534,0.005460985382685503,2.0503018089046767
0.0065642670966537505,0.010597909900259727,0.0013672037513454715,1.8580156023827747e-05,0.0004821929356164501,0.0004647218437144599,0.0002582852629266191,0.0010449759715641842,0.32991432030777257
0.01057806180143179,0.014826512732584916,0.001964032690007819,1.3693039132326839e-05,0.0006185345267463369,0.0004421642918722611,0.00011907030109229562,0.00035609052093702484,0.44440993126506706
0.007277129440889955,0.00992646990871801,0.0013560467286561555,2.1289064073899685e-05,0.0005661181446978108,0.00029821285454454603,0.00014114104031819183,0.0006988594802743071,2.740781877391831
0.009323927724948139,0.013272648287843922,0.0019690780197882066,3.11093744229559e-05,0.00027568952421123954,0.00042936899296437957,0.001839627445431355,0.005982781490614387,1.876301292592418
0.005460862508882217,0.010142995600143326,0.0013286412733307638,8.788486955605267e-06,0.0005279577789060712,0.00033470040417804087,7.819257517490191e-05,0.00015905646584773918,0.10806676097478689
0.009683248151655634,0.012621522156764892,0.0019807737645885174,2.816741726130798e-05,0.0002923965631264673,0.0004172230444946842,0.0020043956183975883,0.008952842983383164,1.7640258840680965
0.0076888522106532305,0.01126431634555581,0.0013700978864038618,2.4158045199339874e-05,0.0004005645577716011,0.0002817261617824103,0.00011407299309791058,0.0002841984946894991,0.13123128843736825
0.010250050276279291,0.011813715542905582,0.0019453816471229702,2.5900415470363648e-05,0.0002441951044516847,0.00040919814285772407,0.0017021067983214874,0.007269695792025652,1.5819821012781115
0.007668425722022661,0.010370690569393761,0.001325145372424196,2.9843871247233116e-05,0.0006818413275122965,0.00030064379077071704,0.00020868900123833506,0.001010290035156731,1.4718797821880114
0.009162185924954505,0.011803505948213748,0.001816420045489603,1.9952271810595375e-05,0.00027009530570808817,0.0002835916535388469,0.00015372917628955144,0.00022026005255327028,0.16545645800478773
0.008451424121884288,0.008605802568490669,0.001352289650789637,2.9901601793392395e-05,0.0004180767798000802,0.0002563560452092095,9.302677976192178e-05,0.0002579710554423932,2.923205180059392
0.010919707597092335,0.013629797307795144,0.001983277688652608,2.7722336848503e-05,0.0002544069542380095,0.0002810085848761153,0.00016362736418219065,0.0002629711678510485,0.20788622120792655
0.007905291221299692,0.010429423969647432,0.0013333821030572137,2.798125550957167e-05,0.0004900334731943067,0.0004837891503741296,0.00034175079578423184,0.0015915836314091027,0.4608704776425259
0.011941367425026793,0.017197952756054173,0.0018763025361886727,2.317242179020329e-05,0.00028283754914315014,0.000226689217572049,0.00018223675035848578,0.00034013012234988333,0.36168218008710634
0.007391331514789334,0.010537095907506538,0.0013460960990110042,2.207763227186302e-05,0.00025400679016128464,0.00027267300929261423,0.00031902286001904054,0.0013894761016539868,0.3613855294660095
0.008188730884451153,0.018489149558242872,0.0019435836699041328,1.7520450071272286e-05,0.00020241027705399244,0.0004299040052148538,0.0001981430423162278,0.00038710425051488026,0.879459539986578
0.008697149791488442,0.011281930365529455,0.0013488518494666289,2.9482324032574803e-05,0.0002662327688066223,0.000299600277555472,0.0003290601479121092,0.0012722374184440932,0.3337138203179668
0.009392037687601086,0.011181986532173144,0.001987110251090779,1.9611144405030023e-05,0.0002637292448874779,0.0003777131731358555,0.002221567629397565,0.005645318493980039,1.2783791678938163
0.005113439482466891,0.007876768869834905,0.00131937515736445,1.1928431834603844e-05,0.00014159435184539894,0.0004082392606671092,6.690652008297907e-05,9.909810931638145e-05,0.2069542056226961
0.012760395264665682,0.013033353022057012,0.0019534315877645773,5.329252900440904e-05,0.000194375137390317,0.00035326647868320416,0.0017702865017635923,0.005520382287550175,1.7396643255280888
0.007871192167261983,0.009845195012366892,0.0013480638067129465,2.51659539674972e-05,0.0002760362067952053,0.0003556790785559826,0.00029742291752580136,0.0012595225672433182,0.34159795245256785
0.009953372591154272,0.012312757783437302,0.001970488694027441,2.9427206074302192e-05,0.00026760966872704003,0.0004202491347235912,0.002127838219091252,0.01178540053977226,1.79833931537433
0.0062629385942200395,0.007832731197364802,0.0013479451514308322,1.9382094164829642e-05,0.0003739613066091206,0.0002460711883707019,8.274646559532072e-05,0.00021032220509737293,2.1547312367081575
0.008871903290899007,0.012165403502479386,0.0019825520471880905,2.652660492852591e-05,0.0003575254821825624,0.000488211739431648,0.0016470363295680048,0.005427060661182229,2.0059408271239967
0.007107942655553093,0.00975282507944426,0.0013496093700105813,2.5398546917452136e-05,0.0005394398786121283,0.0003829425647007546,0.0003019633559441502,0.0015714124588478355,0.7832472547082135
0.009451404150349918,0.01300137754144985,0.0019673327009949964,2.4716953717109134e-05,0.00027412449986522825,0.00035385739015238496,0.0014531962654656646,0.009603326468902138,1.6696395023335824
0.006960503147933499,0.010107478447767847,0.0013428400106029323,2.3934495764504463e-05,0.0009459818675922411,0.0006058465140337982,0.00034104813091064045,0.0016852608138641272,1.0811704438067764
0.009336765495473449,0.01130964586757132,0.0019696680800637537,2.4710644409579702e-05,0.00030749694575757304,0.0004623482573515537,0.0018085394955760729,0.008899206657278684,1.5413962264258871
0.006238676436133936,0.010381042897453542,0.001324844423880355,1.3970143311769498e-05,0.00041194971039146266,0.00021092752288098872,8.450987341062564e-05,0.00030631602540405635,2.3108402866308797
0.011698809590452983,0.01103795101163576,0.001953770588745615,3.5681456475079415e-05,0.0002989739662324189,0.00034422680018924196,0.0017178606130200233,0.009322780506969238,1.972675895779581
0.008034546000809386,0.010333149764283359,0.0013443284721172833,2.5639194674965692e-05,0.0002807239039149223,0.00037140351957274797,0.0003145959288480166,0.0013791170629087158,0.36537623842417954
0.010270181806503081,0.013259795898619123,0.001969406778167682,2.5544189242150736e-05,0.00029137855424043714,0.0003451381125615738,0.0017415176447942687,0.006768713422518214,1.7787420832511178
0.007198983084450168,0.008229767383319653,0.00135204688156985,1.9171178917119174e-05,0.0002276297503715167,0.0003889815495423407,0.0027387843020518126,0.005622582225310884,2.0664763653072122
0.01023657702012725,0.012704766817108519,0.0019306931762565402,3.0104742478650734e-05,0.0002844126626566595,0.00043641482196657725,0.002832783471238104,0.007382048244345917,1.275499217022749
0.0067667143382902075,0.010424686044397691,0.0013486749563976707,1.8601105293351888e-05,0.0004077526879248516,0.00020115273470574024,0.000386782902524769,0.0017526040059291006,0.46556935701038027
0.011282066461743477,0.01153029029853359,0.0020146616585167373,3.781166118779827e-05,0.00018894144087603626,0.00013468846678288822,0.00012007054310952616,0.00018883052045901401,0.14439379516487863
0.006676482680513239,0.009829911957213496,0.0013358029402017228,1.91878015500247e-05,0.00022954014656325172,0.0002735840763220211,0.000309640851844729,0.0012453041996392331,0.3440083312135749
0.012464427197080572,0.012325823182019673,0.0019442511095685874,4.2125730515896636e-05,0.0002528660853126833,0.0003988381596531237,0.0021442062582236647,0.009357641821566707,1.8284135796404828
0.008023762546177437,0.009328440097879845,0.0013340968780203852,3.26608645588323e-05,0.00038434144103760695,0.0002674608978787099,8.721576193877694e-05,0.0002815074056622403,2.443511839007816
0.00997380718500999,0.01051038876846808,0.0019921680770404056,3.0226162357273352e-05,0.000276588537765611,0.0005043954355674398,0.003428083168503311,0.00892305574507085,1.760283035132293

