2.728434709376121,-0.27018069861209437,2.9307434182752807,0.23545886204730165,0.006242710925780361,0.0003958136061842493,0.001174402210174618,0.00900927888104424,-0.06371838104841897
-0.5647853313196957,-0.8063466413221018,0.10012888862927738,0.2355108345072392,0.003983607402811396,0.000606551733825704,0.0005850988641699496,0.0007404493476575051,-2.7602290909816385
-0.0585138233092426,-0.6165105205681468,0.5163194636999167,0.23539206493886392,0.0024702067110910215,0.0012880347605222899,0.0008419988750175849,0.0010812484998129921,-2.7996937408871587
0.8463085551792207,-0.30065293439869456,0.8465561273900578,0.4999308196724757,0.006775300885177439,0.0007196085972008282,0.009330361424201085,0.009554557248021688,0.288662632840304
0.041942310689821086,0.16930424159889643,-0.02352854896231634,0.23557956697049348,0.004057508943718804,0.003297831261958938,0.0051830362714203465,0.043763998602769125,-0.31261891339171677
0.11192934944691406,-0.011599257121837406,-0.04950303260831117,0.23548291612375624,0.0027973918001386907,0.002678081323975508,0.0011519897108267626,0.002391610986333036,0.21748001311150592
0.16729118150572486,-0.12823406912215224,0.15691493654380115,0.2353277481227474,0.00587458530159482,0.0006695547513790193,0.009023826921681632,0.0347006867693566,0.006455521028267128
-0.022071250236896097,-0.28578219555862294,0.04490799952413717,0.2355120017517536,0.005493744353052702,0.0016167964867140222,0.0025163343186573165,0.016825975796541617,1.4761216644005617
-0.1274734062713886,0.04409174644774438,0.054808548555069274,0.23562678182852537,0.004644227184762045,0.0028194314528822537,0.012144128264377177,0.04592399288089659,-0.05222363483504026
0.04351312331088349,0.29285437973022804,0.0394520167066356,0.23553864919621337,0.005898751462128181,0.0010900931247816428,0.0014637700047422184,0.011367207329803945,1.4494206421755642
0.1785712991316563,0.0218068860828641,-0.0028674761754871572,0.23546346124166695,0.005341313500956094,0.0006067356077776905,0.0011499689050091834,0.002595781410215187,2.0718114053295595
0.05570347113499851,-0.2856466426797312,0.02162792381456837,0.2354334930706906,0.002141676277895193,0.0009385619726491638,0.0009112210909608437,0.0010779686966764014,-2.8500637429749003
-0.09065262730894574,-0.09441699158867113,0.06903289054230172,0.2354205645464987,0.004790779959843238,0.0022128920990446017,0.0020874736167869994,0.011929412366095864,0.11651798714668529
-0.00503577391525198,0.2606261557328513,0.07031978007501236,0.23545454778917035,0.003673371803772969,0.0015261208153593462,0.0009620867057031238,0.002895312519159089,-0.9327516111529015
0.14647742823907664,0.16449833981964151,0.0039441154079902455,0.23544184723679878,0.004770945408649319,0.0016479472307733482,0.0013991957525198721,0.00401871364634486,1.1443111800016181
0.1454434743747081,-0.21186889248929255,0.009989953804065282,0.23559741878625534,0.0063985430372594364,0.0004271893624534692,0.0036107259425114217,0.027222057202626163,0.5010558372008947
-0.04065970974265701,-0.22378897793835,0.07352968683957288,0.23537233106821556,0.0029619312799914897,0.00022563652817474947,0.0008882736045384028,0.001178537640530682,-2.761628454389302
-0.10247535823396142,0.13314344576833906,0.06129572994538624,0.2355950858842625,0.005631851324050274,0.001662523221264438,0.0025244081364700086,0.020187430365639913,1.431642093701729
0.09128768263999827,0.25953948481977224,0.024549411176469204,0.23547877394418795,0.005942068672972676,0.0004762226220269796,0.0015574646879390978,0.008760989361735257,-1.3428890905760962
0.1970666310303549,-0.06055296030745353,0.019183790061212378,0.2356356331216847,0.005863756097491442,0.002150092616291092,0.0022257087935183472,0.027058109004921553,0.5206024119020433
0.001521531800273723,-0.3058029486150179,0.0336013129618413,0.23536650103829587,0.002653514887938512,0.0008236089519830454,0.0010129732484723973,0.0012623903566863117,-2.769521240012156
-0.7090232686925428,-0.06542656994371109,-0.6420458612419113,0.2352289378534861,0.005443228204541314,0.0009452878729077702,0.0028601663979046766,0.020218144011774505,-0.49261492701906273
-0.1306053948029946,0.11561666658667887,0.025150961289122066,0.2355726414492314,0.006362742213881498,0.0005020195240865862,0.0009492994028640408,0.008363795090441118,0.45977410678224456
-0.01324340762992737,0.2140290763145504,0.028744271047409637,0.23572902248485397,0.007094627772896442,0.0009491189543695871,0.0090746379395805,0.0460401937926481,-0.3947887970083207
-0.7459947571752041,-0.21768658833616125,-0.7366763811029274,0.5000689721669052,0.0007405981782744436,0.005438683456092147,0.012700020075801509,0.013940091848743305,-0.7965039569407366
0.42992614026815135,-0.9765760682662058,0.15095339916433667,0.23550886675354832,0.002546669772385906,0.0019433412108387153,0.0008746249651093616,0.0013125078135585303,-2.4885379053827625
0.24970562414074166,-1.1653457741986393,-0.04593375496406788,0.23539977220350977,0.0007211836484821929,0.0026387780084159715,0.0009645935712002573,0.0013369843836233202,-2.818947783464455
11.058138513260783,-0.3977038908334887,10.959865175585339,0.2354878112019257,0.006038618861200316,0.0004336277196759744,0.0014108613172554346,0.004920068371241225,2.0388005489625494
-7.733871059313052,0.3969820668364707,-7.5929339799905415,0.23545177665458736,0.002636512114426826,0.002053700799550412,0.0008201875331551748,0.0013603192476418988,-2.3893256882976197
-0.3562325030021803,1.1364277346623934,0.0028577651389799347,0.23545560443755092,0.0038262160691080924,0.0015893212411452779,0.0008222601211704391,0.0017401467631489515,-0.029039385686400087
-0.11253487526745014,1.6138213709091107,0.3304351913052024,0.23543752268091014,0.001726389762129539,0.0023471003188295855,0.0009614283468599881,0.001490818080199142,-2.5377386122935275
-4.923465822019967,0.581844865984784,-4.719373555440188,0.23558486121684089,0.006248035670968378,0.000495776655316372,0.008058381612567651,0.03754539775797512,-1.564124780256892
0.07076786631043457,0.3445216342871078,0.16758276411205575,0.23555417836767292,0.00654461212654932,0.00043866786496760926,0.0016936958304830103,0.015500708713691065,0.49284898987573145
-0.0835359525854375,0.37883623513185616,-0.018927353354811827,0.23559340913817525,0.006324241713065545,0.0006619894892416148,0.0025182457179149065,0.03213975093605485,-0.20367186816019534
0.08869214849385244,0.21514874727976047,-0.03930563097319009,0.2356019199578176,0.006371221940178598,0.0007623311155512254,0.0032109633616921747,0.025118217038769056,1.0318391743448563
0.0676926786095649,0.00025473149623740144,-0.04167443573063183,0.23539126465141608,0.006804240011684081,0.0011600376196258292,0.004504519678579769,0.03459072343993499,-0.18355012951611166
0.1513410035138244,-0.23237176879921578,-0.009014710747675504,0.2355221907814506,0.006229959860278885,0.0005961054797476471,0.002788581375909908,0.03544018197045437,0.34166874830088834
-0.11820350134657123,-0.17515839741375494,0.018490168483682127,0.2356011338142693,0.006671749331660327,0.0008487638290072467,0.0023732252206077283,0.01991381334501171,-1.0621111745594622
0.08998171464450859,0.18530679766790992,0.28234662808393735,0.23549414612831687,0.005940253637502607,0.00043624727424732603,0.0018654080578867998,0.013249379294390155,1.2944566912048348
0.1264741767585772,0.20276885897067698,0.034405801370801126,0.23540461080442576,0.0011789075550280703,0.0011314119413491234,0.0010381908956879555,0.0011371933862214868,-2.8706089281415603
0.17255933661773298,-0.12768601695337398,-0.034001519666894305,0.235423069250641,0.0033591526939306246,0.0007746049079674994,0.0008643782875806856,0.0013894103050912242,-1.5032897626330513
0.0343825515280508,-0.23056803489360925,0.04740817622633741,0.23564386519095318,0.006464465726025466,0.000474523390506372,0.0016113066307911245,0.005253943721344722,1.9785125415904514
-0.15261327730482116,0.05830034844628601,0.06802078916018191,0.23552715176878686,0.005940306526206367,0.0014817706063770036,0.0029208457676126193,0.014281018007646265,0.71831146691276
-0.043704541232611346,0.2588059587323856,-0.008280786557061003,0.23556879958403257,0.00535784597951566,0.0017661882332928723,0.0016618232179458818,0.013835393256896086,-0.2804095624076412
0.17756633797707605,0.012660254691196367,-0.017132179329435757,0.23548427579488856,0.003338416745252303,0.0004915381187084067,0.0008932599243709171,0.0014476894125246562,-0.884414181858404
0.09415424618156197,-0.2734911194939485,0.011015572381850615,0.23535304229804435,0.0023378917385119646,0.0016958937675827575,0.0009164216386631917,0.0012245495392147665,-2.764268212124108
-0.14029871770210559,-0.0985673930832872,0.037291435872703074,0.2355516638715949,0.005970644433054644,0.00032747279325203734,0.0015472556455530613,0.006465141387004093,1.9085692370367155
-6.162484274598245,-0.008118797440562152,-6.188850121681402,0.014809515994725365,0.0005436829943529979,0.0006606227462082544,0.00844755172384212,0.008975773468466714,-0.9691398708574693
0.10099896532357576,0.15765355650194188,-0.015138650520054262,0.23555229891680549,0.001435997445051616,0.0014389235288897442,0.0011001429066215553,0.0013579733565398664,-1.6480943194173185
-0.3569573550145477,-0.004574020204239524,-0.47353971487207036,0.23549263437831575,0.006081321489649284,0.0004096232474412108,0.003311959217342257,0.019535457657049823,-0.5106961821807109
