2.730355508055087,-0.26970061465998796,2.930672617510719,0.2354669641752551,0.006232343598421558,0.00035117380361482484,0.000955778791117977,0.006962878337530903,0.5253078819686305
-0.5996342929485562,-0.7513445934694183,0.10065131591510319,0.2353734524749195,0.0004951225275278004,0.001628818343700215,0.0009191364213863306,0.0008739079790313646,-2.6875272754476023
-0.06475517745422783,-0.6145263549030273,0.5164459406157464,0.23537843943967415,0.003700962588584365,0.0013087040695247273,0.0007809487375790456,0.0013521860888768985,-1.7616228888318943
0.8456653767853818,0.03942130022585833,0.8467241035505897,0.5001123454667586,0.0013926814241558025,0.0004445660137530795,0.02152617113644661,0.03707894073119676,-0.17202433406144363
0.04040668418293682,0.17733196552538144,-0.02354208817487232,0.2356197852970406,0.0049291578704931845,0.0027508423943451155,0.004083210807910293,0.02816057134743974,-0.6918039979345969
0.1257304260509439,-0.0062862509896789215,-0.04948282597242958,0.2355597842764058,0.0064631411693357585,0.0004375282127809452,0.003989671555893266,0.02930357941024853,-0.46835741440989376
0.1558955938319984,-0.12010281015239506,0.15695748130682113,0.23515761712607364,0.0058209601656552265,0.0004325996828967391,0.007824962008594737,0.04755641699677545,0.023549759508130687
-0.041481124202985546,-0.2744759125799129,0.04496165938755838,0.23535996664520134,0.00113131787066814,0.001844740702589137,0.0009468584327789563,0.0010998625080211096,-2.7143223119062494
-0.11519506709087478,0.04954823189224765,0.05475591254252374,0.2355307837231813,0.006156754346552277,0.0013880755522062878,0.0018905335772914946,0.006867611087079124,1.4937052399276578
0.04636856739431136,0.3021552285413468,0.039421475596470024,0.23551409781942298,0.006054254869177758,0.0006364608750619512,0.003203957812427478,0.03191577819362042,-1.0440356248140132
0.17978545165529108,0.0254862845184995,-0.002820537916543797,0.23550232271131755,0.0050183577568908965,0.0005265998656330169,0.0010658063684218652,0.002242016087728311,-0.05561177831521949
0.07050539856249985,-0.28801522180353833,0.02163505931735267,0.23553750502252083,0.003204596628547404,0.001843119405613254,0.0007628433806880239,0.0012506677975011407,-2.5492370579179613
-0.09124847021358028,-0.10084692655722378,0.0689750894383958,0.2354804548175506,0.0037991261189307124,0.0027611067362706856,0.0009279139803414334,0.0041298639283411055,-1.2951151684873183
-0.01870652998238985,0.26735747182574865,0.07028482730787515,0.23553289796853094,0.0059582955592341995,0.0007822005179307143,0.0031113726964950897,0.01628411681868846,0.058750197808589255
0.14938294299346164,0.17765993071222083,0.003959185052302816,0.2354958798796317,0.006718823682280383,0.0004950858134922355,0.002127530463265063,0.016132875631368494,0.6746895055391956
0.11284654648534231,-0.2178025874696066,0.01002645745912302,0.2353375336622525,0.001191389422973332,0.0016900623451019633,0.0008130986634285235,0.000855189265760153,-2.6371483214439135
-0.04041537537045211,-0.22118869353290055,0.07340711263553967,0.23536735524625158,0.002632098508510231,0.001881019442093689,0.0009694604262647672,0.0015090582696683666,-2.5950278053158904
-0.10951484703508473,0.12948552334455146,0.06134424529428604,0.2356720635821841,0.005538207536729637,0.00202911774703584,0.003023384906921933,0.02649812883025714,-0.8109215215312711
0.08965222852950026,0.2561837716956521,0.024582443845795787,0.2354871513256357,0.005679731023613204,0.0009047397669576998,0.0013651606274794979,0.0057538298945126265,1.9960880998401158
0.19803598719277707,-0.05702784671747202,0.01915256665282637,0.23568091551284218,0.005739457024902045,0.0023484212585658934,0.0034549083188515433,0.033536994980284056,-0.2870788552057113
0.026803367252971767,-0.3189532631396247,0.033545629244045624,0.23556546124217978,0.006676387400838516,0.0009534655712101833,0.00485283795688853,0.053043346976843174,0.8651170458800795
-0.708338038702473,-0.07294717830808715,-0.6420225088152862,0.23532556977764402,0.0056512941999842725,0.0006352041539522004,0.007223710880889709,0.0349528280895174,0.23022816321903136
-0.12000672769409454,0.12583569027872402,0.025086999829904096,0.23540674608161294,0.003938417598045434,0.0008321719821089398,0.000805897027252907,0.0013207878057446974,0.28205548467585284
-0.005364387230796367,0.22233989467355436,0.028741646992582984,0.23563424577005124,0.006904240499994473,0.0009995816286892955,0.014346868541309067,0.04992406503817778,-0.6177385044646369
-0.7523473071141228,0.20614179780633746,-0.7363836695222977,0.5000934077191357,0.00042392875899261145,0.003646524683616872,0.012456215511399856,0.019768378357929342,0.14952729822523034
0.44185794940646933,-0.9721805689773039,0.15091021986644354,0.23553618418368996,0.0021940631305633093,0.00258212605143832,0.0008584611891797463,0.0014038395828905052,-2.847516425882855
0.26892214104862605,-1.1929199919800288,-0.045856919858702556,0.23541440988009185,0.0029200684869431924,0.0019359099520714115,0.0008311359337788084,0.001526838534586681,-2.5100284610179147
11.072749376926772,-0.420487431054847,10.959867289676152,0.23552539039902345,0.0058990402973294305,0.0010355951944792437,0.0027496697165108083,0.034336800919862874,-1.048147393470493
-7.722361693301547,0.39773583027814047,-7.592954456255606,0.23540241756836136,0.001456161036910756,0.0023380939274108377,0.0009058575016207567,0.0012477272781268153,-2.69949635148205
-0.331232300651344,1.1357314842090904,0.0021800512563999804,0.23540922605762657,0.0010523171508323068,0.0025535339170486633,0.0009736921996795121,0.0013900517994886465,-2.789476093945052
-0.1578641712982039,1.640184893995465,0.3307753183832121,0.23548113892073097,0.0015664702446582602,0.0021729022005478344,0.000912191990404454,0.0012469103155473376,-2.8688819324278665
-4.9321182513376725,0.5969168859753672,-4.719534222273853,0.23560101130784444,0.006099658897207957,0.0007708614859540436,0.002636016675748554,0.01860177615363289,-0.5811565709434424
0.06809816521556182,0.3399563997415352,0.16751726665612512,0.235573593313374,0.006464235427453201,0.0006592951092097787,0.004073386415580277,0.02642713995050325,0.20472430297898236
-0.054695752869590275,0.3667164109826476,-0.01904920981861799,0.23543819483677855,0.0026375092706151654,0.0005497336226198026,0.0009703444517997449,0.0012416094961835609,-2.8230227754619848
0.08592990129943871,0.2118173765542403,-0.03931416388279335,0.23560623311063789,0.004513043244617686,0.0009161257229416216,0.0007085773205701689,0.0012294634451928013,0.21618095030132373
0.061136198120808526,-0.002038660864922686,-0.041673312604083454,0.2353590765046516,0.006109634437123491,0.0008800732087236076,0.003796887165960292,0.028519663132138065,0.31224860000318466
0.134897154304578,-0.23093893961200238,-0.009020310081665114,0.23542175106465996,0.0033700677268963773,0.0013067300052570948,0.000717427356822281,0.001126815920093944,-2.6865798454287058
-0.11450660874761348,-0.157285388518948,0.018597317150438,0.23551354795823154,0.0013678329604329181,0.0020157854700924723,0.001134153854422842,0.0013893712725336006,0.17376782517519213
0.1028981510582553,0.1894502019759043,0.2823273479099593,0.23540186816157685,0.002421957587676938,0.0002562881405706302,0.0009231145337156789,0.0011725037034898216,-2.673847233098483
0.123965889930406,0.20496681277416282,0.034513082044615465,0.2354390984170859,0.002953397871604177,0.0012104832572993787,0.0009578258813515684,0.001414699086126041,-2.471985595887893
0.17880253153543044,-0.12391272739273722,-0.03400743125755942,0.2354753833919175,0.004900192797607887,0.0005093937269041275,0.0009204398118120752,0.004479621547428802,0.7974158542623564
0.02901842815731794,-0.24293239308425327,0.04739694154269623,0.23559984644010298,0.006026685051926105,0.0011497147475821182,0.003690439633741859,0.04370063918795779,-0.5939924192494952
-0.14346727869485984,0.06981745598941552,0.06801212528148391,0.2353979897258769,0.002111791640289625,0.0019229805740385423,0.0010791147708830798,0.0014990745709149785,-1.0068328925927386
-0.04019751338200314,0.26150516237986493,-0.00839244171634911,0.23552911456043168,0.0030371233634268607,0.0019579686240564086,0.0006960341053563775,0.001195541913902836,-2.139639176891279
0.18514668687967342,0.015610764305244086,-0.017136744499911653,0.2355103981997205,0.00564691416372488,0.0005817275564642371,0.005232669669429014,0.04253333736173885,0.13306231776091898
0.10061710296049776,-0.2690547370439734,0.01087113280962864,0.23542057354923174,0.0020232528453715507,0.0008116308977228987,0.0009253447022115527,0.0010422339431039077,-2.839644832199415
-0.13903424274379322,-0.0799906037328041,0.0373485038618805,0.23538488730559587,0.0012561428281521402,0.00025227054129738763,0.0012582140461295124,0.0013888354705961304,-1.5108762445586432
-6.164788326713589,-0.001552623603006441,-6.188617209342359,0.01495728851677159,0.0003223185629599066,0.0008187722519493559,0.00898869544170046,0.009459453480281205,1.8485951289900482
0.10253921865134014,0.16803109489423954,-0.015160243239037731,0.2355999536691266,0.005569416603576647,0.001276101055480985,0.001444594296478912,0.008498813816345801,-0.46682049433643724
-0.35646153970215205,-0.008132744344616862,-0.4735136824091508,0.2354240523864313,0.003743681360107417,0.0007472124463461212,0.0012007384350738366,0.0025138259342837605,-0.038289818530477415
