0.007092445119060899,0.008624553652086961,0.001324180656451471,2.4644976808108236e-05,0.00022197473594036797,0.0002429383598925846,0.0005814857306538368,0.0029696209073950416,2.029747319769724
0.01578892668160871,0.0213043019770612,0.003668207982899403,1.6897295890210243e-05,0.00020770314149548091,0.00028164154433646697,9.593871040563714e-05,0.00017049737421780722,0.12281061123857426
0.018042004835861453,0.023247950293039995,0.0031417414120695473,1.6444931215180688e-05,0.00047444698813701655,0.0003833493323299053,0.0001617851175508942,0.0005226863471138456,2.3066386737052724
0.012282392253107339,0.07119949737372859,0.00414982192183555,2.2511484806396805e-05,0.0009158540182325688,0.0003757792725142442,0.00896929979095306,0.007575573492361934,2.244100691890099
0.006453244640073334,0.008538370388201778,0.0013906121429974713,4.680398923247118e-05,0.0003671743323589855,0.00031428442140554784,0.0030403674679309128,0.007260141362835558,1.7638586174188013
0.005808279483065499,0.004642334306170267,0.0010720956793073522,3.236833934970311e-05,0.0002345236237259646,0.0003294608895516943,0.0026209864593067962,0.00712428401749804,1.598748745556415
0.005656084277254198,0.008084764171954749,0.0015547723866652255,2.5974468436775774e-05,0.00048463656642663795,0.00033530395852828963,0.004386645010292797,0.008559639465414931,1.7720908233086354
0.009072460853186925,0.011720054669329913,0.0017329013500917284,5.007242452652238e-05,0.00029251600675055106,0.0006928415997073594,0.00015433150253237578,0.0002675929483266489,0.8345313886619001
0.010343858206436159,0.007087226410304321,0.001306257381081936,6.675823826569785e-05,0.0008475230408692757,0.0007878593363538096,0.0007656852644092681,0.0028297657913672956,0.5873280132258095
0.005228050136165732,0.00803022179974123,0.0010673183956985848,2.319828323232094e-05,0.0002950314636947311,0.00040687114075386115,0.002038270828734348,0.003048255638897607,1.8525467427338318
0.006608878965595352,0.004649378677044216,0.0008599585696187856,3.607976651871957e-05,0.0005610206002070099,0.0005653536344802306,0.00023241915466423635,0.0006654525917605675,0.28310868417731155
0.005681783058597247,0.008737430632261777,0.0011179125322352233,3.682348331675598e-05,0.00025288385405253727,0.00040409938687667625,0.00012371921940881533,0.00035619870344640275,1.1165217558863987
0.006401654978846386,0.006106718926692603,0.0010588024140223337,4.39230901400996e-05,0.001373077038321067,0.0007049260008547632,0.000557442912602227,0.0038116856298711036,2.124971238612271
0.005775538514485747,0.008652992081968597,0.0012252160194886432,2.1272596778938792e-05,0.0003077245436669776,0.0005161494259690162,0.0019129187023401955,0.007185503339224461,1.2694797425756437
0.005973785229720861,0.01042659326655228,0.0010854684537520965,3.61995456708506e-05,0.00025076798114413593,0.00029284805401465935,0.0011460386629752613,0.008377605176798888,1.6455409592625978
0.006229338597073007,0.006941176463278853,0.0011512037352270593,3.378545904381591e-05,0.00033180268238339097,0.0004493038461498517,0.0001268993428643927,0.0002460773459278051,0.23228587038661014
0.005168085140151037,0.008839135281388865,0.001066146411457357,2.9039344493966405e-05,0.0002917957889421976,0.00031980285811409584,0.00013271177956216795,0.0003420121273459063,1.2597425951499326
0.006208612629862373,0.005148207478100907,0.0009145705647562505,2.083443239771664e-05,0.00046036493791382164,0.0004004226481497602,0.001890166482144227,0.012215126143724123,2.210877362908168
0.004304525006903156,0.00715318607484002,0.0009473933860614771,1.7802998756829932e-05,0.0003219154158531043,0.0004932671604805366,0.0003376181346833049,0.0014072596545997246,0.41390826456712976
0.005449193371855559,0.004490666499910737,0.0008755888504397278,4.426681176290657e-05,0.00033615188792315197,0.0003578462918399779,0.002762604349691903,0.00943050732961511,1.913751542172931
0.007063082547000152,0.009077305840562216,0.0014487900729492679,3.2138677009276144e-05,0.00038353943332020374,0.0005689367110716341,0.0027936887385195852,0.006749455894095735,1.2534188981123713
0.007071410251742775,0.008466291276357299,0.0012795110749732046,5.679785610835792e-05,0.000509603458896442,0.0003832050323778905,0.004602637993094147,0.005475903148264745,2.5034685971200967
0.008104394706706803,0.005623763971996441,0.001006657083279436,3.9474939685559876e-05,0.0005031483536239546,0.00027468633627540043,0.00016156277222105462,0.0003698340092949626,0.26555686338875445
0.008577308899958388,0.011388665167667289,0.0013965609574354315,6.064881329586904e-05,0.0004976778719148503,0.0005503452354729116,0.0029877144566386646,0.0020138406688382346,2.728640847956882
0.01334910295466727,0.1680323724617835,0.0036629228322563765,0.0001201297378530332,0.0002583767527740062,0.0009359949229631585,0.014715195844308962,0.00681270006100495,1.5204862732693232
0.01275876538540125,0.021522285285174473,0.0034464361848493964,1.2287191736330166e-05,0.00023772550700883194,0.00017200249565063754,9.98702451501414e-05,0.00022274373652991133,0.529491194334189
0.015321389247872672,0.019493112540571796,0.003667893261966793,1.4673094752690401e-05,0.0003017598376227004,0.00034666236980265467,8.347427936367177e-05,0.0002836426293964019,1.5070380132393282
0.007511065977282086,0.01019997158862319,0.0013810688974254465,2.392066399958588e-05,0.000345320951901315,0.0005022800059405752,0.0017436915935375831,0.005515879378511898,1.743555545845316
0.008685714200325035,0.013156609140923871,0.0019304647716509307,2.6574910708644785e-05,0.00039146421778210176,0.00038971078032968827,0.0001214327340434152,0.00029663992209481523,0.5676172590586804
0.015778721678922896,0.02456947224916559,0.0034499085624858376,2.4355360925214154e-05,0.000507351095610781,0.0001923828372675443,6.563637674894353e-05,0.0002151615097149737,0.567440020145581
0.020622292375858435,0.03165616700079302,0.004446511122783492,9.538984726056994e-06,0.00020742158286178,0.0002784518767048885,7.237230188766288e-05,0.00022167940570897587,0.09832763466205861
0.01965078430136795,0.02646445911757631,0.0044328926697018685,2.395135265425306e-05,0.000376800767751678,0.00048753398673575756,0.0020920998378063816,0.006415964723636848,2.1809178696793117
0.008444407021490396,0.01120514529823323,0.0016672130313031195,2.8721176115626628e-05,0.0003372148737663036,0.0003214173243688929,0.0037805542191618625,0.018203496959687235,2.020220515756316
0.007882405038866577,0.010772601340764461,0.0014016862959394154,2.8509836094951934e-05,0.00020050936344517912,0.0002432615564877376,8.33361316536891e-05,0.0001403718347209365,0.8810298225511188
0.007429803463998113,0.011495351475650626,0.0013621906003950723,5.8349009585656406e-05,0.0007251672917398985,0.00044243564790029323,0.000247695234737637,0.0005120821116803221,0.37257988016432947
0.0057979641034266805,0.005931792824897892,0.0012177751573121687,7.8815985150777e-05,0.00039727856311763953,0.0005171335800083001,0.0028347736179356827,0.010684344449443587,1.5642181607473866
0.0072655570583589875,0.006558415903941729,0.0009884089968978244,4.0766231643422294e-05,0.00019569417678485133,0.0003458733409383696,0.00011456900069589331,0.0002740823377182304,0.8433813308542045
0.0064121678645098655,0.00778560201418814,0.0012324651542306323,2.312200185026804e-05,0.000277163952482938,0.000485163807021483,0.00013516545356504896,0.0002268880869064328,0.14188383169300312
0.007193114395502959,0.005944374385316029,0.0010505011717785188,2.712161685807076e-05,0.00021004318042788184,0.00013354464632993693,8.569852351313525e-05,0.00013963197169733656,1.3468289859624318
0.0055820589272588044,0.007298765464151859,0.0009704473762254791,4.275970538976325e-05,0.00046488906831704393,0.00026712839177119713,0.00011147072255086392,0.00018837987364493655,1.64523672939971
0.007551705488809491,0.005245501821279209,0.0010203572885063514,2.360699716652282e-05,0.0007473783426325814,0.00038537090693286546,0.0005060488748658961,0.004546776879406496,2.4762594584643574
0.00489436548754015,0.00728124124579268,0.0012074801907085494,1.9280612672505135e-05,0.00037517917218327844,0.00045032496086614755,0.0027613737896458887,0.006023825315254205,2.016566569951519
0.008747082538586049,0.004483303739215511,0.0011561886179927848,2.1062733779022403e-05,0.0005299276689717632,0.0003786651544821937,0.00012100975983247251,0.00021795809935516207,2.849699590169081
0.005473737413508638,0.009866086767342314,0.0011261048333165691,2.7008359349828736e-05,0.00029354695104634167,0.0005086566272934829,0.00020430361133471164,0.0007250425394248823,1.649158493997768
0.005855069374620665,0.004400209742944843,0.0009928083910101912,2.4365712994829113e-05,0.0002610030608960979,0.0003883216494343097,0.0029687496845739124,0.0052155346568987255,1.7127381082417639
0.006281088960757793,0.0066611053229923105,0.0009895874556657015,3.254369228521903e-05,0.00024220452612160124,0.00025819294586999184,0.00010023857868698587,0.00015679872929404596,0.12013391420068235
0.007903266667528445,0.006023016854600074,0.0009683993855610916,1.17064063473123e-05,0.00023155123403575291,0.00022464193392690424,8.725223655579258e-05,0.00010509384450517038,2.6559361845343568
0.009611451918746962,0.003941244337235337,0.003996897820424517,5.258068194336929e-05,0.00025655999844923926,0.0004726578789499927,0.0013077413609624364,0.0002670267105172362,0.2954923560107816
0.006124511992114187,0.007025051945880414,0.0010558677526940378,2.987426040989332e-05,0.0004857250762750703,0.0006520681766672124,0.0007357818322399344,0.002439837960336458,1.5669224491680565
0.00925552568846889,0.0049349759629665904,0.001257915691325384,3.934291180019959e-05,0.0010942259179817337,0.0005309762559929884,0.0004851530069299846,0.0019176697023232043,0.5106863430566861
