-8.32638100000031,0.32816048466804304,7.99309015
0,1.2268091592436945,0
71.57198801817137,1.0622805137166877,59.63018336249623
7.242304053239593,0.23959867262756476,3.3031177582345084
631.118713,639.4892483723588,647.771362
0,0.2416930455386901,0
80.21116429875639,0.8832433980924297,78.74884494287933
1.6541518066574956,0.04043703705770868,1.5570365704515854
1269.62207,1279.924298643613,1286.27478
0,0.19998843397636037,0
21.35230738028394,13.476929045334336,16.07267268736527
0.3458937417275722,0.46039541898068514,0.31044390756164303
1909.06702,1918.901181062853,1925.71985
0,0.03501422719390443,0
19.68259622435481,9.466565243843231,13.78108382553599
0.06996178470716632,0.0629370184599984,0.33485070825824303
