-8.32638100000031,-0.004571642913477447,7.99309015
0,1.0327185701069024,0
87.32634104287362,0.8003667283066824,81.1602570910836
7.72589768683255,0.15742569574915388,6.617306283860136
631.118713,639.4528945772297,647.771362
0,0.35490349283643147,0
80.36246119033905,0.8738176864069925,79.2415435315508
2.371588667457138,0.06006609636306318,1.995059519408536
1269.62207,1281.8590601492194,1286.27478
0,0.21914226003576828,0
24.489154380096977,11.813598477161197,13.891704500198978
0.43779602380973065,0.42274617321735714,0.11906322240132006
1909.06702,1917.095892642487,1925.71985
0,0.12758389605219972,0
16.891595345330124,11.066618616247066,17.183780639887036
0.23969243877196003,0.23581390714613054,0.2516729303203171
