-8.32638100000031,0.3372372922099096,7.99309015
0,0.10363896641682092,0
84.36599185137791,0.8992598622756602,65.60625845576112
0.7351141226128928,0.016836245986859264,0.7133855399648134
631.118713,639.4457881472006,647.771362
0,0.26955690058380155,0
82.4991533904432,0.8492376245177046,83.06138578661425
1.9024295123693187,0.04363377946195965,2.031489480053661
1269.62207,1280.546338873239,1286.27478
0,0.15954482470774342,0
22.356833749386077,13.548512528797067,15.710310690716367
0.3048595484775762,0.321682781230859,0.10621602914723242
1909.06702,1919.0952072674904,1925.71985
0,0.03180479970818615,0
20.104447591150098,9.357484013739017,13.742923114089358
0.06360230735382881,0.04394491942540603,0.07817871642610223
