-8.32638100000031,0.3188772640310873,7.99309015
0,0.1533129341243183,0
86.99462847589456,0.8677956450411669,67.50798359494698
0.9662137888246191,0.026084703313090443,1.3663531525447001
631.118713,639.4576974021626,647.771362
0,0.2168605757335696,0
82.37952140867245,0.8529570875277983,82.94245468834252
1.2352445443034978,0.0387982911164089,1.2268465022235753
1269.62207,1279.9840116138103,1286.27478
0,0.10534277533881076,0
21.381805967537073,13.322551250603436,15.722356972623537
0.1585728010149301,0.30041755855909613,0.10680992847494637
1909.06702,1919.0619532690198,1925.71985
0,0.034119668256175566,0
20.014486755394387,9.511028738345464,13.981593048341553
0.06765867442002267,0.10089188720935102,0.06890865050114206
