-8.32638100000031,0.033994161506173626,7.99309015
0,0.691868031545662,0
93.34157404245215,0.7549238763443302,85.91584932373087
5.592553265962777,0.09796506165672654,4.502145264302661
631.118713,639.4312940679807,647.771362
0,0.42049085682269194,0
79.50957268085537,0.878777890982881,78.78426298994833
2.911758273642888,0.0698760696085598,2.414645141502884
1269.62207,1281.9631453506765,1286.27478
0,0.2039462686247168,0
24.704225879698654,11.830046595677626,13.61446085158817
0.40801761237006,0.25586073941962634,0.22892551714694265
1909.06702,1917.1936848774558,1925.71985
0,0.14177207020793106,0
17.13375377276912,11.277725011233091,17.409117981358108
0.28447601953946955,0.22820602779568874,0.37182995402797764
