-8.32638100000031,0.3359491775406038,7.99309015
0,0.17035311812620524,0
85.3784938177526,0.8881005425113135,66.46829401858255
1.1697381337654449,0.028096640674489064,1.0962056856323756
631.118713,639.4492116269423,647.771362
0,0.2576880281870981,0
81.8328259080011,0.8570115399901898,82.36489619419967
1.8305509514599487,0.04168217272521388,1.991658822151789
1269.62207,1280.0786786154445,1286.27478
0,0.1497989155256964,0
21.534661164622925,13.335353972429143,15.751073499047443
0.2728772843921399,0.3309319805960599,0.07440107433395739
1909.06702,1919.0603891063834,1925.71985
0,0.04316874270120395,0
20.01985666919042,9.43439452384907,14.036382922006279
0.0857858063525261,0.10307921161883915,0.06569575401832707
