-8.32638100000031,0.03231066590055498,7.99309015
0,0.18062509986637246,0
81.37470352509456,0.8678481608741588,72.76040799694869
1.2340189815278226,0.030047015300153405,1.5152978129543213
631.118713,639.5518883808477,647.771362
0,0.1489643987567394,0
76.65611258314019,0.9392685058497688,72.60801120961975
0.9513826719674054,0.0265989445198912,0.8969802170385611
1269.62207,1281.4120640935337,1286.27478
0,0.05846176924731651,0
23.585163783253467,12.039618215189652,13.314017558484428
0.11662947399517952,0.21459826203163268,0.133581731598114
1909.06702,1916.9530410673917,1925.71985
0,0.12684201651809587,0
16.651340293808474,10.99539955635838,16.921141688168866
0.2549328717218938,0.20378884769794836,0.28619249958859644
