-8.32638100000031,0.07104928068467586,7.99309015
0,0.17337173040525397,0
81.39518052760778,0.8757744091558242,71.64920683250512
1.2224511923596664,0.02832508588163249,1.2922056161881361
631.118713,639.5488905842333,647.771362
0,0.3335372100671727,0
74.25533532774861,0.9697389060293967,70.91972596336288
2.076627677244207,0.061329721332447525,2.1051117407734936
1269.62207,1281.758729051111,1286.27478
0,0.09822079517427028,0
24.276562633601223,12.336726278629166,13.981109820335888
0.19640108653078653,0.18569052874254233,0.0944498536523613
1909.06702,1917.2715172037808,1925.71985
0,0.07459867490980666,0
17.104240227538245,10.965620491536788,17.78997731806013
0.13468419929509343,0.15340246365687482,0.2762965953477485
