-8.32638100000031,0.07095065546975476,7.99309015
0,0.25454861401758977,0
80.2237289329463,0.8888292442373307,70.44679454911362
1.8264550535488042,0.04128056014674069,1.5829375233944205
631.118713,639.5135207673208,647.771362
0,0.35287667618850016,0
76.49046333073687,0.9327009593518419,73.85401639817175
2.2358452777619644,0.06323389013210355,2.341168744002985
1269.62207,1282.0324596347982,1286.27478
0,0.2487796826421836,0
24.82375567949306,12.604077270756225,13.819100083185038
0.4975935247954081,0.30047245501346115,0.17163266072696026
1909.06702,1917.5627099790765,1925.71985
0,0.15160416002253563,0
17.55501748810225,10.983843154631861,17.143120333520177
0.30876919016529664,0.21687983746583164,0.7563454778014045
