-8.32638100000031,0.30338737438113306,7.99309015
0,0.11073914313177076,0
84.67371460520565,0.8888587494099337,66.04845567865087
0.8402436917298851,0.01707340996765978,0.8245269217035405
631.118713,639.4447457550099,647.771362
0,0.20621996344344293,0
82.87067230682341,0.8451370813607172,83.61475089697565
0.8368520984624975,0.03955682220065431,1.0073055227304433
1269.62207,1280.2578790791777,1286.27478
0,0.1581644630253367,0
21.891319947301696,13.531590655254865,15.475523743282023
0.2980812514633179,0.3199010955314579,0.15507442553893822
1909.06702,1919.2162865113564,1925.71985
0,0.13272484249872,0
20.351992080128554,9.438917557906509,13.787945095498564
0.2661060402971119,0.12768766572567034,0.12936961993683058
