-8.32638100000031,0.0469339095363317,7.99309015
0,0.2008811829051591,0
80.01874203667313,0.8860101362671254,70.77978237692747
1.2211589144332882,0.03582300824084543,1.7309426197080766
631.118713,639.5658136553122,647.771362
0,0.20138937711948515,0
76.53693371338815,0.9439166774766887,72.22877783635712
1.4161542598541925,0.0336325867391789,0.8587725212279456
1269.62207,1281.6287021179444,1286.27478
0,0.10190029968947997,0
24.02226066190341,12.339820171765476,13.793638439584976
0.20366689080694725,0.1987011482768649,0.30279171530613275
1909.06702,1917.2138009387763,1925.71985
0,0.2230189469247167,0
17.343767345693145,11.643672153033611,17.75246000858369
0.46941682428759585,0.3282106560149101,0.4744048533697325
