-8.32638100000031,0.2922553615480865,7.99309015
0,1.070389512857575,0
68.7694984927318,1.09766334202672,58.010164764669426
4.795763784213968,0.24176573611283084,2.2416679995925435
631.118713,639.4657820271348,647.771362
0,0.17929189643400428,0
81.04730914559403,0.8689824824667292,79.70565793437105
0.6449393826361234,0.03572998299111331,0.8524649763044514
1269.62207,1279.7686489607022,1286.27478
0,0.1664066948805522,0
21.088624502881345,13.413015137784454,16.339390014404042
0.25246133323443454,0.4331539506412912,0.39468937106992236
1909.06702,1919.042799109804,1925.71985
0,0.1130651204827263,0
19.96636801780275,9.598744016208256,13.65032990950375
0.22625986254492403,0.12140812014603475,0.21822903635175236
