11.053968073476092,-0.3985291714018434,10.959861499221434,0.2354618499029964,0.0029808694574158636,0.00181819255743563,0.0009758342600469733,0.0016744953732233591,-0.824574432182385
-7.739663097842603,0.4015571264880345,-7.5930128550835585,0.23547445834980651,0.0056845336875212035,0.0010658402837077977,0.0013747444309300718,0.01167666795557718,0.532114703042547
11.04901378266222,-0.3979748059862095,10.959876711028699,0.23543677747028652,0.002386122713956346,0.0012945322975875186,0.0009890807209060148,0.00134755783821512,-2.54366676096059
-7.744155295599345,0.40711453356223204,-7.593044376823208,0.2354828347235551,0.006116969635702428,0.0004716288418981435,0.0027647545002456586,0.01968756795702018,0.5230893206192143
11.04615100198051,-0.3965881039236242,10.95985998333631,0.2354203782324862,0.0023155485036117332,0.0017774370673421791,0.0010345233660931142,0.0015640923428544167,-1.852778854972372
-7.707854249534218,0.40379408089254837,-7.593258644757123,0.23531643364942945,0.001225401977254796,0.0018093344137213427,0.000896801145774278,0.0010603189004462837,0.397514463439807
11.042250881870135,-0.39505996352242634,10.959894351564293,0.2354080114921055,0.0016842764698735235,0.002285110561246096,0.001069033846777793,0.0016067796465597775,-2.4164996107575862
-7.748520819015915,0.4016467455211558,-7.592978628701264,0.23551349841515687,0.005799253621250299,0.0011155866801766214,0.002741793023426403,0.020819733035276265,-1.371925523751916
11.051507120065805,-0.39912750130804664,10.960021847509823,0.23544409097495994,0.003900221163372907,0.0014660785910184206,0.0009747331387367439,0.0019462107216094565,2.008654307421892
-7.7462802829579935,0.4028841956008427,-7.59293674105676,0.23549831422339113,0.005931731991847388,0.0007797355401659663,0.004727089702948374,0.04823869654698474,0.6458132778652179
11.060276675079821,-0.3944301448426203,10.959895322982167,0.2354997704870084,0.0053119508302657695,0.0011665815845727243,0.0011900875839855678,0.0036527570552064635,2.4173149833305243
-7.735425365162165,0.39773899906411514,-7.5930181474279195,0.23545875593125937,0.0054336417982661445,0.0010911286939178516,0.0012154790475889193,0.009180906146160775,0.06083313283648771
11.05791353446343,-0.40228515021292327,10.959930153323885,0.2354738034404152,0.004770657881488501,0.0005765791923261059,0.000955138002780078,0.0021715327556184375,2.352086190066887
-7.717467023016534,0.3963204792389911,-7.5928614813654,0.23538903868690395,0.0018641540774961454,0.002033823563986273,0.0008812210131496021,0.001234990569833839,-2.7428579083756977
11.032749290643588,-0.3928536724415999,10.960057500210999,0.23536079464129517,0.0015238799188902494,0.0023484050294159836,0.0011144500002390892,0.0016687746051379443,-1.8249640155579525
-7.755715974052122,0.4035548658342949,-7.592858023283913,0.23554196883042353,0.0060341323076886725,0.0007734567444235156,0.003341539546995214,0.04322625985658605,-0.25696520106333093
11.06896236674695,-0.3980619441901085,10.95986951523651,0.2355388205536853,0.00604640723855874,0.0006749607167423193,0.0015045767104102346,0.005375493857991877,1.9341424349728658
-7.722683440345321,0.39917866400464286,-7.592869519767145,0.23540091623030282,0.002768925522762353,0.002208756074219277,0.0008631995590338419,0.001587241949747158,-2.3431377895372054
11.064686714188037,-0.39981496538628936,10.959865610315743,0.23551298629917752,0.0026263254555360846,0.0015018652810463288,0.0009322753748562269,0.0013576913142569382,-2.270696289780855
-7.742789735371736,0.39958969802201083,-7.5928836881683,0.23548913917975953,0.006021581436187959,0.0004578309452460006,0.001881825107799373,0.010456440029757357,-1.231413946915313
11.046984330298478,-0.4014494590040624,10.95990014388905,0.23542440809600904,0.003613687810910018,0.0009940456959747369,0.0009572282561211463,0.001608797337293453,0.4198152570486283
-7.739553544666397,0.40418322539654156,-7.592931904469346,0.23546726012746005,0.005967113929489167,0.0005593496598035478,0.0027297066238860493,0.017614563087821628,0.8982852368099598
11.049084234545159,-0.39462184755976165,10.959860057474721,0.23544380303255424,0.002768145433797252,0.0017583604555843184,0.0010083584460493181,0.0016471649634526415,-0.6565167774008707
-7.7433015373304555,0.396349664813301,-7.59303850689576,0.23549913363723068,0.0055596292066207725,0.0009546499481237582,0.00146678285001765,0.009003136591240036,-0.09226813517700806
11.065040685044666,-0.39259724826375203,10.95991564884531,0.23552364570101061,0.004374536587034843,0.001709433804615158,0.0010254664521319144,0.002563986721074695,2.556774173866774
-7.735283152448152,0.39859271418820025,-7.593051262737757,0.23545641312643725,0.005037381047481978,0.0013172881398058629,0.0023718921760823132,0.016087127590405127,-0.5498536619232248
11.04293949019499,-0.39587240406820196,10.95989729985503,0.2354106570659464,0.002627035930707217,0.00203980437884395,0.001041360683832232,0.0017800647653019917,-0.28632056263677286
-7.749693553474896,0.40205898640875193,-7.592923137013245,0.23551427512642567,0.005982838402499573,0.0006361173157938006,0.0032253706367653665,0.02412353452646796,0.13847406700126091
11.060680776017753,-0.39288950212602974,10.959833336672277,0.23550787613519386,0.005464762614512859,0.0008503540360957633,0.0012310263619421077,0.0037465252285541254,2.212872641872289
-7.721809079827693,0.40146664925036973,-7.593160696452977,0.23537989161652037,0.0027365137522566236,0.0018598483530094018,0.0008357683794258626,0.0013468743505882599,-2.6108972355438334
11.0608291370776,-0.40268109207556585,10.959914484779603,0.23548661109630345,0.0028147168188668264,0.0016668848465247888,0.0009444690690382785,0.001489793933852641,-2.1987648533846698
-7.744748626333686,0.4003372367644321,-7.593033965776386,0.23549148134321465,0.006067153232301504,0.00035054581314843163,0.001814443672322044,0.012623969207064697,0.416267836372671
11.048431461687715,-0.39928224123614287,10.959839795394345,0.23543262623122133,0.0041816325149605675,0.0005222406653150306,0.0009569253352813227,0.001781846065481997,2.081521981176357
-7.743931394542879,0.39673999851727554,-7.593051849480481,0.23549625878334363,0.005981127910026828,0.0005897588223961342,0.001828148913918472,0.011916731741116305,1.6000956291283035
11.056615388801786,-0.39812598980280595,10.959886856483747,0.23547159650795685,0.0042557000329592155,0.001604247304754883,0.0009834518116040652,0.0022667166030096906,2.3639826099593133
-7.735161560397613,0.4023622782155709,-7.59315559275997,0.235441780226622,0.0032058773475207,0.0017467701792601323,0.000765487253158581,0.001313553209548883,-2.37396207288117
11.066752725048161,-0.39967161680099544,10.959914072501315,0.2355258554292292,0.006290092230386532,0.00020110851485435094,0.001522251559132548,0.0053940518004666795,-1.261520665679975
-7.714056100249978,0.40129697345144627,-7.59317424636438,0.23534469872485847,0.0029287834562483563,0.0011043010729927774,0.0008263734785928015,0.0012045331620901103,-2.8055210474246666
11.059280553333735,-0.3958647756238384,10.959807186901127,0.2354927833123249,0.003977535450050241,0.0018603626330357926,0.0010124502030047459,0.002377898494244478,1.6662063904427713
-7.7054759518845675,0.3960699380637419,-7.592933223364882,0.23532021308856188,0.0032326340702050617,0.000411734392944735,0.0008544086293704023,0.0012564671996158126,-1.9853811644186514
11.045921104663583,-0.3982016504738453,10.95995641735272,0.23541964978078286,0.0028513173639746177,0.000332903437242968,0.0009928070349247045,0.0013363364785827457,-2.003963368079927
-7.745605346983489,0.4052515292725257,-7.593035297953074,0.2354859205582926,0.0061098974377693654,0.0005320144674623363,0.0025333589584484568,0.01579491327402052,-1.757654299543975
11.056190880902554,-0.39998845866173194,10.95998408718524,0.23546832507012988,0.0038252983568929032,0.0015080758711003834,0.0009437388586374698,0.0018577096099122274,1.147958868611819
-7.731676408555153,0.3874407093418576,-7.593199838565838,0.23545377094015857,0.002294344267507544,0.0022912420620370706,0.0008781932908408597,0.0014757232333803617,-2.423458845409292
11.06386272431423,-0.40089909513390043,10.959894706747091,0.2355106337373305,0.006268481528784181,0.000260337536259123,0.0016161756174908077,0.005818121605474001,1.7943782818814282
-7.750131985342772,0.40437759360076336,-7.593002541834748,0.2355132326376541,0.005996687588359023,0.0008225786311771308,0.00947319344801355,0.06570600566373369,-1.06342663720078
11.053986152098352,-0.3976501617694637,10.959861407472431,0.23546430896214596,0.0031671688166729516,0.0018225870677787868,0.0009846502758725114,0.00179634530514427,0.12912419375475717
-7.73059954483161,0.4003395083285652,-7.593104240335831,0.2354296913054628,0.0052087634609855665,0.0008719232758775567,0.0007522172744719607,0.003006227130275856,-0.2179151906953105
11.057060068102835,-0.3954475859935888,10.959937519900688,0.23547868176954104,0.00467640291201417,0.0015052778910798774,0.0010661952447628474,0.0028041452337263326,2.4576954984701778
-7.702175166692281,0.40539470792555266,-7.592997634941184,0.23529900897880257,0.0016329315199606388,0.0018786081125753624,0.000920934726010877,0.0012223551211465998,-2.733307172824518
11.041152122601087,-0.3976998793368897,10.960032579602034,0.23539601912933925,0.0019194677187206273,0.0016876478569729594,0.0010250009262020789,0.0013931423383767372,-2.6229731249543
-7.7445149225594,0.4058299767407844,-7.592939277801179,0.23548757113329669,0.0061027070526007,0.0004435733732671746,0.002498692437013682,0.03495506541675801,0.3793237060645661
11.07421076385722,-0.4201546642166291,10.95991838013248,0.2355288489014422,0.006035807884851341,0.0008808932845003946,0.002716225716202633,0.037060354766444335,-1.205595644816528
-7.741738877676458,0.40382519861297844,-7.59299519110933,0.23547603339576603,0.006082869466631591,0.0003867285863732129,0.00271240592301516,0.01623089736570628,-0.6306543620608931
11.058997489129235,-0.40024167718171694,10.959879111389029,0.23548747637926803,0.006099352404929902,0.00025287003312004206,0.0014629911196242613,0.005145312099481528,1.997521306993577
-7.7410268243924145,0.39590396589451216,-7.592936096273738,0.23549194355117317,0.005729145605625902,0.001092724891829062,0.0027135342149661864,0.018602515938644516,-0.9653878758414053
11.049352776391197,-0.40020631542784707,10.960007156142646,0.23543047684548288,0.0018774911690892103,0.0017071736403325558,0.0010078599099640072,0.0013534810070388878,-2.9446843005596883
-7.752558588765947,0.40043967809990266,-7.592854800038316,0.23553045677083362,0.005984164942281824,0.000746377860853658,0.005683520504564437,0.06509356097997299,0.643010629067404
11.052360081295165,-0.4039026626486142,10.959867943192844,0.235444419281145,0.0031134394688357965,0.0004746944628122249,0.0009419214481590034,0.0013316814855500474,-1.8694764219813746
-7.74534358557221,0.40393590084336806,-7.592949087846052,0.23549586214223073,0.006050707228011126,0.0005398446949031934,0.003114828977175509,0.02486530223053132,-0.7717411976725818
11.051847753838794,-0.39939413538766244,10.959841827780924,0.23544983482300358,0.002946974746418136,0.0004165058305594459,0.0009674233850774439,0.0013316715096416177,0.06289391727599349
-7.741468743541619,0.40653932234051504,-7.592963633269607,0.23546986346417548,0.006055028849989842,0.0004588144467152194,0.004638806319946589,0.04718567669055416,-0.6698945420604442
11.063226672632352,-0.39975337483254747,10.959959576018681,0.23550451946014825,0.005603027151596687,0.0007208106670554653,0.001317403262948463,0.004218670456038041,1.9959289009637509
-7.702908502643588,0.3919759767234937,-7.593106408473825,0.23531529290881914,0.0014799426032630222,0.002040857909856945,0.0009483615234454696,0.0013034378659192293,-2.7537637711787886
11.037041533254609,-0.39728932086677926,10.95997385407534,0.23538201066398276,0.00239549932909671,0.0018891981036274178,0.0010490134542295395,0.0016432495308959113,0.049772955185997246
-7.732465555659118,0.3980455755342449,-7.593055731114323,0.23544223268640463,0.004309537652516764,0.001111119079528288,0.0007269791000494057,0.0016925411229810482,-0.82198065829017
11.035082638893506,-0.4020667549564383,10.959950629765173,0.23536232556438813,0.0026897628775132847,0.0007164305911466973,0.0010070040742052304,0.0013765353111012079,-2.1858088067924792
-7.737936972277835,0.40585577028370934,-7.592931195693699,0.23545854605345365,0.00591235814334682,0.0008544426591402979,0.0032365075216679736,0.031373168086005834,0.4553220929416063
11.049562590197983,-0.39833934826577533,10.95984415744822,0.23544284554744452,0.0045881713122859135,0.0007690781024455979,0.0010580758428898815,0.002450047649235323,-0.3318396931325723
-7.724015937786182,0.3987194539161439,-7.593111784360248,0.23540657627162004,0.003291307447946179,0.0013512543679527502,0.0008249788958864998,0.001407297803810291,-2.4235813701316467
11.0018904139984,-0.39346506725682456,10.960085005127299,0.2352161450384683,0.000890704825845063,0.0009884510657154442,0.0011227581934345537,0.0012160224100331617,-2.995435766133029
-7.747463742081086,0.40124069042899724,-7.592926517349629,0.23550973310815598,0.005997828537329503,0.0006749650494474066,0.002144169621661013,0.015762568967954454,-0.6655014785172448
11.061423015593844,-0.39471548382286026,10.959899673723712,0.23550463784610193,0.005905305075559445,0.0005043153552197441,0.0014073822170258435,0.004706189256422,2.1024495180952183
-7.725289759687411,0.3924159631882899,-7.593059397840585,0.23541583287718296,0.003158749245064841,0.001782596823990627,0.0008400450228165126,0.0015233704940998103,-1.7815423034081703
11.052082280830419,-0.4016897554370678,10.959937043056751,0.23544737707799238,0.0029048774566863243,0.0016831664090764704,0.0009806089154019795,0.0016075784980585466,-1.1952182444894348
-7.712110636567467,0.4046541776601118,-7.593417480959911,0.23533058335215498,0.002088147563305094,0.0016808575128158835,0.000872032879219152,0.001171200364883211,-2.711002071810163
11.03743394325276,-0.40241150112395,10.959945647324366,0.2353750264043966,0.0015592198399989395,0.0008150134783798348,0.0010329871351183104,0.001178745240513299,-2.9536313453799323
-7.755163566959598,0.40363266314838636,-7.592989468059841,0.23553292819332067,0.0061090264461476475,0.0005678412297548087,0.003273128488179563,0.029047903533983763,0.3529355877073623
11.060511120026451,-0.4030827648081833,10.959853647681074,0.23548604627386133,0.005091166354187755,0.0005990996867175608,0.0010047321987518884,0.0026347143766717765,1.9278377378554452
-7.7126508014595405,0.39588634616305646,-7.592910865240834,0.2353645232821842,0.003314589942151619,0.000890870956219724,0.0008537689461693494,0.0014210031630829919,-1.7220670669947364
11.041581849827526,-0.398215704911603,10.959969067898292,0.23540106875789985,0.0019743374105246916,0.001826393932757438,0.0010373596682264547,0.001469462732724963,-2.415053062409183
-7.74105839075119,0.39473626934056033,-7.592941307050209,0.2354937600363004,0.005689496858311553,0.0010146825492167281,0.001515902388533684,0.011547755091429069,0.3722852591916637
11.040862063913275,-0.40101880328521167,10.960007037186422,0.23539068130132934,0.0022520899094361094,0.0011748591541913514,0.0010092963875628252,0.0013317885603183518,-2.90446931949107
-7.720703190427164,0.39659340451857805,-7.592958065841743,0.23539668797559365,0.003978607954876728,0.0011326617208114774,0.0008266403311734614,0.001960988940157338,0.03370431394548534
11.066692932685587,-0.3979455243571113,10.959931757983913,0.23552753982400237,0.006195402224605345,0.0004383286633469604,0.001592807388383355,0.005723717039163844,1.8431805609121503
-7.7265607066771915,0.39927845606305395,-7.593097658046465,0.23540997810260123,0.002457890182555167,0.0011858140132466072,0.0008312772697060126,0.0010847467153867806,-2.8121420276025693
11.065769818138179,-0.4170054175064463,10.959867981926575,0.2354968944288034,0.005937665343003672,0.0007171898252682106,0.002384356495495856,0.027629952384098187,-0.8408448653920171
-7.721299970056342,0.3980161878625269,-7.592960991809467,0.2353946475589268,0.0033368557260893806,0.001483925353452941,0.0008077212515954015,0.0014238283893000085,-2.065853061530227
11.062187231844163,-0.3920508131077784,10.959872779931473,0.23551345638848045,0.005816301155638345,0.0006350085653210078,0.001343201583912028,0.004406959646317785,2.186372483862288
-7.715784021928712,0.4165727501388606,-7.593052865584176,0.2353428510672129,0.00240616683721437,0.0010010768777730097,0.0007688712356403071,0.0009318185464034957,-2.677815044883919
11.051768800936584,-0.3981055494778034,10.959899609314284,0.23545031195793004,0.0039664215430597885,0.0016482453079940296,0.001017183196562409,0.002254612489605254,1.61268434873441
-7.699929126394589,0.39543271355778103,-7.59268347359008,0.2353061504629949,0.0026393701737761374,0.0015275882975540913,0.0008799019469662188,0.0013540624476256781,-2.481906634132294
11.057320776274496,-0.3939188381258215,10.959896167227198,0.23548575379947737,0.005863531687721143,0.0005561062078958408,0.0013755279937406905,0.004547136833910835,2.1557921266327225
-7.720406649753686,0.3904821540252606,-7.59290623337322,0.23540601647238796,0.0031740873973948834,0.002154887134463132,0.0008816914761172337,0.0020606845839486253,0.10520659315671252
11.061882425282588,-0.39163812090019223,10.959933574878216,0.23551008765875767,0.005481647832705225,0.0012401784526733203,0.0013258526898316655,0.004334820824340678,2.2584908644882336
-7.7456078188472395,0.40071162500327423,-7.593034247465183,0.23549752090853027,0.005997964585194371,0.0007435677461514614,0.0010383020659045536,0.008442420989298012,0.13042179527762354
11.052998620462034,-0.40029097429425753,10.959744907378589,0.2354579740459889,0.0028447355930684252,0.0012000578758075862,0.0009618726854343511,0.0013899934267735685,-1.7520381953643807
-7.725895632615716,0.39402749865515213,-7.593013413973178,0.23542242395952878,0.00380084601454189,0.0015206155241866608,0.0008719911988162239,0.002028727606726446,-0.9142502241908874
11.067104204232386,-0.397841966875648,10.95990208806616,0.23553004644123282,0.006182243129180871,0.0005338796909845378,0.0015130365170495518,0.005405488786694885,1.8935660453216387
-7.729144131076683,0.40188629414212207,-7.592898673780264,0.23543012204515665,0.0034723772559143965,0.002156813788702745,0.000798349318750902,0.0017821543164870707,-1.6721886942817101
11.042845048993504,-0.39636904416342755,10.960055624198791,0.23540227732056565,0.0024803158359739856,0.002163791674408565,0.0010588944615337874,0.0018139590502585156,-0.8437588975004913
-7.744507288790311,0.3994139993193888,-7.59293139980261,0.2354984110354059,0.00578899448147445,0.001010023881824857,0.002458605808772896,0.024390649934415223,0.7954580011680956
11.055238191456743,-0.400967595523352,10.959966043915438,0.23546072968797835,0.004871915866384763,0.0007178126200813347,0.0009628917475897128,0.002241985035676671,2.5986733504471067
-7.744927560135994,0.39849869264850624,-7.593010788659027,0.2354991366699884,0.005968822017515838,0.0006869409075996533,0.0014079791549570467,0.00973873736604622,0.15045930986750192
11.037395318218726,-0.3980587342090426,10.959856658570068,0.23538015606213775,0.0018029890650491955,0.0021489892764088485,0.0010570699103233613,0.0015628349836544141,-2.1377233520787735
-7.726603973434173,0.4005978986659291,-7.593041394519066,0.23541313423342208,0.00494834315237939,0.0008514864775587913,0.0008405371062854369,0.0037032287839805266,0.5433087189780774
11.058448431563638,-0.3980041320495744,10.959883693826697,0.23548843201994674,0.0058608080078775045,0.0007416452059320264,0.0015327252679540153,0.005401078850211234,1.9482377258996337
-7.716547610543848,0.3973749446205026,-7.592876008552722,0.23537853595452918,0.004008037885445886,0.0011264162815567789,0.0008611022033409149,0.002052186732735609,-0.5099746549097013
11.046586691004354,-0.39889422310876477,10.959945763645557,0.2354239679043033,0.0028747356954005937,0.0011506868340098624,0.000989603699997009,0.0014558042281304284,-1.5536582046525216
-7.741374662717702,0.40552540422114514,-7.592993191302654,0.23547076254119956,0.005973123062954611,0.0005581819667573827,0.003157637913730762,0.03848714225726865,-0.7200230502968621
11.055727714742464,-0.3961140057344993,10.959841401495567,0.2354769020357346,0.0030565567911887905,0.0021294468341296804,0.0010108795031434374,0.0019399557610308106,0.8271937206611
-7.738866078629879,0.4070355178075078,-7.593061830666935,0.23545856892591727,0.005961347400282583,0.0004553534003319888,0.0021574756395703553,0.04089858111928348,-0.35447401788176525
11.044661694549948,-0.39380345713691495,10.959919545895618,0.23541927892693773,0.0006900041342282853,0.002899119640842606,0.0011246773318988545,0.0016581868313200797,-2.8006865405952
-7.726748723501509,0.40814365002304437,-7.593102657801058,0.23540293169621912,0.0037143928047904387,0.0004274897660548489,0.0007315941165317244,0.0011474725662430688,0.2758253402205506
11.056663001756828,-0.3982850753675377,10.959896541607263,0.23547773964982832,0.005553965313822192,0.000555852213423485,0.001301770156889761,0.004024422389703795,2.250872690876418
-7.723891267028304,0.39180447356464304,-7.593000350721567,0.2354159597738684,0.003483706990231175,0.0016032556303611156,0.0008750849229014612,0.0018176240038700318,-1.2736482087451937
11.056391283737735,-0.39564525852244586,10.959904971336227,0.23547616803966626,0.004377439295660167,0.0015534867313723604,0.0010387940275568123,0.0025062560869477785,2.6246359352054274
-7.743596553428999,0.39920915896210246,-7.592880661352925,0.23549922866184875,0.005964028881588791,0.0007316327920881515,0.0011769932519549184,0.008546637563165437,0.7450542276600643
11.047811368675537,-0.398111780676505,10.959927753487856,0.23542852812996448,0.0046478051337515685,0.0006353653379650062,0.001018751986508247,0.0022625545200244536,2.6142212316195748
-7.745781830051497,0.3979955504134216,-7.593022315607437,0.23550421279347017,0.005954249957247803,0.0006971030404748605,0.00367898994913904,0.01953321799422551,-1.9019544939245665
11.057458106115808,-0.39429287975996996,10.959871402753834,0.23548561789706768,0.005753629458895219,0.0006981726455172416,0.0013088035842554306,0.00423875039666695,2.24995716620576
-7.731810037643659,0.4004667509778141,-7.59295366659773,0.2354400912473946,0.0055283190956269415,0.0008674213403474368,0.0015360271331482443,0.008569208199453057,0.010913840874362988
11.060355895978855,-0.39822711485997314,10.959921806892087,0.2354937964019576,0.004548266115742808,0.0013214275891580733,0.0009657028194629829,0.0022816557962476104,2.285502809935799
-7.740724896691095,0.395206449241737,-7.592973299064462,0.2354892547071523,0.005537553952354773,0.0011302025262940334,0.002513006948338726,0.012319936392937431,-1.2959788021913792
11.07386973273341,-0.41754933257014015,10.95990970932719,0.23553401850717207,0.005852152823185336,0.0009946493186782635,0.00459282943278234,0.05424779747673513,-0.12139220148050399
-7.745354328456392,0.41070795617699934,-7.592991074439357,0.23548274683941184,0.0061546807963081445,0.0005630246896783648,0.003525167560227475,0.031706242356653744,-0.8418611108287325
11.049459421362506,-0.404214500273941,10.959881190872371,0.23543174808338216,0.0036956507529966433,0.0005288342612042053,0.0009381804596709143,0.001498056661187425,0.03180922107528173
-7.742144933449101,0.4098616141095154,-7.593047489906759,0.23546659758835659,0.006030984545817817,0.0006388198874326567,0.005596751240169136,0.04694760419972317,-0.12354293196931113
11.056288303027193,-0.3952162055993102,10.959892240225534,0.2354791715032278,0.004907997324987652,0.0011660933628817771,0.0011146220037469572,0.002985718563391926,-0.4884313069356925
-7.742859989930056,0.4055431010033261,-7.593019224409249,0.2354781288057215,0.005953668906308086,0.000653815930143271,0.004164593375562742,0.040113715304308635,0.08820576682006215
11.043003034670136,-0.3936860883272904,10.959996305951268,0.2354103489034131,0.002133052842000437,0.0022398982882403614,0.0010679057560887193,0.0017368730164298055,-1.0524701786780302
-7.752524824794511,0.40101637374876625,-7.592945015233847,0.2355302111249287,0.0059274538128152015,0.0008136417333436483,0.002816456629305868,0.026888957774948374,0.0614826898863851
11.045063831887042,-0.396840335812975,10.959979273925788,0.2354215042653105,0.0011731865640474516,0.00260772881930292,0.0010725205119267603,0.001579557287611654,-2.937404373420111
-7.741668344289612,0.40720828569115003,-7.592940657060014,0.23547227057793899,0.005955497189680296,0.000594003412463765,0.003417106501118016,0.04245323360629685,0.2675454030026607
11.056419581920384,-0.39567932525343813,10.959820993674702,0.23548042852860993,0.005532944374663618,0.0007974751294886595,0.0012585950962447142,0.0039028897621340656,2.3098959431831054
-7.732592135758645,0.3963809052746145,-7.592913069966946,0.23544988039217463,0.005285794791292645,0.0011199872243361957,0.0016024462812130513,0.011447013752324844,0.16451492582798255
11.059515921932352,-0.3945899065287051,10.959823931803296,0.23549723955762092,0.00598309553955934,0.0004578098462082733,0.0014353736904087666,0.004849642049503697,2.069227482210605
-7.7561077021656795,0.4022837669672795,-7.593062713892095,0.23553915339765286,0.006044474597119008,0.000717642834058949,0.005539564637814859,0.047474590048521524,-0.5122904920128771
11.058634643466958,-0.3915604802317417,10.959867342172519,0.2354978485975619,0.005610221911715279,0.0009802712729440892,0.0013143053139033757,0.004183899477304506,-0.8670000588960362
-7.732946681145642,0.3987121363125887,-7.592995137240755,0.23544069345093493,0.00441301019083458,0.000601395082302525,0.0006915907539722769,0.0014983311817348838,0.24411429705603127
11.053757988019958,-0.3975127377774446,10.959882561497073,0.23546048204150363,0.004546524104119219,0.0013239547353750222,0.0010093690944822202,0.0024305513819222724,2.685137098853496
-7.7140928725804345,0.3935356045853077,-7.592915518588155,0.2353654072493311,0.0026842478503110966,0.0018366806104931617,0.0008767832990137411,0.0014464962537210366,-2.04474547507965
11.064180785675594,-0.40326348121357275,10.95988760864636,0.23551014050548272,0.0062518516958314785,0.0003388362570839793,0.0017062633859928746,0.006301888325296296,-1.4661581125488508
-7.745039367322704,0.39737697810814265,-7.592968953529553,0.23550879562737892,0.0055520603664520225,0.0014355508767159798,0.0035864842696814382,0.03034794431757699,0.3790823049270719
11.06267614273687,-0.3993397178557513,10.959881514616473,0.2355070746240717,0.006147892091972281,0.00041500424932614395,0.0015125269430453583,0.005437605311454543,1.9095780974198375
-7.74413125409793,0.4013143056367997,-7.593079685682555,0.23548596599543806,0.00599892335666585,0.00046787957333895664,0.0018644551032692316,0.011832663828894613,0.25216026389091273
11.056043558605158,-0.39713644769740886,10.959898512086733,0.23547145058501473,0.0045522082841926775,0.0013888986691648437,0.0010183957627850721,0.0024604364401529894,2.571158040095301
-7.735128319735485,0.3897040023152427,-7.5930193426364925,0.23546799393769055,0.00454582855541595,0.001383169052589825,0.0009421279737228667,0.003017338294640883,0.6814142234971453
11.06468403610637,-0.39561776239660995,10.959919949350493,0.2355168989795057,0.005451206909114134,0.00099919356765152,0.0011983671142065068,0.0038194147444351075,2.3364028086667052
-7.716204339224223,0.40260713326310493,-7.593101812072849,0.23536081526463534,0.002923710444318944,0.002013890262902058,0.0008543857036502473,0.0015420590512065194,-1.740213372004717
11.072871156496475,-0.42085724605250274,10.959882270717339,0.23552412806055256,0.006044615934145283,0.0007206354154774922,0.0033930543163263006,0.04974838158478702,-0.04963177246079631
-7.720000311448391,0.40124533370225063,-7.593066141633292,0.23538684707949856,0.0027729725137372293,0.0014607262297182692,0.0008072268453405431,0.001188800211324711,-2.7226423671124365
11.06413613015099,-0.4032131503822717,10.959876860420204,0.23550966001628956,0.00632277821711009,0.0003375405008771147,0.0017516807233530069,0.006452485068474465,1.6485215090843917
-7.747317652221351,0.3999301667133611,-7.5929379657698295,0.23550844504342924,0.00598926170194781,0.0007836178763221384,0.002933828835027211,0.02275568342230261,-1.0049961964975698
11.059926637005066,-0.39546722421956665,10.959835575969894,0.23549965939141693,0.0060410276527360475,0.00038268687846993566,0.001474305329168036,0.005026099786296851,-1.1100998091690006
-7.7519657049822275,0.4023023631305398,-7.592891077504815,0.23552731296656518,0.006180060143342494,0.0005071136053070905,0.0029821214085015216,0.018059055885637502,0.16896965622908153
11.058187634862177,-0.39926132870271014,10.959887578732229,0.2354794338811946,0.004906881333104541,0.0007323126051893457,0.0009433739638516933,0.002222769692868875,2.7809065089854808
-7.707200384210022,0.40182731840181213,-7.5929020563360075,0.23533359229415185,0.0019015543036473687,0.002089879496028315,0.0008977263868350757,0.0013072302212971919,-2.7021136519702296
11.041036859298984,-0.39930865699084833,10.960023732127363,0.2353929370212256,0.001571219347122768,0.002004233400828765,0.0010367374675477983,0.0014151999978613656,-2.8446663128111087
-7.730889934408603,0.40212000614441934,-7.592878651975616,0.2354363051985232,0.005888477191819077,0.0005240074979825676,0.0025134494024054255,0.016321377288047046,-0.15076259980738949
11.04890109151506,-0.392497617801077,10.959971371011994,0.23544031137000473,0.002709896855712135,0.00208529210108754,0.001043794282656265,0.001830940047594558,0.49351503765401633
-7.723265310844793,0.39639034790169964,-7.592830923425026,0.23541119338918237,0.0035774016338212546,0.0019434376646169148,0.000838919956836684,0.0018450499128224024,-1.145402672404344
11.058874744891536,-0.3969121472349646,10.959891373998797,0.2354860519693593,0.005425232189050046,0.00027287483836828657,0.0012340797117981154,0.0036567665563760903,-0.7165545196028952
-7.74621766880028,0.40534771891292715,-7.593028887214032,0.23549324163493998,0.005975417116350386,0.0006294734190609422,0.004005527999444153,0.032177892915178016,0.05288160491757842
11.057791220609557,-0.39515216455007185,10.959823919331654,0.23548856540625468,0.004312594333994335,0.0015085987583350368,0.0010207019481686572,0.002462964692621718,2.409881673447481
-7.74638552697987,0.40334562151836484,-7.592959353108017,0.23549907602379969,0.006065586038133623,0.0005088842197061723,0.003535162786305439,0.02355934104506012,-1.184864626922254
11.075721821944613,-0.4242679996011738,10.959892939987425,0.23553124071644238,0.0062429645371355185,0.0002980836249181636,0.002113561454659784,0.04276401474539518,-0.05671125390336182
-7.737441216784381,0.39991299730179936,-7.592988945025842,0.23546121234315143,0.00568554235204968,0.0003863818426504476,0.0010585469672633764,0.0071719142575073485,-0.6289570555776537
11.060488536049272,-0.39342004942583486,10.959907307621748,0.23549995713485006,0.0046870976776857915,0.0016309298509011205,0.0010888336969789112,0.0029771412032703207,-0.43604061407680966
-7.693803676248971,0.40607708493518413,-7.593041470560017,0.23525759558665157,0.0010191654468079958,0.001344062829198398,0.0009389306005809621,0.0010189505270149575,-2.79234641484347
11.04980538236843,-0.4014102568850868,10.959882080122025,0.2354352522843615,0.0034737887080360146,0.0008120184061210738,0.0009478131427656192,0.0014952328314720396,-0.20213279819025967
-7.709373601785927,0.39452897548374605,-7.592740656328705,0.23534713891624734,0.0027481177384545076,0.0009384078980715259,0.0008590019488050694,0.0012134589607243462,-2.0478960156669905
11.056938339224134,-0.39121733077766147,10.959905623365055,0.2354836631247232,0.003833298675968639,0.00182015596934107,0.0010137560310766141,0.0021942498950706718,2.634626339836247
-7.702519996257494,0.4079475151041879,-7.592960734844914,0.2352960578795632,0.0031504709921888973,0.000384135195717675,0.0008017048508470248,0.0011220120971558605,-2.6412485463389213
11.034425411262557,-0.39666667252314963,10.959749642573392,0.23537335779011856,0.003317037501833589,0.0012736163664589179,0.0010276659188191042,0.0017612862870134676,1.048139302358693
-7.745004006349503,0.40259187390136025,-7.592931902487423,0.23549200917536972,0.006066842117282812,0.0005879776148186109,0.0015652925105753934,0.010192642823770024,-0.2640981244071399
11.060607827620066,-0.39710649158751743,10.959888514339458,0.23549801608603899,0.006165751030736814,0.00022878516789708427,0.0015351167354587937,0.005298454969035174,1.9263583628106167
-7.7103503659449215,0.4031851907894134,-7.592970306580215,0.23533919922242486,0.002040482924292858,0.0005357152511925873,0.000854321971058956,0.0009851060348631442,-2.8277643363737233
11.060181204061964,-0.3949623551038911,10.959839224291677,0.2354999900657332,0.005411497793857866,0.0010075090113238361,0.0013618855036394313,0.004441177377957344,2.152738412662542
-7.710649411476178,0.398449566762116,-7.5930831076553,0.23534107811301358,0.001139418527115049,0.0028074728153101233,0.0009785494748717337,0.0014692032474487354,-2.760823893212071
11.052955270219037,-0.39221177761904946,10.959910426602287,0.235459939974121,0.002564156676494936,0.0023952895986358064,0.0010568258842703728,0.001972182053541619,0.13511544081445342
-7.738561046607963,0.40070891142975007,-7.5929065571842305,0.23547009212450862,0.003712684384894301,0.0005722158552031644,0.000671738746318468,0.0010228370299479172,-2.4313552631080677
11.041684415891028,-0.3959709220432286,10.959897513063536,0.2354028116800541,0.002450499441893682,0.0019419205587240687,0.0010490128109942375,0.0016831450417403662,-1.1668307645065585
-7.720861724608775,0.3933232989255279,-7.593142350350225,0.23539234174207327,0.0029013127787157903,0.0012231604586712733,0.0008506956229382018,0.001264318578122912,-2.5802236210018226
11.059188707984607,-0.39435523297528974,10.959841276033135,0.23549856962129506,0.006030764000344781,0.00044435262769824816,0.0014641021937936486,0.00496234937991434,-1.1148112553992693
-7.7161623292176005,0.3916187777269918,-7.593060813645587,0.23537707292841548,0.0007365602618031102,0.001632331320503243,0.0009447894399655432,0.0010669077652514455,-2.7411124020901134
11.05391457909832,-0.3939238329584817,10.959807408527855,0.2354647561078197,0.002008257535512922,0.0024575205675240663,0.0010510229725304613,0.001747165021234197,-1.5144550892622406
-7.747651659220796,0.3850640687081234,-7.59287872804603,0.23554305986663793,0.004719298878645638,0.0019628903654063134,0.0008396196579834557,0.0033367602392231897,-0.2820834191945837
11.059554861362967,-0.40205925887697797,10.959832659776266,0.23548848099846925,0.0027808889124872195,0.0013348468012312513,0.0009319071467671065,0.0013432865167050418,-2.36146851345169
-7.745473560250589,0.40545894096515206,-7.593016767750662,0.2354908096318948,0.005916291550494764,0.0007542992587714729,0.003233046200251238,0.02934934649208274,0.3083619895656726
11.047698817270629,-0.398985179463564,10.960032698064714,0.23542373751912932,0.003299865352879913,0.0006935851321176646,0.0009743174749340685,0.0014674248171857493,-0.24790645917977247
-7.736983904085203,0.3987928528834988,-7.592963438854878,0.23546732448267518,0.005728639297316007,0.0007978101459093791,0.001696025396965158,0.011312112813318084,0.7118943390914296
11.059686116025114,-0.40180126662102156,10.959931522770397,0.2354833989386319,0.0036245986633142713,0.0011158674941920404,0.0009180162201372892,0.0015422829138648816,0.0064694132721422135
-7.733840035119848,0.40007691377056676,-7.592918863507925,0.23545046726153934,0.0059370954135967305,0.0006521601923290709,0.0025079775066027886,0.015415586452130144,0.04508376931123578
11.050021830134673,-0.4003989284641598,10.959965994739528,0.23543627055555838,0.0020046268247424642,0.0021193725929204237,0.0010244411597307053,0.0015906046553092867,0.11973605126060169
-7.730033634279582,0.3930996112766245,-7.59303203658351,0.23543751544053085,0.0035694017194650932,0.001714344312033321,0.0008252218328884807,0.0017887312501712006,-0.788065704008119
11.056044069227672,-0.3927796793888172,10.959838462213789,0.23548252940106795,0.00579397898716425,0.00034438677515102894,0.0012729582213513394,0.003881979274697816,2.318743343517243
-7.749102406381105,0.39997236766100264,-7.5930379151464855,0.23551537343448278,0.0060178441184202645,0.0007138887399998537,0.0020753963147057304,0.016419052738273196,-1.4987864315363035
11.055596470514386,-0.3940130988795907,10.959888475242213,0.23547313370890555,0.003940700244363611,0.0016160218026956567,0.0010145120566231111,0.002179104705772026,2.438037316275554
-7.7382440984493215,0.40133827254485116,-7.593072842376319,0.23545952761909553,0.005837956425795453,0.0007468642693056133,0.002493372754456389,0.033930403207056155,0.8200656935068253
11.06174333654956,-0.39466893954105303,10.95989250637659,0.23550562984029755,0.006050216693534332,0.0003379350808626974,0.0013626286462806484,0.0045093124902614995,2.1214459630934632
-7.724397179478566,0.40324512814323527,-7.593004615996643,0.23539888250614183,0.0030433639792557914,0.0017629336749679506,0.0008114439518510349,0.0013850201210610252,0.3188813187247815
11.040550539249468,-0.3918115441517829,10.959887433043331,0.23540216419466473,0.002048890897083639,0.0022909115955402097,0.0010843459848605382,0.0017581575331769158,0.041901361573324414
-7.6907488268626425,0.39141785341042035,-7.593027492761863,0.23526507525548446,0.0013599563432466753,0.0018193205867675566,0.0009848247307569374,0.0012786865368365726,-2.695808603542412
11.05977783884082,-0.39306673724491875,10.959937030665115,0.23549919166819114,0.005532718429375227,0.0008760741334659621,0.0012407088617578741,0.003944417115486536,2.3402413221694958
-7.702308292381314,0.3961467885321214,-7.592955638835203,0.23531656578481244,0.0024771513589687114,0.0017758689057630296,0.0009070478142406949,0.001426519334872317,-2.6024100676198443
11.065361527877029,-0.40149614747260415,10.959871092088065,0.23551753803648623,0.0060957819868808485,0.0005682940042206807,0.0016529957677503563,0.007708342510165092,1.3665770303306668
-7.726411054987518,0.39982290975088114,-7.593061330472461,0.2354150634548902,0.005589253165066159,0.0005963895638107317,0.0018182479933133257,0.009971574343768474,-0.8701432279434556
11.045243999554275,-0.3969358440999513,10.959812460831891,0.2354221538435206,0.0031363884543641955,0.0016935115589608689,0.0010069459967820902,0.0017546148844636827,-0.019213603855585584
-7.741977317932059,0.3994818512993442,-7.592986453150167,0.23548948169519884,0.005858513813304004,0.000865601378830228,0.0019363963010012113,0.012404784631394675,-0.24578779220578648
11.064835002066028,-0.4025130812335762,10.959926908105416,0.23550401613981606,0.004642552985673991,0.000706021441546316,0.0008707276545019406,0.0018327125911697048,-0.14127667447988013
-7.743076086344772,0.4031360112237998,-7.593027224459915,0.23548157671542383,0.006078735294348989,0.00046871088692743796,0.0034687946041783114,0.021123482051310555,-1.5726143814681675
11.058484411096252,-0.39789591119198325,10.959844005626266,0.23548763768726186,0.005257217843406136,0.0002729761280757115,0.0011261663555958267,0.003080575424420333,2.0397686874491257
-7.727166355588434,0.39636690902483046,-7.59310179559572,0.23542215443351727,0.0030173861344629928,0.0007073479422967295,0.0007836445245512164,0.0010886282734412609,-2.4725925435958254
11.044289303914514,-0.4006139533510212,10.959921851323402,0.2354109286141838,0.0028546531880475454,0.0012146638613136816,0.0009893633684250685,0.0014712249488221898,-1.4197202271524085
-7.744631595992204,0.398358576135249,-7.592965433569472,0.23550458367810723,0.005801561800573836,0.0009876326120672775,0.0007768258885841034,0.005332462355152937,-0.40952736228767544
11.051161264172533,-0.3981540687713389,10.959928938324623,0.23544308411553339,0.003085160663538568,0.0017135728690238778,0.000987831356676082,0.0017004571259436228,-0.2798388523261973
-7.685546270069386,0.4103012632060239,-7.593013511208992,0.2352142733313017,0.0024652909304543366,0.00111185186013622,0.0008690398413389556,0.0011628249113175356,-2.7836105209766053
11.053601834154367,-0.3985679788409996,10.95989385314158,0.2354562306983001,0.0034607785556015043,0.0015782557019732783,0.000975010033209442,0.001784745185511516,0.5492333776378693
-7.732126585439557,0.39738780236014076,-7.593143814536195,0.23543189228746025,0.0029219850490753386,0.002134481158505539,0.0008342064253885663,0.001505754919719614,0.29349919221157605
11.053821932766123,-0.4002136170564123,10.959888977545075,0.23545881132014895,0.00366453517921388,0.0005834259450232683,0.0009334065044484149,0.0015137675315595109,0.3685737204091997
-7.723725892133955,0.39340823473596037,-7.593329975457124,0.23540266574061142,0.0025167686345554394,0.0019211244760885032,0.0008688068742727854,0.0013920402834438036,0.24628103165021428
11.0585821469326,-0.39598640140587243,10.959925333309343,0.23548542437356362,0.0038484627419582734,0.0018289142907518623,0.0010061269794997643,0.0022480222511470404,1.6072961060604747
-7.7465291320214735,0.40356044102336297,-7.592930099798578,0.23549773971520913,0.005951528363049265,0.000660988293488719,0.004763980278335836,0.047254455244838685,0.5134221931103906
11.039919457346276,-0.4043523624458927,10.959829315112612,0.23539204624631316,0.0016338385236853313,0.002088116939287791,0.0010281411681675704,0.0014416722148484227,-2.904128733137578
-7.719171006572568,0.40103239167858584,-7.592991040405456,0.235384165199412,0.00318634995047026,0.0013046779621533648,0.0008198248524130723,0.001375078094687593,-2.272763252122608
11.049134874433275,-0.40034501940401424,10.959897723219525,0.23543253677811934,0.003290417451176385,0.0014142367684797776,0.0009676352148145799,0.001622425496284981,-0.2564129303520051
-7.724565804282118,0.39031368480225237,-7.59299502007412,0.23541914291480642,0.0036816202812731307,0.0009507040949275053,0.000817286974431472,0.0014298202440848147,-1.0275404438704587
11.045124744434615,-0.3940935031541789,10.95994741329174,0.23542714978220083,0.0020752525116789827,0.0017914376100871985,0.001034628744054417,0.0015032322047149114,-1.9945047394376894
-7.7235549365121665,0.40072398433580403,-7.592887638351847,0.23540441761979203,0.0036387756462826866,0.0006734931894665186,0.0007853019317388189,0.0012653934398884669,-1.9647568249572918
11.007625929875926,-0.39200533783462926,10.959876179755623,0.2352475604062955,0.0012634018539915911,0.0007206709611839531,0.0011187084528222872,0.0012474754299351529,-2.9196458613444993
-7.745391854850458,0.4039121682662358,-7.593004151281863,0.2354877677346934,0.00610238421547539,0.00033829440755492925,0.002464143504884909,0.022611085199068917,0.8983108393383091
11.051573229326609,-0.3977145949506839,10.959932330383321,0.23545107524564735,0.0047369812153515295,0.0008111723971095594,0.0010477706859744985,0.0025138085237173,2.34399990484762
-7.7507946683235955,0.40822402499674687,-7.592986040708772,0.23550727691171014,0.0061433144712812245,0.0006137455744248242,0.002806094391164209,0.021307503193460302,-0.03757354903886261
11.04241014904027,-0.39107465467490105,10.959896195704841,0.23541274887823466,0.0019030685272681152,0.002356936173302358,0.0010885762997423088,0.0017399569550306244,-1.3614951358827154
-7.730798047133974,0.3922818712971056,-7.593020055677652,0.23545090742574917,0.003759998588527064,0.001891916400537585,0.0008536381144571499,0.002145366714354001,-0.7819360688115955
11.06307540039576,-0.3971167172857115,10.959816872738893,0.23550746159683678,0.0030853056726062767,0.0019920955463707114,0.000955495553084169,0.0017505793899251763,-0.5619333267532093
-7.733409250054745,0.40194404159934466,-7.593022421425195,0.23544282096221078,0.002154606754105074,0.002710830961009724,0.0008841268028352358,0.0015238014818073243,-2.5389147433294843
11.010451508363595,-0.39865418613089365,10.959853619430506,0.23525534175958332,0.000268998868288361,0.0017650158509967592,0.001112178079214261,0.0012179734756700333,-2.930049212470836
-7.7432235051826845,0.40860369072951247,-7.593090042232263,0.23547215511208666,0.006091372300454601,0.0003551645489780988,0.0032979686384635703,0.045722025883871045,-0.17289477803429182
11.05823953705878,-0.3994722948785752,10.959912276664053,0.23548344706602106,0.005790508652988257,0.0004710594801009597,0.001406113191746622,0.0047408489716275195,2.074537698901665
-7.7474899106905575,0.4031935149489432,-7.5931166086585415,0.2354958342700294,0.006346989370778561,0.0006943435108264104,0.0007594746535197703,0.005185416957248116,0.3852304103727589
11.008570477250146,-0.39188399386340034,10.959983850365996,0.23525368786200612,0.001512964363438002,0.0007804205155641587,0.001113668267987496,0.0012903740617662446,0.09198774059572418
-7.719116458390019,0.39863890915150657,-7.59306620219991,0.23538319038967154,0.003228289091925544,0.0012765156528124647,0.000818172990681618,0.001321046880424044,-2.1816864616375495
11.049360481215688,-0.4028523708335077,10.959958133743012,0.23543322600323455,0.002281614290974859,0.001617685640153205,0.0009863528389133832,0.0014017964187487792,-2.6989339032307638
-7.714174233540954,0.3960610481889179,-7.592942970131612,0.23536948012502257,0.0029870918379030975,0.002024551815206999,0.0008752162948509421,0.001631322433428067,-1.41111286039941
11.055585479935026,-0.3933608662374461,10.95998535597686,0.23547497640673318,0.0030591462655089113,0.002082955789073855,0.001008731485825712,0.0019169816414997495,0.6430203930910828
-7.748941476057839,0.4041909607604165,-7.593040380468611,0.235508525663711,0.005954047918537055,0.0007742417065945908,0.003018343406445037,0.02035500719391222,-0.12405858497538076
11.058012862151033,-0.3976189358577163,10.959852699257645,0.23548157882751602,0.004061735998153641,0.0016210680248287604,0.000957405008864128,0.002067282106834379,2.4159096999566763
-7.749780513359406,0.403702239956785,-7.593028884625092,0.23551049152336317,0.005981249032616338,0.0005954478759652404,0.0024251498739044446,0.04123774867234471,-0.9526150605382685
11.051768933979286,-0.397556852983639,10.959835572522769,0.23545206090586912,0.0038936885189220947,0.0015034491472665306,0.0009810869304512546,0.001973776253444238,1.8325208163022983
-7.732553832928628,0.3955773795200795,-7.593043172044155,0.23544497131599149,0.004454683095823537,0.0011996822768332832,0.0007782875781258883,0.002064408321795329,0.046156610197922665
11.054998609595334,-0.3985432655084875,10.959951658931184,0.235460952888077,0.003747544716979657,0.0013939609739038739,0.0009626075267520288,0.0018267957404454302,1.1701577314326763
-7.711258907223632,0.40635142517601924,-7.592944006146023,0.23533568268460392,0.002846336797619124,0.0010748170276192708,0.0007833473796574498,0.0010692333886303015,-2.5328837912973827
11.067768634953133,-0.4086893911623025,10.959895629543439,0.2355167747807392,0.006022266856061543,0.000757219626925568,0.0016851007388918795,0.009039617195267632,-1.6511994982010822
-7.736557096771698,0.3980649565038559,-7.592948491435575,0.235465314959281,0.005876728528077666,0.0005883675993496034,0.001384232040306481,0.007274859627149955,1.0640781281666547
11.041763543121913,-0.39576986588987645,10.959880026775604,0.23540457083995375,0.002298473507085933,0.0022366156172628033,0.0010680122847015916,0.001799593479457364,-0.6672274431565285
-7.743162877606673,0.39947943979831185,-7.593085941788763,0.2354902411196153,0.0052178471285893166,0.0012561179120701962,0.0013911224983677239,0.018649672926674864,-1.0090862134484784
11.06097141848007,-0.39129404816890945,10.959833228621674,0.23550845082511268,0.005618820419442888,0.0009788788055750046,0.0013073015154832655,0.004136119136416162,2.2832943994903863
-7.746279018404617,0.40236673252979555,-7.593018556687388,0.23549977195111382,0.006067091001348428,0.00059283205778131,0.002727950681289176,0.016433244116008876,1.035406497757
11.039429868058619,-0.39303556127844474,10.959938143748166,0.23539536641349412,0.0015952338378006812,0.0024913355490101684,0.0011055000109496543,0.0017297927616760015,-2.0757770726352844
-7.69012699272055,0.3966308381371501,-7.593120006117417,0.2352539310639064,0.0004632795329069311,0.001123044371161837,0.0009721706493887244,0.0009726382260080808,-2.8132425591288497
11.04681039250609,-0.39702253982633806,10.959984070175285,0.23542622586586898,0.0028763884194280415,0.0019981411734800824,0.0010288974453568627,0.0018324675939053888,-0.006220298152292304
-7.737404289382231,0.3962722810604313,-7.59302890061393,0.2354670366865864,0.005805176659177828,0.0005827303117063473,0.001882493419154452,0.009832763208910888,1.6709006032207119
11.061220425814327,-0.3935830091689917,10.959879728430279,0.23550699616121773,0.0057470605917627595,0.0007057448317304899,0.0013342339102281034,0.0043492915079766615,2.210545228675112
-7.748745361462655,0.40479345316440896,-7.592929299437475,0.23550915397936395,0.0060049427165041825,0.0007775945485770636,0.0019803571006260364,0.024026063537651493,0.07071224381366709
11.055058399620634,-0.4025078778413187,10.959917382670248,0.23546138389747978,0.004191485688885331,0.0003330634748430721,0.0009163425632998093,0.0016432120314725655,1.1010748638266157
-7.731504637146523,0.390274167974129,-7.592859152724731,0.23545711334118608,0.004401488058202203,0.001539041384539335,0.0008674340485884479,0.0027159963453199224,0.7602884981607798
11.054330019797101,-0.39574752654715317,10.959796990838493,0.2354659058750614,0.0030629469438831097,0.001967450651296711,0.0010026724904332153,0.0018700689116261232,0.044148274454565574
-7.750164533377766,0.4011961719118819,-7.593016123775986,0.23551893309681513,0.005815949291560237,0.0010162687116892469,0.004047936057609693,0.03801934838478799,0.3050596781010103
11.056269503570714,-0.4009203606991889,10.95991160324407,0.235469614548417,0.0034789818632624584,0.0013728688836668198,0.0009469768839601476,0.0016491969069786507,-0.22445877658090416
-7.693774457485484,0.39595151381357385,-7.5927195083292425,0.2352744596757677,0.002171923291484464,0.0013879293622910981,0.000884988626096146,0.001190279946919799,0.2631281233873414
11.044254832938615,-0.39861214187785265,10.95985772280433,0.23541724915739923,0.002401113030955858,0.0020895280488438944,0.0010380693627227333,0.001725665233894489,-1.2703053592231872
-7.691066489896451,0.3990090867209293,-7.593015422106688,0.23526342461295044,0.0027415603665615507,0.00048203506098919575,0.0008910320542835493,0.0012146588457250746,-2.3190958623853146
11.045687595708985,-0.4001753636553891,10.959905784291527,0.23541765907731663,0.0032203277934428087,0.0008778592830741759,0.0009685581988211836,0.0014639012520379511,-0.5844014509093665
-7.736878076315458,0.39982347642397986,-7.593153864096678,0.23546093684920838,0.005422031161700725,0.0008148927183804992,0.0010570990676496866,0.005411304905213259,-0.4211528404125671
11.05518153619969,-0.39325468357145843,10.959851823658028,0.23547850341509388,0.005745354619647345,0.00033189280441145067,0.0013000372998603867,0.004048181550687604,2.194443974320416
-7.737896409317131,0.40674462613150464,-7.592967451098585,0.2354542149959208,0.0061025503957461286,0.0003716294863646517,0.002238622313591855,0.014712985754495846,-0.13878337871025903
11.065123604106065,-0.4046743506416751,10.959887818807182,0.23550949748761923,0.005797347367718484,0.0009817707579568347,0.0016022792718267116,0.01573385548264798,-1.1679730397220947
-7.7122436393581095,0.4049249835035873,-7.59297186403491,0.2353436060479754,0.001920772043910922,0.0021709060657970933,0.0008583759609744902,0.0011394249105662615,-2.6047929973725665
11.050962474776304,-0.3953413390453411,10.959901491343215,0.23545013255005873,0.003287630091220082,0.0018682802930467847,0.0010134169395997759,0.001955907987795575,1.2212549545908897
-7.727662903190588,0.39770975499751005,-7.592967411537561,0.23542497086642009,0.0031428290852634215,0.002093175168497957,0.0008360246197112971,0.0017050656724146942,-2.0414503624303912
11.057803056573952,-0.39889504619317384,10.959976181932518,0.23547851406043754,0.00384587187853761,0.0017014814568342,0.0009698712724638028,0.0020398338929563465,1.4979099779385447
-7.72910517466684,0.3977962076152245,-7.59307023724589,0.2354276219097234,0.003231845960159941,0.001633462646300872,0.0007897308313983412,0.0013694034777285847,-2.31656927768233
11.053891822938258,-0.39355194128367116,10.959856572347633,0.2354663008873927,0.004164600400742346,0.0015525402872024112,0.0010652277347866033,0.002480575036584476,2.2383302251684167
-7.703278979749202,0.39571887686132584,-7.59297700838635,0.2353188965666906,0.0018224404393308478,0.0020154396551258936,0.0009298605638612598,0.00134125844279579,-2.7427127923246832
11.068264881304497,-0.3981946066502585,10.959924866866288,0.23553546327500327,0.00621869334084968,0.0005511637014433475,0.001589484154637691,0.005726235372120756,1.8147438544085677
-7.739219897836948,0.3901407833157807,-7.592845572849377,0.23549646076757003,0.0038238983281474385,0.0022104741294455246,0.0009257763085561931,0.0038565372114462036,-0.3111443458041459
11.049251389401753,-0.39896805589666967,10.959843977076842,0.23544003334479507,0.0032701212032830084,0.0015045335850913117,0.0009716134220891866,0.0016670727695049018,0.13117464300330803
-7.731338617809477,0.3964255197637639,-7.5929439311567615,0.23544652962396062,0.00535439953539902,0.001118423779743194,0.001697001007056671,0.014822910270607849,0.7340243722836628
11.05320010970437,-0.3993587784185398,10.959876514029622,0.2354560415255334,0.0036475089150977504,0.0007564993097009226,0.0009543904897741784,0.0015608614291549336,0.9873079920974671
-7.71532687810219,0.40238841418192095,-7.592947790668572,0.23536767082749785,0.0036389204854523714,0.0009009340895345981,0.0007936396717184489,0.001383747102971035,-1.5580289937920353
11.029968310292354,-0.3971433045166125,10.959947339522042,0.23534645724014933,0.0010212569508257939,0.0022834912650016143,0.0010972076858602104,0.0014703208151367949,-2.933896550654798
-7.727932684387149,0.39428277489729924,-7.592825031655463,0.23543573966924353,0.0028427563171357566,0.0021000049033802095,0.0008308409241678662,0.0015053964434860404,-2.0998359533502167
11.06254830436622,-0.39603762816784294,10.959972132938328,0.23550811769259508,0.006070182153682211,0.0004748614209604446,0.0014611374406353994,0.005128393064997425,1.9808662443634946
-7.752588134208572,0.4027489063946183,-7.592955592337859,0.23552997310221432,0.006117150776921381,0.0006552708506917107,0.0024085897818547147,0.015444195560308746,-1.3981835938054912
11.031843910830952,-0.39783046874708927,10.959804675139893,0.23535793036123753,0.00014139369933367001,0.002105508730246228,0.0010927702473638317,0.0012340147856911006,-2.9029867627301167
-7.71758424579177,0.40203434324555637,-7.593033585724149,0.23537238948087655,0.002425882758271822,0.0016444416694845643,0.0008426033433848178,0.001212067507270901,-2.65283975747143
11.042355025999413,-0.39625919198963155,10.959888871800876,0.23540662252097558,0.002120911044903545,0.002293628997164773,0.0010636146408790042,0.0017416253239312537,0.06906180688048164
-7.689074069103087,0.3970804846637743,-7.592725635483026,0.23526016204762754,0.0016831727921931498,0.000599688913702367,0.000961857991487243,0.0011064756072920643,-2.9008073256805953
11.048054428001256,-0.4004654755753253,10.959941609392507,0.2354262683219141,0.002851588206812321,0.00020305743154894415,0.0009732502310794743,0.0012949337521421657,-2.2745454131318144
-7.731219918957788,0.3913242809163601,-7.593026510927818,0.23545098538248715,0.0030281056848900077,0.002140992986482731,0.0008726705941833811,0.0017433721195244118,-1.6446796044118481
11.059587197158038,-0.3956924558413292,10.959909688220565,0.2354956606914257,0.006131288384972485,0.00031610872071763304,0.0015065937745648086,0.005235452598693272,1.9570474952076082
-7.743421731788598,0.40183047902596386,-7.593030862103293,0.23548709141810956,0.005969756447224438,0.0006676469521005086,0.004373947294851354,0.03360651048138777,-1.6673335939602683
11.04399931957423,-0.3916211509574756,10.959839576940816,0.23541935049192056,0.0019920771031623776,0.002045632424996785,0.0010594271671417682,0.0015901685494589836,-2.0388125670649586
-7.751207852389994,0.40267501392526167,-7.592922174458001,0.23552481560421068,0.0059096546971131435,0.0008662209005340091,0.003370823886834026,0.03375527628364589,0.4949452619292102
11.06677278804353,-0.3989537534684657,10.95988515149191,0.23552754749259883,0.0061751142408657065,0.0005687570936965705,0.001640991917448865,0.0060502561781675,1.7474629692068104
-7.746158811534728,0.40095140503710747,-7.5928999811596904,0.23550386725830652,0.006069667329961596,0.0003313146833864278,0.002693736583861607,0.01808176997174155,-0.8652814190182966
11.065228525912891,-0.40430391835492535,10.959918890250979,0.23550801148349151,0.005765118641162659,0.0009345233589629036,0.0014214625367942894,0.008123711411513431,1.6186744585959458
-7.7135746034283725,0.42102950862128863,-7.593180188925696,0.23532262081943792,0.0010277338682353433,0.0011899766241678276,0.0007812312814684264,0.0006914586555532237,-2.4663691432043517
11.06725456064924,-0.3967005151401527,10.959900879385453,0.23553044014298674,0.006155879834857947,0.0005242355429569303,0.0015509580900650226,0.005477044798531803,1.898341068423544
-7.722306805036306,0.4005748586783155,-7.59309427414891,0.2353856912252814,0.001982949296576403,0.00019597375018143837,0.0008696877724905413,0.0009758157122588119,-2.8467025393982053
11.069748247783627,-0.4229830273344313,10.959940521530637,0.2355047991910706,0.006062302064689335,0.0006267606089332185,0.003998906791473775,0.04701542831312056,-0.7476773382076168
-7.705390996394501,0.39657300598714845,-7.592890313540897,0.2353296286939859,0.00039728839264974695,0.003039025987571465,0.0010250314491849783,0.0014287609182031635,-2.738078568462329
11.048641712284473,-0.3990837307556895,10.9599648241817,0.23542984256489674,0.0030234676670347323,0.001402477433405987,0.0009871469350162592,0.0015766130281217369,-0.9833757381134253
-7.7083904811687916,0.3954264270606802,-7.593125740230574,0.23533680170512195,0.0022702447479713145,0.0020253592732411415,0.0008859955695379641,0.001400003818807393,0.27961634017061043
11.047294926325034,-0.39798692662336244,10.959794420210962,0.23543408162092444,0.003915740612952458,0.001306088221015858,0.0009786820633123396,0.0019082744194009905,2.1128745362296457
-7.741359225025035,0.40188285013924185,-7.5928830815187744,0.2354825469661959,0.005772861653621791,0.0004489214057661142,0.0014100330707965656,0.008461673691149727,-0.4577678115620555
11.070885611837518,-0.4162642631809137,10.959880376486987,0.23552137248607904,0.005828000675892136,0.0011297726787086076,0.0046924028122664885,0.06134525747917516,0.5567406559229942
-7.741529050056524,0.3937990037004303,-7.5929165402831345,0.2354918650373098,0.005198760075889013,0.0011558392539706278,0.0007528537561537786,0.0039024088942560355,0.3599644142830436
11.048913591030997,-0.3938503093439437,10.959987410785708,0.2354386296502941,0.0013333059166457416,0.0021848955908750365,0.0010526705861609587,0.0014482600935727087,-2.628762023846683
-7.743807909738179,0.4067213661434576,-7.5929381516359795,0.23547997040273977,0.006042130028221165,0.0005366126212973339,0.0034218488461190385,0.05008808369340542,-0.09741041011633282
11.060892812444164,-0.3940551296595305,10.959876801933017,0.2355044157325298,0.00580956875722548,0.0007998043645870363,0.001357101694242163,0.004566183778473616,2.1540025676147545
-7.6977236139853575,0.41159800419066994,-7.592791498959267,0.23527584655755188,0.0017645497162827968,0.0003769957747752721,0.0008704044436476939,0.000942945592374376,-2.7356545200529454
11.055830094606407,-0.39169787426815195,10.95992497739091,0.23547847937959066,0.00419273059145461,0.0017180452044059475,0.0010626270836653611,0.0025339456989969355,2.6156454798088786
-7.7444684149785115,0.39275865542823857,-7.592976461173993,0.23550823673386242,0.005672088450226899,0.0011571380882851626,0.002139078681765584,0.01618896770073305,0.9771055145564632
11.05204135257314,-0.4010490649725911,10.959944625127136,0.23544623684806418,0.003918709886360359,0.001226805622410741,0.0009460531613728268,0.001781987824647159,1.1468567009157005
-7.701396768235851,0.39675579484530676,-7.59322792422262,0.23530298887545134,0.0026794106314113,0.0011382860963206865,0.0008943797226277443,0.0013042295778653331,0.18878441360801132
11.052677911937156,-0.39958334887833014,10.959890817222945,0.2354530049988488,0.0036106573916429626,0.00043928162279383655,0.0009422924291574065,0.0014768987138127716,0.14150850560478562
-7.7413774068688035,0.40538100102638097,-7.59298736128937,0.23547356579712472,0.0058854078285093215,0.0008745536743959083,0.004233366925727869,0.04857125970367752,0.2975872646130389
11.063824073751217,-0.39502540008240505,10.95990052830312,0.23551505876385373,0.005824850541611367,0.000695785843398818,0.0014653853959165474,0.005067685942160941,2.0220821429953673
-7.699657779171504,0.3960606800458721,-7.592892171760842,0.23531050168084802,0.00308193440608787,0.0009165240526936574,0.000883231321741132,0.0013551889680596355,-1.7620655792611695
11.044729120161119,-0.39555480547660415,10.959945188927362,0.23541487414019516,0.0013829435606267518,0.0023124366311375122,0.0010626542223872192,0.0015185639036600577,-2.498947016024523
-7.68782536870496,0.4050152570608756,-7.592832472076174,0.23524025317109062,0.0013335344679565751,0.001172482128485573,0.000920835801927266,0.0010242056620551007,-2.7978078723789017
11.056240241005925,-0.398552487570363,10.959865562989018,0.23547361626851668,0.002407357896727022,0.0017951640412306711,0.0009764549018736855,0.0014655011682018545,-2.1089273899549696
-7.6911490374058635,0.3989657577501633,-7.59304089760604,0.2352555577310972,0.002484869816611583,0.0003073504550426648,0.000906360967626945,0.0011575909071180222,-2.6283132204053468
11.052278462000688,-0.39604783356757456,10.959821701844733,0.23545775906225755,0.0035987112702060096,0.001949430660057362,0.001016049591814057,0.0021361835126969915,1.6566607094385848
-7.718160199275257,0.4084758048808771,-7.592890281338963,0.23536587356272143,0.0044598977846540926,0.0010016305069650805,0.0007156778732304886,0.0016906356242202113,-1.274003485062658
11.051001111801993,-0.3975480236874799,10.95983307842526,0.2354514215818089,0.004941735240212765,0.0010550419067916696,0.0011120640398404897,0.0030276615522573974,2.2756536064135746
-7.6759769327901735,0.3922786566669951,-7.593093284699211,0.23519131862912504,0.000987783049866243,0.0014776102076101115,0.0010046787355726483,0.0011567167544380644,-2.8795725049244227
11.049654175888596,-0.3996492687217587,10.959858021125118,0.23543931064246998,0.0035982277751412913,0.0014278179095346976,0.0009752369742678718,0.0018009677968574963,0.9054860153200868
-7.746329587854517,0.40363929698134243,-7.593068002238206,0.2354962040456556,0.0060654391512653255,0.0005514541522536248,0.0010660153881991365,0.00838203671090507,0.43055927049819764
11.073852198947833,-0.418850076903452,10.959926381317892,0.2355298121124626,0.005902276029136714,0.0010936542013586963,0.0023351464466076937,0.028655373970137617,-0.6481301512445651
-7.754185425455554,0.3994705218310998,-7.592997812713585,0.23554068480277288,0.006115317034901996,0.0007154754707671073,0.0037782726951413946,0.019055708384834565,1.0620771557994286
11.029539808547147,-0.40220455267922395,10.959972699548288,0.23533690453717543,0.002546926469389091,0.001703559104830405,0.0010347989983699706,0.0016118191025998013,-1.3331411638180473
-7.710617595547313,0.40271278801121213,-7.593304978880476,0.2353327625584995,0.0016581389616342496,0.001642223179169268,0.0009035239622394723,0.0011439143731466854,-2.8052884066468136
11.025861154048995,-0.39787254153215523,10.959871790797653,0.23532971471782563,0.0016954880405334247,0.001673482133863159,0.0010613178515148042,0.0014012337987608123,-2.6517951613415045
-7.746951766536466,0.4025653121054462,-7.593047363990846,0.23550037047041308,0.006003814291101147,0.0007449196456397806,0.003096080154632861,0.018020064444145504,0.4855679064799387
11.05483214944303,-0.39814199495205765,10.959930489666123,0.23546513891277832,0.0033020349061638563,0.0016789822611932772,0.0009746624465085651,0.0017571188447493753,0.5181376512831773
-7.728393550493361,0.3978539458702072,-7.593030419316859,0.23543151947980295,0.0037833136974894286,0.0016876918787904537,0.0008375585241821104,0.002013821320879254,-0.7528351587228022
11.050279346272612,-0.39405341887953016,10.95992193298654,0.23544649560130063,0.0028464870944445424,0.001877087448506047,0.0010222039240259811,0.00176586462603984,-0.2237627520674943
-7.726867471787886,0.39771361545581946,-7.592855500307816,0.23542483359234218,0.005496268567075007,0.0006918360078886021,0.002400084050399692,0.011775038590576962,-1.2824139269246593
11.026514232054417,-0.4021399586210787,10.959964057837833,0.23532929059525617,0.002260299530379693,0.0009456628574019844,0.0010231644014802503,0.0013284434782671536,-2.6001838740352095
-7.709343393348891,0.3977616366751764,-7.592925705574814,0.23534360910346933,0.0039889426991003415,0.00042813265077912255,0.0008133219748646414,0.0014560889996874913,-1.1050781147570428
11.060637725339074,-0.39275984217284576,10.959892136254792,0.23550414280911466,0.00564998016063154,0.000814035571161352,0.0013202983389364758,0.004256276308796393,2.24672531845463
-7.737931002811418,0.39331791910162023,-7.593032673025136,0.23547436575839376,0.005736092104454604,0.0008622261993764261,0.0014879692246147636,0.010977817865072672,0.286416263508433
11.07322477196758,-0.4265075098008687,10.959906899634458,0.23551465902663926,0.006216649188731368,0.00030563271848912477,0.004540764879471556,0.03823861250080617,-1.0077870380230345
-7.724912335579792,0.39659405850619744,-7.592840148288984,0.23541619414701304,0.0035099755851501573,0.00021563348643865914,0.0008034706561663225,0.0012151475568173468,-2.335678839498401
11.065416335555485,-0.3969234164939702,10.959833151764986,0.2355252902051883,0.006049428810373695,0.0006289593039192179,0.0015196000260313343,0.005575969356958014,-1.258316170420073
-7.686957521853942,0.4031043262113927,-7.592798256533599,0.23524514453902762,0.0012825942491007105,0.00022287718168149265,0.0009490569958747732,0.0009968091991969627,0.28398266472783723
11.047013654403804,-0.40017655401295027,10.959928322028224,0.2354272565335744,0.0021484367378988858,0.0018851194321048035,0.0010069513155441352,0.0014876432848299856,-2.394201059273506
-7.739819363758892,0.39634166835429474,-7.592982220031338,0.23548150037774845,0.005498936119813217,0.0011245501117252955,0.0008081571260215831,0.004664111639887814,-0.6225720836205332
11.042195754225848,-0.39989100383531617,10.959873310475023,0.23540726969591552,0.0017349721028608153,0.002119966598377049,0.0010348996248298477,0.0014915770538532183,-2.4741663308996924
-7.715257029833621,0.39214016707272126,-7.593007615780453,0.23537344013729894,0.0032293212945005887,0.0011090332700054305,0.0008512885991675597,0.0013542187411598192,-1.4627030957055822
11.048155657916398,-0.3999524769679557,10.959841944097153,0.23543265098369248,0.0022495813960608274,0.001721946532066491,0.0010010255940118534,0.0014528966429663136,-2.2706452337727776
-7.720327802260025,0.3947234974787526,-7.592922015774455,0.23540090421431592,0.004025015479507741,0.0008904520829075437,0.0008000462532956959,0.0015542165928923745,-0.5565455378718405
11.06142982784628,-0.39677292091900096,10.959850529323448,0.2355052994354715,0.006055826001490339,0.0005197278976765493,0.001559307336375353,0.0056097341587863945,1.8856104908193643
-7.743705022123537,0.3951406811404409,-7.593034215472326,0.23550299747343936,0.0055868113210251966,0.0011869949627852719,0.002480191355583515,0.024202189275846685,-0.9933045679139203
11.064340123590119,-0.39727212118083155,10.959886171699697,0.23551757100413015,0.0060689255083209185,0.0005551922106100545,0.0015046789469694685,0.005378230408084574,-1.2008099982670475
-7.748658109056617,0.40840433457351477,-7.593046162664931,0.23549901931191636,0.006122534204960474,0.0004723455907998858,0.002716043782207788,0.020764146192051816,-0.5429674093346655
11.0584005320465,-0.39571114278171227,10.959904584080652,0.23548578672933393,0.004435156028232727,0.00123621287627994,0.001020237185819394,0.0023794321368788185,2.2298581913966955
-7.728082652474396,0.39763565215945257,-7.593011537214425,0.23542554794926004,0.003729863417058555,0.0015588475115853589,0.0007671604336916343,0.0015126635157877483,0.20610811268351614
11.052712772133114,-0.39905407524740777,10.959824689069766,0.23545469577704944,0.002708282748791386,0.0013207905073811753,0.0009813364630218522,0.0014420975180121896,-1.4842367167301875
-7.751408488910734,0.39833203514369736,-7.593113813712733,0.23552349751283724,0.006005738911969688,0.0006727331878897901,0.0024489891504466204,0.016596637725889495,0.14210931620477896
11.059056347508086,-0.39393301140703274,10.959901675755226,0.23549544151478574,0.006027263850716112,0.0003681947703026904,0.0014927547920165945,0.0050351375967634645,2.0074381143575777
-7.737525677743578,0.4002585755255229,-7.592934870409675,0.23545840927826703,0.003421091436744236,0.0014263329347819432,0.0007389629257803489,0.0012359274115777798,-2.4830085746693156
11.058437646158735,-0.39708938724325504,10.95992491535857,0.23548441422967456,0.003760499102181727,0.0016815989691295022,0.0010039930563937732,0.0021108770992085083,0.9790654027858792
-7.721717576192091,0.40065433660016686,-7.592924764097375,0.23538561187605989,0.003597992490843894,0.0008819755578735831,0.0007721860580718138,0.0012818508285515143,-2.040400323922943
11.043292575201946,-0.3973415827006923,10.959880605420734,0.235411657271925,0.0022610646424604877,0.0020493409495515964,0.0010363583385147215,0.0016300858829371122,-1.8763227620550147
-7.699528604495699,0.41614217986265517,-7.593353600570563,0.23526485923620447,0.0011920895677146445,0.001268259397811759,0.0008068783981895963,0.000792038415562416,-2.5835426309381004
11.04187907476485,-0.402638450903037,10.959888164633801,0.23539628145470945,0.0031850361964724256,0.001048567553798326,0.0009722220021117269,0.0014985684249733118,-1.0596090012756694
-7.695827861450703,0.40878390001054554,-7.5928580538785395,0.23526817199037622,0.0019349220632465386,0.00015469663732356318,0.0008969098726709514,0.0010142136060869228,-2.820218005300984
11.050828650070011,-0.39760159260917977,10.95991017356559,0.23544427779482135,0.0031597721520684983,0.0019573429823766457,0.001006517394535407,0.0018931598198536354,0.6049456781346589
-7.746738938913144,0.40367412463136215,-7.593030075933795,0.23549535318759018,0.006123385832837648,0.00038514588879362283,0.004102424094758926,0.02657348551973342,1.2676575111180746
11.053226058757128,-0.4011551900102983,10.959955842884257,0.23545370793723178,0.0034609223755071115,0.0006114501841754203,0.0009382065764751734,0.0014299212670653458,-0.5449594421791006
-7.727289681626915,0.3943044453020884,-7.5929694755340496,0.23542538733021673,0.005059665498605781,0.0009780579490378573,0.0008805380191076622,0.003990702566696254,0.8298271368136972
11.057519819232972,-0.399802899719688,10.959878436175915,0.23547452068534294,0.004479208302834138,0.001128261559473086,0.000961638571425828,0.002153907571631389,2.3109915667897907
-7.739664217435652,0.3829683480038746,-7.592895534294997,0.23550581813144061,0.0038814142584456864,0.0021951149530419893,0.0009091649897855003,0.002665332703573356,0.7961639511080346
11.036105376599899,-0.39716747146983156,10.959872785246858,0.23537787674489896,0.0016019043479825294,0.0022828477705909025,0.001078445969579965,0.0015938240048461825,-2.6825972341880973
-7.747242455288599,0.39900996210914935,-7.593007766947584,0.23550955809701804,0.005839365284703628,0.0009433534582604143,0.0029728966179702367,0.0226983748147853,-0.34086712056753005
11.05351723013599,-0.39869689963556865,10.959869552752517,0.23545898775775564,0.004291586895469823,0.001460322570135098,0.0009819867489167747,0.002198838637965247,-0.20524728853580976
-7.738805788397512,0.3973170751680645,-7.5928982764101205,0.2354815389553657,0.005826842998354344,0.000882071682834779,0.002152846614927075,0.012210103839185976,-1.3751313510568692
11.057376213656818,-0.4013098702269504,10.95988185602463,0.2354752166956368,0.004303486939394497,0.000738791506666782,0.0009245466432727527,0.0018061770484597331,-0.12410288417203043
-7.7421616528485595,0.39894236331252786,-7.592944574846992,0.23548764815965043,0.005964915739512241,0.0006269360515309322,0.002034733625877863,0.012520215400193708,1.292697227140174
11.049290069696372,-0.39820895183914434,10.95985012264282,0.23544202232104475,0.0030126549306785126,0.0007793472358894728,0.0009820758898748628,0.0014024711721282652,-0.6720654184831534
-7.715986047930888,0.3961109727139177,-7.59296734203178,0.2353748100230773,0.00386765444121698,0.000737849157628302,0.0008019288676256849,0.0014585532752949357,-0.7989240216657744
11.0464007886663,-0.397184929363817,10.959896940350733,0.2354252882582023,0.002883032665833529,0.0017094597937103756,0.0010042678391544596,0.001645847634198464,-0.5891584625069681
-7.740047284590038,0.39802338411997756,-7.593010630797694,0.2354819613690713,0.005797072121143307,0.0009487356589056226,0.0034583439149163905,0.01968742721107219,-1.3534392148307977
