-8.32638100000031,0.09863504988978455,7.99309015
0,0.5449778995039477,0
78.09420353601735,0.9197459582974475,68.26988075634324
3.547307762701739,0.09537446213005922,3.3199593100997262
631.118713,639.8171160215214,647.771362
0,0.8952299819886931,0
73.58134931376577,1.0430659734507775,59.529565236279964
5.370685572555397,0.17141110653839453,4.756766043594701
1269.62207,1282.6793940821149,1286.27478
0,0.40924640340945106,0
26.140591412306044,13.652462057723257,14.823610651779479
0.8189702352837138,0.5019711777995713,0.5118136075626122
1909.06702,1916.6999956718755,1925.71985
0,0.17713660674809653,0
16.788678125095103,11.887562600995548,19.443174357707104
0.2740807633889949,0.33665600663561873,0.3567601586352441
