-8.32638100000031,0.1122010115035188,7.99309015
0,3.123492613534502e-05,0
89.88118826352921,0.7993737753775466,78.49570999257624
9.78081734183755e-05,5.7732820366540025e-06,0.0008729523753108226
631.118713,639.5532853478508,647.771362
0,0.0012975189118834256,0
69.02257002304388,1.046575503513823,65.57778590612256
0.006897412902879459,0.0002697353905287038,0.010993227276105034
1269.62207,1281.8627713200651,1286.27478
0,0.00044240025869205575,0
24.500737598632526,12.736955803060406,14.265250403874159
0.0008850118014862319,0.0005899310364788119,0.00023657785699344005
1909.06702,1917.525447056964,1925.71985
0,0.0003433155655348581,0
17.58178374319326,11.185634367173654,17.188712766201206
0.000589115620991156,0.0007802608632660138,0.0008424878233343808
