-8.32638100000031,0.05287407319517001,7.99309015
0,0.4898465549203139,0
68.68398032470064,1.0379307591890596,61.791026322530875
2.924593703427898,0.09531070361658227,2.080583513257111
631.118713,639.064569886597,647.771362
0,1.1710415408801882,0
38.44640424998065,1.7190638064111936,45.92509592612998
3.9911001991874904,0.41740380697929275,4.997377406085124
1269.62207,1281.862624225958,1286.27478
0,0.07140196310538484,0
24.500265943269863,12.734477956249147,14.263918031904524
0.14267508977725205,0.12827047391986882,0.08443085113098371
1909.06702,1916.4545467365206,1925.71985
0,0.1602574804044097,0
15.803469672037574,10.705636071074515,18.739440676604037
0.33010513138624303,0.2509779595660979,0.20021704067281973
