-8.32638100000031,0.4177294382701895,7.99309015
0,0.00013107248984952616,0
86.47824054668396,0.8933760402332376,65.12846555335923
0.0010909593833971125,1.8458339858555525e-05,0.0007563016422199801
631.118713,639.338947806298,647.771362
0,0.0010651697932864482,0
74.48599567966095,0.9185070956102358,78.33283488525029
0.008716878334881542,0.00014921689168429707,0.00046893053611456436
1269.62207,1281.1379397396242,1286.27478
0,0.0001981903906316765,0
23.189715301384748,12.945956492311804,14.984208990801053
0.000382781306126058,0.0005236827944248982,0.0006433451534685157
1909.06702,1918.5253618395266,1925.71985
0,0.00014678388014091674,0
18.923492678399057,9.20794832105473,14.829250504764403
0.0002933595477208227,0.00029035641219078787,0.0003027788307723168
