-8.32638100000031,0.3814654254836789,7.99309015
0,0.0006602110724507771,0
89.66943522451197,0.8537522522173002,68.71516147198747
0.005914015335329989,8.560100365692164e-05,0.0033368670344013254
631.118713,639.4007574967143,647.771362
0,0.0001518676977451361,0
78.34372953009283,0.8855391627438403,80.00910900164317
0.0014072416652961858,1.722370292470914e-05,0.0023612586902324755
1269.62207,1281.5173241106231,1286.27478
0,0.0004200858065139935,0
23.851491949853127,12.778005737074276,14.549282668209814
0.0008402413585321015,0.000610345653495008,0.0005446121754437102
1909.06702,1919.0008760044,1925.71985
0,0.0003102048759001431,0
19.914469095315233,9.275307336798418,14.142489641053892
0.0006218103837752162,0.00029627653452858973,0.00037852091463852657
