-8.32638100000031,0.3510435654023407,7.99309015
0,0.1586377352642496,0
81.4480490107807,0.93522614671432,63.64734633387789
1.1880174991225245,0.024921481876539094,1.1047995508119655
631.118713,639.4421583614078,647.771362
0,0.39296156112199726,0
74.43780898296912,0.9426435366685477,75.61786935524808
2.901031051981336,0.06276457594207442,2.79847204893184
1269.62207,1281.4231770569115,1286.27478
0,0.29167460768096104,0
23.774218381154064,13.314427354131052,15.746180711964984
0.5723669706639769,0.6327586103716926,0.16053813684857174
1909.06702,1919.4116983327685,1925.71985
0,0.2194777450623429,0
20.976252620859718,8.759420524276084,14.136517275424012
0.4419835702073691,0.240197640646385,0.12650719086619186
