-8.32638100000031,0.17400352390148655,7.99309015
0,5.082341822534671e-05,0
85.57189426478348,0.8528965044964236,72.53582092049326
0.00036758647691997735,8.04838767413265e-06,0.0002695305387094578
631.118713,639.7430200979487,647.771362
0,0.00048389932475168354,0
74.90328138886366,1.0065214356738335,65.04318419443973
0.0025694238990655546,9.697111626507091e-05,0.004902062419647877
1269.62207,1282.4170558571243,1286.27478
0,0.00018761052498855976,0
25.59145860880047,12.657796902566878,13.833517743893582
0.00037524283771191267,0.00018566123523112478,5.810340018775701e-05
1909.06702,1916.891005127905,1925.71985
0,0.00044202012031744237,0
16.60078477106091,11.07199309127653,18.112144178045327
0.00010829666715136083,0.0012415401644070827,0.0012060894267594084
