-8.32638100000031,0.17214706886363018,7.99309015
0,0.0007808716703736745,0
92.22423721607697,0.7899109920745332,78.2254085680791
0.006446984802003359,0.00010990464415036957,0.0021332571422877145
631.118713,639.6637854755502,647.771362
0,0.0013710610548420563,0
77.50595034976553,0.9538373369283837,69.86789078619879
0.00822890131135013,0.0002534955099917865,0.011394297257488433
1269.62207,1282.0896893973309,1286.27478
0,0.00023720032643439126,0
24.938161564873564,12.278182583828054,13.704695285323737
0.0004744303959446148,0.0002841218604523592,9.651339809714397e-05
1909.06702,1917.5860111641032,1925.71985
0,0.0004777847743446915,0
17.69730059916159,11.24143145760658,17.126743777295843
0.0008298480016002748,0.0010717951140501699,0.0011509831951244823
