-8.32638100000031,0.2856668660787385,7.99309015
0,0.1530587682611773,0
82.86090552712237,0.9049663661588961,66.54888399280665
0.9788582771564508,0.026548737707271532,0.5044322495953408
631.118713,639.3424707849064,647.771362
0,0.3069230552880273,0
67.10036447185043,1.0235080136967167,70.44260647102661
2.08342528621508,0.05351475955648167,2.2415868585683745
1269.62207,1281.389591452576,1286.27478
0,0.19861037274606966,0
23.668139652748543,13.087324596428143,14.914190823169045
0.39902320471868075,0.23750248712097743,0.13733422900609063
1909.06702,1918.7913743609643,1925.71985
0,0.03593162603511542,0
19.50690201361039,9.000630440837996,14.336316102473422
0.07198671372812981,0.04062290479409428,0.0400123797359185
