-8.32638100000031,0.3466353111099636,7.99309015
0,0.08717946947770723,0
81.20218776721063,0.937160485459487,63.32619951339905
0.6698530652656856,0.013357200486867594,0.4478819692077394
631.118713,639.3793420809421,647.771362
0,0.3906336604819043,0
66.3758723894617,1.0444902678763552,68.4778790698079
2.5378027565786736,0.07130777384180739,2.6591030725465816
1269.62207,1281.5523813759949,1286.27478
0,0.06964810322198299,0
23.91304657107378,12.747800448981803,14.497607938638794
0.13945019064522407,0.08903547971571366,0.054331320246054346
1909.06702,1918.689462874482,1925.71985
0,0.09176436137945188,0
19.28257568177504,9.038772813541962,14.508665008326595
0.18387397115273857,0.08809220877756271,0.127969283674668
