-8.32638100000031,0.354470991988709,7.99309015
0,0.09050458805994735,0
86.90716272688701,0.8759282810742868,67.48961594370198
0.6557427283196436,0.014346860438342794,0.44593971419779055
631.118713,639.3606337205395,647.771362
0,0.31979512958796674,0
71.29383853341187,0.9658928106825616,74.20753349861269
1.9601783914189104,0.059841341771569134,2.0274362529231564
1269.62207,1281.4579599550466,1286.27478
0,0.0596527135726096,0
23.744737626641236,12.802342044941467,14.615024571683676
0.11881424863554708,0.1111195986354508,0.07351820231574936
1909.06702,1919.0111746550883,1925.71985
0,0.04941615116848316,0
19.93434637071091,9.29017281419499,14.135243970650231
0.09903245149345966,0.0493411123628996,0.053884703213679656
