-8.32638100000031,0.34304816565897767,7.99309015
0,0.0012738715737742776,0
86.25785598178273,0.8803134859740614,67.36020201409465
0.011359774531553655,0.00016395633627950371,0.006565232918579658
631.118713,639.4024230860808,647.771362
0,0.0005376382957186991,0
76.4866843110826,0.9079251036913963,78.04990349445404
0.0041203343344349335,8.257610829942393e-05,0.011337165368578164
1269.62207,1281.1338444152448,1286.27478
0,0.00037123393650648673,0
23.20472869117653,13.049398630009101,15.074719502149135
0.000734793163095651,0.000694992571469318,0.001002695022330719
1909.06702,1918.8680825764939,1925.71985
0,6.573566952535565e-05,0
19.63598426424337,9.241674617159195,14.32156747429174
0.00013128520631059624,0.00010792705144065722,0.00011046051716591202
