-8.32638100000031,0.36615291293827745,7.99309015
0,0.13377303292471154,0
83.4693898014251,0.9152802475358747,65.07828638362973
0.9168590360209714,0.02234194572629533,0.5528669450096555
631.118713,639.3923113520076,647.771362
0,0.31610174940679936,0
74.08807589271149,0.9357519488080307,75.70184341873448
2.0309298444291546,0.05659867248336809,2.263708074367572
1269.62207,1281.1745796175878,1286.27478
0,0.3162513176626045,0
23.30633250183403,13.181500378996201,15.913554309153675
0.6215625822722599,0.6437991471358073,0.0799205238977935
1909.06702,1919.6576311183942,1925.71985
0,0.05149075254616267,0
21.42313079228504,9.10638958808143,14.119801085134402
0.09185053189364713,0.16488520834541182,0.21386386813365585
