-8.32638100000031,0.10747839947953075,7.99309015
0,0.00014847246494850434,0
80.56311933183784,0.8928041035913447,70.54175893082322
0.0010438999185179007,2.4432597420519104e-05,0.0006113863891542764
631.118713,639.2309298952142,647.771362
0,0.00022495266062245387,0
62.95468880263093,1.0632827257676367,69.66120007472384
0.0011549551840263023,4.9039391801234254e-05,0.001937825468340521
1269.62207,1281.9803288860965,1286.27478
0,4.397236939304713e-05,0
24.737569732529437,12.878957750835909,14.310930024313553
8.691657032735267e-05,0.00017408950644671483,0.0001652993057514793
1909.06702,1916.8263903845757,1925.71985
0,8.68630035018474e-05,0
16.575773171862163,11.200142635152055,18.26198341172711
0.00012610679209540518,0.00018996009651473918,0.00022618340399983936
