-8.32638100000031,0.33759437114418844,7.99309015
0,0.10635546676567384,0
85.45682818176445,0.8876098265028868,65.10316276216653
0.8265145667515772,0.016051010076525974,0.5591518889525101
631.118713,639.3187264159212,647.771362
0,0.608449440727431,0
71.28597578510463,0.9560686593984187,75.03647223865066
3.792242017221645,0.11243572745022883,4.143651941410331
1269.62207,1281.0727276900245,1286.27478
0,0.1527910167906954,0
23.013266618264492,12.640233140074393,15.056394582416736
0.30120602377060507,0.34287599173299543,0.10936152063312245
1909.06702,1918.7319027772376,1925.71985
0,0.02651217132065438,0
19.338249661705454,9.38274065379309,15.052603144484754
0.052994351146150566,0.04762309087454856,0.19683258942679496
