-8.32638100000031,0.4394259162233478,7.99309015
0,0.6369409363889611,0
77.06359590056317,1.0103363264480907,58.526567725069484
3.9946174219066384,0.11669057039926345,2.3046070570225394
631.118713,639.6015077322402,647.771362
0,1.239007764830848,0
67.82090607703122,1.078136354978803,68.05309923761988
7.1794403709442705,0.24834264124161637,4.624925589003874
1269.62207,1280.7816589627116,1286.27478
0,0.19748053724877127,0
22.711978120805277,13.458858938285212,15.772274541982966
0.3797796256745056,0.41021978033804746,0.13713286456950172
1909.06702,1919.254864257691,1925.71985
0,0.06199696382132848,0
20.49179986266745,9.15672832688482,13.713953812492772
0.12305505254380068,0.10881115134976946,0.1483012554570359
