-8.32638100000031,0.13736781462897163,7.99309015
0,0.4411695463628309,0
81.08383636586474,0.8933105660885758,70.05329308241792
3.0454888525808825,0.07341511247958946,2.458138597577009
631.118713,639.8473669527546,647.771362
0,0.571571444967089,0
116.99717514139486,0.6548727181776478,102.23532549068865
5.282349123943735,0.0691144596851155,6.276389973534561
1269.62207,1281.9276074169286,1286.27478
0,0.18514352126814565,0
24.616721712441027,12.571981506980471,13.66553238674909
0.3702263560910817,0.307378240686375,0.3697347116604669
1909.06702,1916.7988644358397,1925.71985
0,0.15484465518745621,0
16.86275249370736,11.793917999156756,17.640914645113778
0.19624684714252372,0.3206263411614108,0.4269926450577601
