-8.32638100000031,0.40783276131768886,7.99309015
0,0.35566694413396327,0
84.42881148633924,0.9134425313926399,64.05084539288384
1.5645892737965574,0.06908157209892035,1.3154647926921503
631.118713,639.3051095327434,647.771362
0,1.1935027079210272,0
80.8397520531187,0.837692031596225,85.04170865702015
10.639003656193161,0.15308097529695147,9.777937563228106
1269.62207,1281.5640212603373,1286.27478
0,0.3296722385000573,0
23.989056083285828,13.11635825940463,15.691372416724
0.6562717521355649,0.5916159253148403,0.11983342475829448
1909.06702,1919.4367822672837,1925.71985
0,0.17779237549267374,0
21.020640072576878,8.79717737287034,14.026830127402054
0.35140237720735135,0.2806472619111496,0.11985368051184792
