-8.32638100000031,0.08599166575462114,7.99309015
0,0.8601014214986955,0
65.80805729678949,1.0935415815980252,58.292118678596225
4.881289162123215,0.17631187363239215,3.423521394017741
631.118713,639.0960820747252,647.771362
0,2.106953446151738,0
34.97401352664561,1.925612603861579,42.79372904391038
7.060939201357806,0.7975540864193075,17.258023845604132
1269.62207,1282.251238712835,1286.27478
0,0.1536070664369204,0
25.261845210814133,12.420438671271011,13.741619652661086
0.30664829040220715,0.5990443638876716,0.47790540346058646
1909.06702,1916.6241045229747,1925.71985
0,0.16633434722547613,0
16.046544992929554,10.718337442832993,18.447060206829992
0.34652774372743367,0.2484067564098695,0.27379979628719997
