-8.32638100000031,0.035951213245660085,7.99309015
0,0.4773838678373579,0
72.61460993709566,0.97613184856147,65.84780772934603
3.027547713564099,0.08725377702008633,2.042961222414376
631.118713,638.915755596731,647.771362
0,1.208286678632226,0
47.934389147362616,1.3037318533144036,61.544481115942475
5.547825929762342,0.31493265621338906,4.476399655403669
1269.62207,1282.271988113717,1286.27478
0,0.035790138083375715,0
25.301313013440122,12.787337768314115,14.040575663898338
0.07157226395095466,0.07102876275279366,0.050402444493091225
1909.06702,1916.7992669481769,1925.71985
0,0.062405098575547345,0
16.337736217563148,10.803780500318824,18.174831555137963
0.08006916556614817,0.15483497477081862,0.09737537079821279
