-8.32638100000031,0.16663883249054834,7.99309015
0,1.089250925961023,0
92.53567033623688,0.7861774886857954,81.2554830289003
8.624913774394011,0.15776816147274442,7.60938102455785
631.118713,639.2528933285054,647.771362
0,0.5469132611423176,0
58.981730675972216,1.1439739957844772,62.02685373576907
2.6686506244180688,0.12710393881838833,3.944008802678073
1269.62207,1281.841360391492,1286.27478
0,0.27897217740170666,0
24.444987258993223,12.502302227432132,13.687658480647466
0.5580536056237946,0.3180360483345928,0.3439932108300296
1909.06702,1917.11167501519,1925.71985
0,0.1491433675049174,0
17.164519668142276,11.572027307652895,17.177474895578573
0.28230487247376096,0.2655647660245796,0.30985855470714097
