-8.32638100000031,0.12492264058509406,7.99309015
0,8.057005485430904e-06,0
85.41080953848152,0.8445989566513499,74.14336338069117
7.022840785051957e-05,1.0770200851449554e-06,0.00018942221080724757
631.118713,638.9659593388511,647.771362
0,0.0006195717730915043,0
70.64409576720274,0.8827129366426063,88.72000743388602
0.003134931692296663,0.0001231603544634518,0.010930005235054495
1269.62207,1282.136124460129,1286.27478
0,0.0006405418211333504,0
25.06908546178849,13.250924222515328,14.54354878515659
0.001282524580819018,0.0007665746152598541,0.00012403894796910692
1909.06702,1909.06702,1925.71985
0,0.0,0
0.0,0.0,0.0
0.0,0.0,0.0
