-8.32638100000031,0.3837609230735204,7.99309015
0,0.17225667236988715,0
87.60700631661854,0.8747212443075415,67.07032437766688
1.2729081723726414,0.02690182479221907,0.662880519057067
631.118713,639.3428073955911,647.771362
0,0.2972381502527246,0
64.87850217819009,1.059810644852558,68.0942512661424
1.6947080248095057,0.060540373697971904,1.4880884925011082
1269.62207,1281.1211575225961,1286.27478
0,0.05199353693110359,0
23.132888564251193,12.812887012133283,14.886190218076273
0.10288284810391533,0.10355304279858965,0.07441832988810783
1909.06702,1918.5276582030597,1925.71985
0,0.032673938578323555,0
18.938946263027802,9.06051570186065,14.770651783423927
0.06524501046433882,0.061917910243359076,0.04015306918445267
