-8.32638100000031,-8.32638100000031,7.99309015
0,0.0,0
0.0,0.0,0.0
0.0,0.0,0.0
631.118713,639.3970591357973,647.771362
0,0.44463815319862093,0
79.94732253636391,0.866595660554488,81.38318541756126
3.0620406567124867,0.07386436862298326,2.78222057699872
1269.62207,1281.5886291322704,1286.27478
0,0.09265863027980017,0
23.9542922202945,12.480625481811012,14.371702410275272
0.1848465116403931,0.2059406010278361,0.06911828778801704
1909.06702,1919.5574429058458,1925.71985
0,0.06325405557179545,0
21.14694592228922,9.250840088213572,13.656599758791943
0.12707228571689586,0.0693814019838643,0.12408632280169025
