-8.32638100000031,0.09764408389835921,7.99309015
0,0.6156899186035494,0
71.74934994878916,1.003080432356518,63.16334700155805
3.8615625443005643,0.114195272773953,2.280428849225033
631.118713,639.6134782754767,647.771362
0,1.8972076571950944,0
43.743244795023884,1.7170489906174133,40.66284488554539
7.347994349856379,0.6007406526534238,3.5190200717113838
1269.62207,1281.9600789551644,1286.27478
0,0.04371144455568374,0
24.704131048324825,12.94118158698938,14.380974503946721
0.0865538229866563,0.14319206988300698,0.1228671540588379
1909.06702,1916.9376085839242,1925.71985
0,0.04826731219297427,0
16.67372477679007,11.085882182001203,18.045248590318028
0.08195367652895985,0.09898900587888283,0.06849051046259189
