-8.32638100000031,0.34904311943127375,7.99309015
0,0.19473351999005997,0
91.33487368815506,0.8316051437979579,70.40087516302899
1.412053356230932,0.030191757898992585,0.8549267299473904
631.118713,639.3307086180885,647.771362
0,0.24557056499453472,0
76.71492950125578,0.8893685878368436,78.82422540543959
1.6103447239891784,0.04263770275417283,2.3123258320170685
1269.62207,1281.5572175304574,1286.27478
0,0.17118535548745473,0
23.89738408297103,12.517458187168376,14.783576705644801
0.34129694065423605,0.37660027627846504,0.14214530559524022
1909.06702,1919.252975277493,1925.71985
0,0.043263600088373634,0
20.42757078278643,9.46030871202801,14.412124407623857
0.08640598999084029,0.06644768128761068,0.13633410849810285
