-8.32638100000031,0.2431173987269606,7.99309015
0,0.0007496905973015122,0
90.45370685345273,0.8192868633939279,74.12947939419928
0.0052504411818233435,0.00011822526238831663,0.006971618210103482
631.118713,639.5247001174495,647.771362
0,0.008478124781512678,0
69.14780563425145,1.0374430071021457,66.59037868514392
0.04983828155119061,0.0016639805599164017,0.04459593585359538
1269.62207,1282.8921038321494,1286.27478
0,0.0012424002616771182,0
26.693863609700077,11.91627087474652,12.876512581571525
0.002446620827848544,0.002592641032434235,0.0017064965505562202
1909.06702,1917.8297140386455,1925.71985
0,0.0010298690221179634,0
18.015698518044218,11.095082225978269,16.706059195828537
0.0018535072831480602,0.0023815511822794172,0.002324390930730144
