-8.32638100000031,0.303228392760694,7.99309015
0,0.17001366879345353,0
82.72994304296608,0.9101731571174851,65.88117060272288
1.20050497766735,0.027859331391378146,0.633861123730443
631.118713,639.3535631465135,647.771362
0,0.24050793531410267,0
68.196933627673,1.0093042055326256,71.21726616878692
1.4245326143060062,0.046845444783843615,1.3606886845245714
1269.62207,1281.0983899153578,1286.27478
0,0.08045463723932429,0
23.139590391960347,13.03752884936745,15.09334393597974
0.16064871523360774,0.1257839585977276,0.07033737405303882
1909.06702,1918.8390537900364,1925.71985
0,0.018292537587431136,0
19.57576736117457,9.231086993193896,14.36029413644296
0.03654171419792663,0.029560756444283878,0.01457304816873956
