-8.32638100000031,0.44682652677646395,7.99309015
0,0.19487010315161363,0
82.15224011127833,0.9478448806781885,61.032164366247926
1.732230920054887,0.024059371998767655,1.9947231472648697
631.118713,639.2755878193519,647.771362
0,0.40240708743987813,0
62.33426874077463,1.0863155975679941,67.53459236612309
1.9593767688006838,0.09076897356633212,2.0330321577206427
1269.62207,1281.257406174574,1286.27478
0,0.10205340243385642,0
23.399267659017976,12.92453539667147,14.873848318102423
0.20439617346841688,0.14286137580408384,0.15635927318793275
1909.06702,1918.4774180609827,1925.71985
0,0.06333331885131062,0
18.82915833937635,9.134027434389145,14.87792873971199
0.12671890037073913,0.06375561365996599,0.08668259316264959
