-8.32638100000031,-8.32638100000031,7.99309015
0,0.0,0
0.0,0.0,0.0
0.0,0.0,0.0
631.118713,639.4014324772376,647.771362
0,0.001454712377397869,0
77.57069378577938,0.8947188740355217,79.19386106817927
0.010936858444664299,0.00022774490388268947,0.014749422680357099
1269.62207,1281.6374401183457,1286.27478
0,0.0002029359956357924,0
24.069312857676596,12.715711697770288,14.406920318265993
0.00040558565488423904,0.0003240126694032481,0.00027831921022830424
1909.06702,1919.2809497346461,1925.71985
0,4.076737932389783e-05,0
20.59151891143285,9.000266443120209,13.60673414203978
7.714091673032668e-05,0.00011591166806992525,8.760075289986688e-05
