-8.32638100000031,0.3669291905460117,7.99309015
0,0.15289158980996295,0
87.60682939131475,0.8713113587525323,67.6179658077179
1.090176661471776,0.02441684073649817,0.855228325625107
631.118713,639.3491542151943,647.771362
0,0.19040971369692333,0
77.12654501407305,0.8885352968688938,79.27037947763873
1.2904136882308366,0.03234698218725065,0.9859668951943094
1269.62207,1281.3655362740162,1286.27478
0,0.17749357802110863,0
23.56764994387303,12.758263702835139,15.315688540533907
0.35020814507585935,0.4344683160303224,0.21929122958115654
1909.06702,1919.286171728132,1925.71985
0,0.04663401930403573,0
20.55804669902374,9.171206136600388,14.275385847633856
0.09230722927582419,0.08714487052423223,0.178923705777065
