-8.32638100000031,0.3969536493618673,7.99309015
0,0.0874797289687576,0
82.75378468962649,0.9300055337185972,62.974433197338385
0.6025695529457654,0.014633960903733888,0.40556793996868923
631.118713,639.271541175158,647.771362
0,0.4330888223070434,0
64.17958094642712,1.0529406755762796,69.67390230685112
2.4493558232436876,0.08875265551218399,2.347145819600703
1269.62207,1281.0756520732757,1286.27478
0,0.05302460119684116,0
23.079375666610872,12.94676031931061,15.034961760558067
0.10462694201029468,0.1053766791344513,0.0748964968001991
1909.06702,1918.546506106445,1925.71985
0,0.03841355568456732,0
18.967715856143343,9.195926759970288,14.792051273138899
0.07685557621164682,0.04096732399035968,0.04622033389711124
