-8.32638100000031,0.352517300792071,7.99309015
0,0.30859730003034935,0
74.83785283740556,1.0203992697535251,58.23517489917689
1.9783720244319083,0.05611838041469288,0.883889762511397
631.118713,639.3072185317067,647.771362
0,1.0302474801940835,0
56.45015064988942,1.213906259981754,60.28251467595209
5.298329016023484,0.23715287040731003,3.345467809269491
1269.62207,1280.6683272431792,1286.27478
0,0.0315380924320237,0
22.64168828929972,13.799092127593045,16.077072001795234
0.060494643494022074,0.06176409265295646,0.04413617545678969
1909.06702,1919.2308551349868,1925.71985
0,0.026302284413465545,0
20.412567519178303,9.276400148558967,13.815933948392983
0.05266173032193513,0.032872129348836134,0.021461930202342175
