-8.32638100000031,0.12483305486387053,7.99309015
0,0.00017370785830934875,0
85.41093913856088,0.8445795628364319,74.14669631059758
0.0012519546859813598,2.7525608172352843e-05,0.0012473613683003143
631.118713,638.9679474728898,647.771362
0,0.002774759023131616,0
70.59166687190162,0.8838387810636721,88.5696370105327
0.01585440442827058,0.0005275325798588515,0.038668612282980644
1269.62207,1282.12893148159,1286.27478
0,0.0018489370770282476,0
25.055019513232068,13.246478867517396,14.544036067482491
0.0037024479835067927,0.0021649003521693575,0.0003654535274043249
1909.06702,1909.06702,1925.71985
0,0.0,0
0.0,0.0,0.0
0.0,0.0,0.0
