-8.32638100000031,0.44590008854347296,7.99309015
0,0.12110104146678187,0
86.95209576750374,0.8941993553722859,64.59534587185526
1.1240277820032172,0.014500647114480432,0.3876170053189551
631.118713,639.3927226402126,647.771362
0,0.18907961011875246,0
70.8783619043611,0.9794027892981763,72.65842215698913
1.0551870767559894,0.0374026739133217,0.825903259387662
1269.62207,1281.482195148284,1286.27478
0,0.1410416815448528,0
23.794375500052418,12.835541535337931,14.62681370194343
0.282779675473476,0.16561164970405,0.06618098586727436
1909.06702,1918.8890567442263,1925.71985
0,0.049599855560764856,0
19.70289455285743,9.09078464731958,14.224481948169611
0.09944812250136725,0.050062384677086395,0.05107666467639324
