-8.32638100000031,0.00820037885171665,7.99309015
0,0.5310437854060801,0
69.35297962088796,1.0165180514968521,63.753477969460675
3.0497907521181276,0.10513045193516646,3.415334950401512
631.118713,638.9212502295582,647.771362
0,0.9883956237675838,0
34.96764459548605,1.837594160571606,44.541148648591104
3.2464043557067996,0.3762417440522528,3.256343882808339
1269.62207,1281.6882207365834,1286.27478
0,0.10379635280182141,0
24.1886741975073,12.919562074341652,14.54964067029134
0.2063318784865898,0.22501725174766174,0.15992699661708173
1909.06702,1916.3800146210997,1925.71985
0,0.08962580817729957,0
15.68948685140405,10.683776551056509,18.85161034063406
0.18407733253816796,0.1420045376683918,0.17492331457594693
