-8.32638100000031,0.35891265036898723,7.99309015
0,0.12099122425351708,0
88.88572792409926,0.8569277973174964,68.36656868545924
0.8252392045093649,0.019656663170096705,0.5931978067867939
631.118713,639.3628327458949,647.771362
0,0.19725324170134018,0
82.02496418951773,0.8371391940658982,84.49897510846486
1.2499863936241093,0.03371222609349558,1.2981686960993204
1269.62207,1281.4114457055875,1286.27478
0,0.23279009405059717,0
23.65223453911343,12.75760540464382,14.681770359983142
0.4646730944161846,0.3876294509175532,0.10254584563313889
1909.06702,1918.8180763206599,1925.71985
0,0.11124883388953542,0
19.534753132779556,9.2029781069861,14.857469140248604
0.22283305943863488,0.11066609267520303,0.13182969888339846
