-8.32638100000031,0.12564332443028725,7.99309015
0,7.843212261569011e-06,0
82.14351680604464,0.8790647493808902,71.29107887797043
1.0294272654375474e-05,1.6379296158021923e-06,0.00024457555720659626
631.118713,639.2871028950749,647.771362
0,0.0005093487276016585,0
78.76179932424988,0.8564572298146544,84.9034476219675
0.003515788852665469,8.454631895233507e-05,0.003433662400490372
1269.62207,1282.3713100370483,1286.27478
0,0.0001029782797879134,0
25.502247105917377,12.970281807511975,14.145050250271343
0.00020594451266454534,0.00016052800783371407,7.861469588414736e-05
1909.06702,1916.784158277663,1925.71985
0,0.00033340870895201395,0
16.432801304441405,11.036864529181655,18.271399904535766
0.0006731408142829,0.000537096509244856,0.0006276128611838504
