-8.32638100000031,0.012192841310085356,7.99309015
0,0.39524634655442037,0
76.7867440662105,0.9164564400973011,70.4244123212947
2.7054066613172307,0.06710723642351113,1.4877245684454057
631.118713,639.4680230226455,647.771362
0,1.2578745305378978,0
49.22136023379025,1.4595549182814038,48.763657707066265
5.380291312844375,0.3505900979927005,4.287851708190967
1269.62207,1281.7554452330266,1286.27478
0,0.017362335972452396,0
24.28751417818586,12.645794630981175,14.26096141888529
0.03470381048505119,0.028958131202692576,0.01897931593806483
1909.06702,1917.5319363226836,1925.71985
0,0.03607291078779075,0
17.524519751640764,11.025529586079093,17.106526922535124
0.0703546390449915,0.06329904772878922,0.06351790335042654
