-8.32638100000031,0.1073914060503256,7.99309015
0,0.0003509999716124823,0
80.55364499014827,0.8928928625114552,70.53646074738279
0.0024763960308389612,5.7623671424873396e-05,0.0013872775856243278
631.118713,639.2311052954428,647.771362
0,0.000584621647550046,0
62.943029862957474,1.0635333587546334,69.6424679127648
0.0030245661412419927,0.00012697337403500772,0.004871725653816247
1269.62207,1281.9805559036156,1286.27478
0,0.00021589279073379395,0
24.738181022293254,12.88117082034438,14.312745727143199
0.00042999868380903106,0.0005661327394140501,0.00048176071941698163
1909.06702,1916.8251274130823,1925.71985
0,0.00023260084838612152,0
16.574405505068576,11.200877207357427,18.264260606881656
0.0003523102634785216,0.000497452619264804,0.0005915992791275137
