-8.32638100000031,0.03535680666302454,7.99309015
0,0.5292275350446489,0
77.2408412649207,0.9160676917084538,67.46767583781015
3.3851275707411803,0.09371292746610323,4.0332348790238095
631.118713,639.3003075922277,647.771362
0,0.6279879339637171,0
79.89514482745967,0.8468044969916996,86.05890173506074
4.328696188506517,0.10377133454952786,4.987934748055902
1269.62207,1282.66408314991,1286.27478
0,0.07317328471130215,0
26.084207065586813,13.09065822025098,14.517442381573002
0.1463431108063028,0.17031443966889095,0.11591991402174609
1909.06702,1916.945603208783,1925.71985
0,0.20436639529150255,0
16.580144715938857,10.869457230890001,18.062759658220095
0.3187618798282604,0.4682688469540141,0.23171169128236926
