-8.32638100000031,0.34331575852997,7.99309015
0,0.0008234198630322106,0
86.30100492865763,0.8799190635857318,67.3849542161548
0.0059649694587009675,0.00013082575399115908,0.0035034390818770734
631.118713,639.4031655029169,647.771362
0,0.0003584129055201887,0
76.47102038641451,0.9082803674919602,78.00640465990696
0.0018104818568236887,6.996519737570757e-05,0.005700907523686432
1269.62207,1281.1319300410692,1286.27478
0,0.0001864920625469672,0
23.201954303514686,13.052112125007888,15.078520235963875
0.0003480687624734444,0.0005922039234793014,0.0004983881315439955
1909.06702,1918.8681608193726,1925.71985
0,7.837454717997324e-06,0
19.63607102733574,9.242309896320249,14.321737568175934
1.1751124570738763e-05,8.866818138952068e-05,3.567767549098282e-05
