-8.32638100000031,0.088180818030132,7.99309015
0,0.1344468933262756,0
85.14481445214543,0.8398658892081157,72.39838157470464
0.9695769123650534,0.021285533826281046,1.2605915921551087
631.118713,639.4908693046341,647.771362
0,0.8065329400528413,0
81.47086011224366,0.869626907709433,79.52323133532258
5.236012952670865,0.13800057918922248,6.748386938870482
1269.62207,1282.5413039354598,1286.27478
0,0.18969389986335453,0
25.856908646464444,12.440268181721894,13.46439287572516
0.37960841070348095,0.2000356460886104,0.16648051878241224
1909.06702,1917.544134066196,1925.71985
0,0.1168622794031473,0
17.51370872422805,10.952540001721246,17.148918757370534
0.22829556629445139,0.2047941143875458,0.16155359409603948
