-8.32638100000031,0.4183674898431651,7.99309015
0,0.11237188799345073,0
93.11885114398191,0.8285882360843937,69.9537601406463
0.8462299648016252,0.016956044797039164,0.6344882618769592
631.118713,639.4341364112198,647.771362
0,0.48115682193060844,0
80.16197625136068,0.8720689538507593,80.56577164355899
3.257913819312267,0.0808211934495451,3.116122947591237
1269.62207,1281.080884969404,1286.27478
0,0.20856627079992454,0
22.996073170751828,12.446933215996337,14.935115864879187
0.4158991895592528,0.3620500661283709,0.09012288431319884
1909.06702,1918.8181200115268,1925.71985
0,0.05751106884423526,0
19.53256852593053,9.221897571133992,15.29741196884316
0.11421713155369809,0.1447797944451761,0.18546235695769084
