-8.32638100000031,0.15879288091959864,7.99309015
0,0.00042025360498752914,0
85.1719482406624,0.8538879516758724,72.73242141074246
0.0029338592638184216,6.807916878169704e-05,0.002856389669192058
631.118713,639.4762791724271,647.771362
0,0.0005867628997455166,0
72.5139378709277,0.9763951864345997,71.44826977568718
0.003735162760405994,0.00010700452996619541,0.002606003915477431
1269.62207,1282.7899955376654,1286.27478
0,0.00010412798218589636,0
26.367477014379908,12.538216965753634,13.506753625705656
0.00020704965881771656,0.0002692622095944498,0.00019678422145506013
1909.06702,1918.0752813164843,1925.71985
0,9.817702249053205e-05,0
18.473506919969907,11.278527819329213,16.46000463249256
0.0001892243102395745,0.00018771888765366937,0.00018465782818028113
