-8.32638100000031,0.1640133670531494,7.99309015
0,0.00012061135169590074,0
87.71294431303495,0.8296973121569067,74.70536543560036
0.0008522117878457516,1.9142933567310565e-05,0.0011892785624055663
631.118713,639.5730862953196,647.771362
0,0.0006944356459778796,0
68.628599049145,1.0578005500041965,64.59692855278618
0.004044140159527842,0.00013787900294701385,0.0034455381310193518
1269.62207,1282.5792691625186,1286.27478
0,0.0002708456546878158,0
25.93286282959235,12.477214185502595,13.57175342005181
0.0005419260769578865,0.00031094611129608014,0.00013894580979059137
1909.06702,1917.5972024514706,1925.71985
0,0.00016082923134819947,0
17.634227231275467,11.04814025279067,17.019951052706062
0.0003281996053201529,0.00022792534386055935,0.0002004146212318953
