-8.32638100000031,0.3801771133338523,7.99309015
0,0.1372615818299133,0
85.17633795193531,0.8994656794544743,65.21170270117611
0.9159704749573008,0.023086289068209292,0.5973014623621113
631.118713,639.4129907429165,647.771362
0,0.20961035403752,0
73.57228124039625,0.9472637062607998,74.10380129632645
1.3248515576344422,0.038071066424953524,1.4544561054646759
1269.62207,1281.349464536966,1286.27478
0,0.0768125041015128,0
23.50747927223481,12.540259062433902,14.492633491417315
0.15329280156070768,0.13491695373497054,0.07441944178737839
1909.06702,1919.0771797502628,1925.71985
0,0.0458761981063393,0
20.072813856850864,9.311034053852117,14.705011404442914
0.09061550193334039,0.11696157394462199,0.21912188369675628
