-8.32638100000031,0.21240909260114194,7.99309015
0,0.6673696298990707,0
92.15352059319179,0.7981019332516128,79.50272110012466
4.962802098507954,0.10082930462577205,5.47338025025467
631.118713,638.9122098441023,647.771362
0,0.6767283025261267,0
60.79204397412798,1.0161043633019384,76.648714800013
3.785311905207363,0.14020471371457782,4.838957859990031
1269.62207,1282.1763723183508,1286.27478
0,0.20821049128327057,0
25.109097523852434,12.633212063605885,14.482422742283386
0.41639358678303595,0.48220053047128925,0.3108491177514717
1909.06702,1909.06702,1925.71985
0,0.0,0
0.0,0.0,0.0
0.0,0.0,0.0
