-8.32638100000031,0.39815360032227076,7.99309015
0,0.9097498577267349,0
70.27025840168389,1.1004439522954204,53.958205483808484
6.206315567667719,0.15752886483072667,3.906260697299631
631.118713,639.3789957391159,647.771362
0,1.9994454299493298,0
55.205043007729245,1.2649642435344133,58.139033295193116
11.620722489814383,0.40834516070369664,10.299855410615164
1269.62207,1281.2335947554466,1286.27478
0,0.4332874153147926,0
23.467697826422288,13.423731504314281,15.860823661557307
0.8698226329226103,0.6051547528435735,0.2914226416543017
1909.06702,1919.3542492329905,1925.71985
0,0.43541051854244184,0
20.681974906743726,9.287927047365013,13.635752237659167
0.8751520324154225,0.4044019155936946,0.5119541345314336
