-8.32638100000031,0.3937116566370946,7.99309015
0,0.0007210225434256125,0
88.83899778528088,0.8643400026427631,67.67896540341646
0.005318332939636406,0.00011221606436624825,0.003217357225504294
631.118713,639.4048494998925,647.771362
0,0.00022657671144645023,0
81.19298545244408,0.8546361569153204,82.7591178514007
0.0010016402634266343,4.345825174078691e-05,0.005263940027708497
1269.62207,1281.3643170113232,1286.27478
0,0.00032747792450396433,0
23.596992742995383,12.949214301015838,14.81130773816594
0.0006580375056528994,0.00036372094245126595,5.109087333593084e-05
1909.06702,1918.7522248611642,1925.71985
0,0.0003226753366629829,0
19.412408004762362,9.068079458799197,14.421782035119985
0.0006415462019422276,0.0006886359752866326,0.0005601421849857921
