-8.32638100000031,0.03633950079440318,7.99309015
0,0.7228621028557105,0
69.4017247177189,1.022757390288305,62.940117849755076
4.2862706951358875,0.1405731139836836,3.547209583617577
631.118713,638.6045486865103,647.771362
0,1.2498349534828819,0
40.726400321677716,1.425877623981756,60.60319873954583
5.387554532195699,0.35557617798459407,2.3013605198772544
1269.62207,1282.3328158387676,1286.27478
0,0.0996099590003143,0
25.42266671487912,12.589120648591285,13.824821827590942
0.19920524841057122,0.1882984700247432,0.12310211120630372
1909.06702,1916.8056007507648,1925.71985
0,0.10112862560800533,0
16.31027315846968,10.728193242012832,18.15112720097553
0.08119710541838093,0.2862414510326485,0.19645813988917737
