-8.32638100000031,0.12232621392427845,7.99309015
0,0.43394921653912527,0
81.52413781264022,0.8851882868813907,70.48231580104724
2.9773471936136584,0.07228061875225192,2.5246683027866585
631.118713,639.7551648195425,647.771362
0,1.400288566395471,0
96.79803375929771,0.7767895599900781,84.68083052453228
11.294431274719498,0.19825798227364788,9.741771038138069
1269.62207,1282.0652713921572,1286.27478
0,0.062306228208157344,0
24.886437376986294,12.42247154702834,13.836677857832612
0.12461225589433493,0.11065822123256912,0.11666267395957088
1909.06702,1916.8710003161073,1925.71985
0,0.14678498953506683,0
16.704934496736186,11.329311275332245,17.16260574887845
0.16237718294226045,0.3473557748238727,0.111640103667171
