-8.32638100000031,0.10164405095137319,7.99309015
0,0.6304092511537028,0
96.14707512057201,0.7445463677752548,84.89075536282678
4.686938843853022,0.09255763579363233,5.460996554786255
631.118713,639.0232248431856,647.771362
0,1.230489992427367,0
67.17854081220302,0.9433245791669804,81.34213292797651
8.058980170809635,0.22103544200014613,7.452507600586746
1269.62207,1282.592568415539,1286.27478
0,0.27370110933437075,0
25.956275708491642,12.532904189406375,14.234802949539747
0.5470531937327111,0.4749171060419179,0.6210320515281601
1909.06702,1909.06702,1925.71985
0,0.0,0
0.0,0.0,0.0
0.0,0.0,0.0
