-8.32638100000031,0.16392958924050482,7.99309015
0,1.6491160200782438e-05,0
87.71454538435388,0.8296653441707716,74.7097611165113
8.165200642245255e-05,2.958603747358616e-06,0.0003075629097485954
631.118713,639.5729977658029,647.771362
0,0.0001906336766102481,0
68.61404687622051,1.0580095236832912,64.58595952144549
0.001118022316175925,3.768113001694547e-05,0.0008677184966104969
1269.62207,1282.5800790882367,1286.27478
0,6.668907157542489e-05,0
25.934471604530973,12.478150103507707,13.572127553856722
0.0001334726003334081,6.44062657434078e-05,2.343988957008726e-05
1909.06702,1917.5966827078605,1925.71985
0,4.1252545425631815e-05,0
17.633173468710496,11.04751831881564,17.020429605991602
8.518451753367353e-05,5.3891100735547734e-05,4.2383290066009864e-05
