-8.32638100000031,0.1739887670140554,7.99309015
0,0.0001407779538388816,0
85.56802768794944,0.8529328368572356,72.53307433906862
0.0010198140174463178,2.2271265476187305e-05,0.0007374238794132653
631.118713,639.7439325363407,647.771362
0,0.0015007835960802083,0
74.87217392829942,1.0071672006252115,64.98822623329109
0.008219189447976422,0.0002970378115342815,0.014137407864432745
1269.62207,1282.4189771323613,1286.27478
0,0.0004920472464083545,0
25.595298477784425,12.659830925754893,13.834192280311044
0.0009841508037487855,0.000490066963303619,0.0001762196977993804
1909.06702,1916.8853236994876,1925.71985
0,0.0012678099702448855,0
16.598942674985842,11.084314554703983,18.12569479310273
0.0005782191543383088,0.0034975940952086644,0.003468422800067643
