-8.32638100000031,0.049115755885933865,7.99309015
0,0.4953930907961962,0
72.38864259137569,0.9823922353875327,65.23390666931726
3.208338832893537,0.08935578430778754,1.6165696829258098
631.118713,639.3353885313234,647.771362
0,1.627108180041228,0
44.8175909044994,1.560765405415094,47.31421664455007
6.647789172024194,0.48384046421095644,3.933709832015985
1269.62207,1282.4665380259373,1286.27478
0,0.0717483766668774,0
25.69944086421227,12.482356424672565,13.645268453876447
0.14328008028461936,0.17018010042705703,0.12214153181760014
1909.06702,1916.7847222781927,1925.71985
0,0.06722849897669839,0
16.449689494539395,11.068283275155991,18.283655634944424
0.10981986894642512,0.1385605728854679,0.15074358127139764
