-8.32638100000031,0.42125031283992875,7.99309015
0,0.06212088996336185,0
85.34782689703513,0.9062006140064413,64.17354428268648
0.43705313302178106,0.010138337967514866,0.2977258083979498
631.118713,639.3838268381178,647.771362
0,0.20505969012677425,0
70.7915039470718,0.9785011969990987,72.87639730472922
1.2561622574045441,0.03854884003393989,1.1973442777998362
1269.62207,1281.2585421072583,1286.27478
0,0.08748640769281257,0
23.373815852364913,12.771497144303074,14.742442605003912
0.17532112847020015,0.11525552240962969,0.04760185893132437
1909.06702,1918.9633459340232,1925.71985
0,0.028783196297230296,0
19.846654609975737,9.191782494674676,14.158510604671298
0.057645355363907975,0.03350800591968721,0.03141402372644916
