-8.32638100000031,0.34537219012688425,7.99309015
0,0.16915198118041988,0
86.90854035286596,0.8740600645047912,67.0376012558913
1.3017409741642874,0.025659119139796998,0.5447013244801515
631.118713,639.3852562458665,647.771362
0,0.18556152116398403,0
76.6600142544157,0.9020268298952112,77.94617077256255
1.195837686414265,0.03265765161487013,1.5004657712522618
1269.62207,1281.4950293654156,1286.27478
0,0.10208972631175198,0
23.800558362661977,12.706182712038181,14.965648124169157
0.19765794907402776,0.4037995358426341,0.2712847235065234
1909.06702,1919.0470320596362,1925.71985
0,0.14905741054478575,0
20.069985253018263,8.985975799376133,14.220609792288165
0.2993345249084197,0.15371523025460646,0.1374386218874587
