-8.32638100000031,0.12382661987296295,7.99309015
0,1.0503059275945215,0
90.23732399193885,0.7983771199945034,79.51948313134977
8.020278489532869,0.15694364019090923,7.483525485882189
631.118713,639.0225472207843,647.771362
0,0.35214777014329746,0
58.20917524461701,1.0937606927979973,64.78471306898135
1.682206232849479,0.08196707941999737,3.706532327273662
1269.62207,1282.080636691957,1286.27478
0,0.0711814146399601,0
24.91793791561112,12.559086257126022,14.082813637480875
0.14235517864352246,0.13655289797079026,0.19619292707253488
1909.06702,1917.211841668061,1925.71985
0,0.08306053156949836,0
17.085685597105872,11.12005894708823,17.209605428033683
0.11123852067436849,0.21462023644033976,0.1009645559802338
