-8.32638100000031,0.37507704773925354,7.99309015
0,0.002209523123794779,0
87.03969759461835,0.8787668787639888,66.91917546635348
0.0160375528591896,0.0003499567044329013,0.009561330336320886
631.118713,639.3874907955468,647.771362
0,0.0007077408468613488,0
76.3232152782502,0.9065997694385998,78.43727958986642
0.005197126475116837,0.00011344116104194883,0.00036217674593033245
1269.62207,1281.170852972198,1286.27478
0,0.00018740248592794974,0
23.27473925122723,13.070542212647236,15.063578982566066
0.0003573387262314682,0.0005284889554808362,0.00043015110479088163
1909.06702,1919.0458144536935,1925.71985
0,0.001318703201636095,0
20.06240676067752,9.007141610398456,13.952412221593047
0.002632462055932403,0.0019312483785367143,0.0018641749412517952
