-8.32638100000031,0.17245429245053856,7.99309015
0,0.7502566516865444,0
74.60026288164325,0.9811335998243902,63.00971875450719
4.708557325417882,0.13748053508768648,3.8016599031685985
631.118713,639.9652967812993,647.771362
0,1.4506177970587137,0
93.32640631527744,0.846257773517852,73.23108750144533
10.97986736445556,0.21903977405807062,8.271805695716509
1269.62207,1282.4724275617812,1286.27478
0,0.2938671335360231,0
25.708937175228144,12.529394435566807,14.705746211153603
0.5871328562968664,0.6663629027882982,0.3055766353713235
1909.06702,1916.8629952598953,1925.71985
0,0.256737257535448,0
17.187954654298633,12.210497207732606,19.00021537055314
0.4450269748796095,0.46573884283461214,0.5565488478207239
