-8.32638100000031,-8.32638100000031,7.99309015
0,0.0,0
0.0,0.0,0.0
0.0,0.0,0.0
631.118713,639.4097095628257,647.771362
0,5.5678746152126865e-05,0
78.13317496795439,0.8899240148046336,79.45531873298734
0.0005219124539205354,6.073817156277813e-06,0.0015859868710083017
1269.62207,1281.6641206836418,1286.27478
0,6.981618682104786e-05,0
24.115498828799172,12.672839873643557,14.350299666342856
0.00013947575529636475,0.00012004837587159463,0.0001487288391417047
1909.06702,1919.3609997682977,1925.71985
0,0.00013519175518362668,0
20.75401038562665,9.066960421993409,13.526555966054298
0.0002710979554687068,0.00016166747904166484,0.00019088374133397262
