-8.32638100000031,0.31533417881907333,7.99309015
0,0.32717665856606376,0
79.09313567435194,0.9557426779684571,62.63839936024159
2.8250660245493324,0.041899263937360064,2.154768712128074
631.118713,639.3191742876476,647.771362
0,0.7700900170083416,0
58.79588689947862,1.1669053224606054,62.423858732383444
4.7458428923269445,0.14812760720893361,4.393148407042601
1269.62207,1281.1210270567628,1286.27478
0,0.0990541063947856,0
23.316807592410562,13.57995673122789,15.536829338612195
0.19992484405842334,0.12963577918268734,0.09170957071120228
1909.06702,1919.0464648128986,1925.71985
0,0.13384258296120272,0
20.160198569736473,8.659154944257946,13.814877341848504
0.27025154627256487,0.11977732309016577,0.15084507933462185
