-8.32638100000031,0.08369915547537232,7.99309015
0,0.0005697459925726518,0
80.94605237908831,0.8834265361250621,71.69685963373222
0.004002446119931439,9.355851377532415e-05,0.002619104649983074
631.118713,639.0017578362896,647.771362
0,0.0003425353291963561,0
53.00518204223538,1.1995292510141542,65.31297873048086
0.00217485165558646,6.046625633797574e-05,0.010695432403223445
1269.62207,1281.7167000964266,1286.27478
0,0.00016767875326259408,0
24.278563596378614,13.179515140500724,14.755907926848234
0.0003334931167422957,0.0003201834270955805,0.00029178625585695963
1909.06702,1916.5250790376958,1925.71985
0,0.00028228536462993504,0
15.96991335726305,10.837479868697605,18.638538346651675
0.00020895135201457718,0.0007069159723536953,0.0005176000191570669
