-8.32638100000031,0.38133230928613315,7.99309015
0,0.0004748599125059258,0
89.64726045615362,0.8539411713341314,68.7027103550333
0.003557477222045995,7.286318045568322e-05,0.002048655939874123
631.118713,639.400384085106,647.771362
0,9.545406880909826e-05,0
78.33872174174616,0.8855163007309479,80.01818862837462
0.0008554713911801378,1.1711102185298988e-05,0.0014500293013188872
1269.62207,1281.5155259797277,1286.27478
0,0.0002599092527257649,0
23.848257621524052,12.778852598848442,14.551351244267014
0.0005177631073054425,0.0004968715024861772,0.0003304974956840588
1909.06702,1919.002005182511,1925.71985
0,0.00017614895162989315,0
19.9168047118994,9.27587257178629,14.141122574224491
0.000353023400474775,0.00017588825365482015,0.00019991414043989418
