-8.32638100000031,0.14932109674416338,7.99309015
0,0.0008329717035913572,0
86.22994429571169,0.8413007047740815,73.97176717169255
0.006226907051623771,0.00012854399659750301,0.003636239036742993
631.118713,639.7324183196436,647.771362
0,0.002289052542830594,0
98.35926516321325,0.7602114623060862,85.76894794644878
0.01692266275609634,0.00033678792175144976,0.025452249830512537
1269.62207,1282.041057617114,1286.27478
0,0.000597311412816944,0
24.838610993066105,12.508162585071798,13.941179278695934
0.0011946530336013992,0.0006051764373117544,7.018414618811758e-05
1909.06702,1917.233728059098,1925.71985
0,0.0002899293856149489,0
17.136229523374084,11.159923019815745,17.612858815214192
0.00012302056154378467,0.0008982651324224341,0.0008643035644700428
