-8.32638100000031,0.3777635601125784,7.99309015
0,0.17855581999173972,0
87.38257413091316,0.8757941579494815,67.09465992187975
1.35417093215452,0.027383953902990022,0.7691765469257418
631.118713,639.3267954453028,647.771362
0,0.3464679826827337,0
62.927245419932746,1.0895064823915637,66.54879623025485
2.108230190354496,0.06764680862118147,1.4574727583589477
1269.62207,1281.3690078358065,1286.27478
0,0.12010772604498679,0
23.581868259224915,12.808568214415022,14.689043401933992
0.24064415245991413,0.15680119539797205,0.13910129405560073
1909.06702,1918.5085130995235,1925.71985
0,0.03981643100309878,0
18.917313519779608,8.889099253523229,14.741943865612388
0.07952565849163201,0.06437320189167728,0.046715697166339165
