-8.32638100000031,0.1550641607413148,7.99309015
0,0.38956127180097094,0
79.1631207174002,0.9193694169705864,67.0733085338965
2.5275478379273357,0.06808727825693806,2.1361452349420462
631.118713,640.0825694756347,647.771362
0,1.7141935872762932,0
117.1032856205662,0.6902208361629298,89.24844468587104
16.277491356057645,0.20607828441175094,10.228104114048925
1269.62207,1282.7144807318605,1286.27478
0,0.41246562194889563,0
26.222416542134606,12.409379548680704,14.239454322055517
0.8246946037729963,0.5965059344381618,0.6516959995563608
1909.06702,1916.2377638814428,1925.71985
0,0.36237629370171204,0
15.944200040023102,11.45560556985904,18.624185477394533
0.76636713838084,0.5968607963692094,0.38940739078417935
