-8.32638100000031,-0.05599678903313432,7.99309015
0,0.33709717686552554,0
70.11564616179956,0.9894843457243564,66.47010944595756
2.05588697367028,0.06381935896575469,1.7424239967619943
631.118713,639.1975428569684,647.771362
0,1.1385160878468774,0
43.617408684278516,1.5515551541365746,49.008853639628114
4.539929776622006,0.3460960775313729,3.5129328957203834
1269.62207,1282.2296347025206,1286.27478
0,0.251845675448542,0
25.21518767820393,12.634698885048197,13.934616559696757
0.5036912542738535,0.3638542485411696,0.17234260910589683
1909.06702,1917.1744705918625,1925.71985
0,0.05909819016168293,0
17.013876666694266,11.083223392861727,17.67356834497121
0.1129302863946,0.10640100218869858,0.09490923750629555
