-8.32638100000031,0.4391244894778783,7.99309015
0,0.0003163852746072566,0
87.35054958974106,0.8886467211208907,65.10133762618712
0.0026222711912927596,4.479634325657662e-05,0.0008541361679102341
631.118713,639.4099397991706,647.771362
0,0.001493246310783759,0
75.05922258533133,0.9273260915570682,76.319771060306
0.009149182741626754,0.00027346287552309085,0.012520463568044007
1269.62207,1281.3253074451488,1286.27478
0,5.247219659893247e-05,0
23.499185637029324,12.792264724416102,14.707271908234095
3.3643282780580855e-05,0.0005584294031060056,0.0005105409630173507
1909.06702,1918.9611777908087,1925.71985
0,0.00018900899786379686,0
19.8421502895429,9.190750806699853,14.160926956920965
0.00036523666854604796,0.0007054656633543127,0.0004302540826949979
