-8.32638100000031,0.17145884977326453,7.99309015
0,0.0017815843793867578,0
92.17754291102052,0.790189003452695,78.21206665845816
0.014507183929404706,0.00025341678762571195,0.006745460135522805
631.118713,639.6628965522052,647.771362
0,0.0030742839823042043,0
77.5778629770972,0.952730127292168,69.96200211477708
0.018718070740933124,0.0005639848200687349,0.024456038199843724
1269.62207,1282.087855287027,1286.27478
0,0.0005070930761690817,0
24.93445616397333,12.277561991144234,13.705397486553638
0.0010142338761539049,0.0006340094555951665,0.000252063330303808
1909.06702,1917.5912891076935,1925.71985
0,0.0010021517751526243,0
17.70403230414015,11.238441540833069,17.11768252159849
0.0017424501586040023,0.0022487333789452217,0.0023937923937113244
