-8.32638100000031,0.41772146775775276,7.99309015
0,0.00010140738992592448,0
86.47405043938679,0.8934185962401914,65.12558357869085
0.0007180177392751891,1.6393967397292485e-05,0.00047990062172580095
631.118713,639.3398621379943,647.771362
0,0.0007666391786309316,0
74.51914271001473,0.9182950371654005,78.33370855073032
0.005577786500411308,0.00012419304831780772,0.0003275208785304178
1269.62207,1281.1368845246934,1286.27478
0,0.00013785173442349422,0
23.188242759277646,12.947892788594686,14.986677823468003
0.0002534707286052925,0.0004986645977709739,0.00042815128403173405
1909.06702,1918.52588565676,1925.71985
0,9.972289579323307e-05,0
18.924617618405435,9.207066790560244,14.828088577570842
0.0001990509580533344,0.00027073236030676466,0.0002055532392546072
