-8.32638100000031,0.20216779801598328,7.99309015
0,0.0006159954512009686,0
84.8456433011084,0.8661175921885388,70.94721473275314
0.004615688731375839,9.557946105568536e-05,0.0019174502592157285
631.118713,639.955434824403,647.771362
0,0.0032541318356066797,0
82.9872573643512,0.951877750421499,65.12894020977085
0.021589917236165677,0.0005597520625390647,0.016966374147375982
1269.62207,1282.0608415126744,1286.27478
0,0.0015637781481715777,0
24.9060632110845,13.048816318431127,14.409651000493964
0.0031311246540013586,0.0016440167768400136,0.00040978507021180536
1909.06702,1916.8373203431609,1925.71985
0,0.000601806894474135,0
16.69431920109632,11.396340797869069,18.319557453324883
0.0011476333263425531,0.001054883666120558,0.00020581356303277207
