-8.32638100000031,0.32758213997747987,7.99309015
0,0.1462997866016292,0
82.73403534731564,0.9153295360210402,65.11144167611954
0.7342944441053394,0.02784941714764114,0.5001272455926195
631.118713,639.3275547201793,647.771362
0,0.44845630488559746,0
66.13724679360988,1.0350664451837412,69.92674405386316
2.8776925362712724,0.08281001421758272,2.994626694545296
1269.62207,1281.3635542873471,1286.27478
0,0.08392316584813847,0
23.584241268973944,12.883750511446364,14.757220763563932
0.16788156204569926,0.12269705135622617,0.15322967416195285
1909.06702,1918.8908137156563,1925.71985
0,0.1116222563981181,0
19.75403311139667,8.853037515985864,14.124613776748872
0.22442867543439132,0.10185872756431073,0.13524347141192142
