-8.32638100000031,0.4308355535996533,7.99309015
0,0.0002548290223335554,0
90.37989526511731,0.8566359440918397,67.6150938123229
0.0019111683076855307,3.9037267801939335e-05,0.001088248519203335
631.118713,639.2767616252889,647.771362
0,9.559749613391972e-06,0
68.09144278016058,0.9918655242604743,73.74188431319804
5.195377355191934e-05,1.9441017013595984e-06,9.24755926230844e-05
1269.62207,1280.625618537926,1286.27478
0,2.718400853852374e-05,0
22.631610534913744,13.955761408098223,16.242489039856146
3.943618107833286e-05,8.391923153387577e-05,8.744525859322103e-05
1909.06702,1919.436593072603,1925.71985
0,3.989154544678187e-05,0
20.89298871225057,9.181109582824948,13.481169098314108
7.59625229269822e-05,0.0001119176237792124,7.277795826704865e-05
