-8.32638100000031,0.3232910013219623,7.99309015
0,0.15815163008764369,0
80.4214187336535,0.9413278838831962,63.43451217141939
1.0833670674495723,0.026750359396672942,0.5583382065199146
631.118713,639.3336599933981,647.771362
0,0.5297944951295305,0
64.80824913925349,1.0585996096018055,68.32338545554177
3.068917474002968,0.10675912056581487,2.3127316239871125
1269.62207,1280.8590658003611,1286.27478
0,0.0281281262218079,0
22.88428157645306,13.599108845537929,15.756003121071839
0.05280139405395218,0.06490946664541779,0.05112418308158323
1909.06702,1919.2201942184615,1925.71985
0,0.022421974752841713,0
20.465749114395617,8.958207936895684,13.674545821493727
0.04452645661745394,0.0363027309989127,0.015907080938159245
