-8.32638100000031,-8.32638100000031,7.99309015
0,0.0,0
0.0,0.0,0.0
0.0,0.0,0.0
631.118713,639.386718019997,647.771362
0,0.15026123742761618,0
73.08555294193627,0.9476278521402379,75.13600389636737
0.9527784249596607,0.027276038745372336,0.8846645095382727
1269.62207,1281.6059548247058,1286.27478
0,0.04974469867026895,0
24.006321570638907,12.683141186812609,14.402018174064395
0.09935821995673419,0.08509468767961514,0.052055611388264214
1909.06702,1919.3906831057782,1925.71985
0,0.04560911032988403,0
20.816795316584226,9.082983801590592,13.493637075144921
0.09184501106073717,0.04404934673691876,0.04837717342706415
