-8.32638100000031,0.4309572596840159,7.99309015
0,0.000576845222724644,0
90.40206011577867,0.8564458913906684,67.62756878090431
0.005674059267406622,6.390813031493882e-05,0.0031969700115975865
631.118713,639.2767733633509,647.771362
0,1.9563793618540292e-05,0
68.09085512621493,0.9918772384794087,73.74083578559373
0.0001516432333737005,2.843683669487669e-06,0.0002726996969598498
1269.62207,1280.6256533380467,1286.27478
0,5.4898034543777156e-05,0
22.63120482568653,13.954543808214655,16.24144279731489
0.00010573185576904941,0.00010344362621937436,0.0002673278208795403
1909.06702,1919.4362924085044,1925.71985
0,0.00011656561800674785,0
20.89207458831631,9.181962585460141,13.482034135038838
0.00023338660978062669,0.00014810406793936743,0.000220948573116649
