-8.32638100000031,0.38787220128563504,7.99309015
0,0.11627570699066911,0
86.41666455375385,0.8878671412846425,66.03247776737116
1.0050029934677467,0.015632953757353615,0.7414150495980342
631.118713,639.3617849862632,647.771362
0,0.5778551155819874,0
71.5033330557668,0.963257197328174,74.39462272917339
3.9968245149356854,0.0986258706615573,3.483048569671566
1269.62207,1281.5303492649239,1286.27478
0,0.1350181139915298,0
23.893834704063703,12.906979415058222,14.652507530361074
0.2706219383384804,0.1654715514644753,0.11428546219877712
1909.06702,1918.6561086523914,1925.71985
0,0.1167903761647909,0
19.225875576647855,8.936216472889011,14.526475787183244
0.23410181703482355,0.11506629801352945,0.14922932162234237
