-8.32638100000031,0.3334635713206673,7.99309015
0,0.18582518832458111,0
91.77058773446745,0.824587200749238,70.50034797459907
1.2946200163179875,0.02931658141613547,0.5980965229671704
631.118713,639.3441757961702,647.771362
0,0.24556130847983548,0
76.2839544319769,0.8974851704013523,77.64687943474169
1.5839882272830965,0.043192582792775866,0.9734413450873859
1269.62207,1281.6563069453814,1286.27478
0,0.18265734819088122,0
24.087067571461578,12.516658706286751,14.507403040842721
0.3646647354974219,0.3818932993019494,0.16492763268033606
1909.06702,1919.078029457693,1925.71985
0,0.12092215192789162,0
20.073665829317363,9.31731599702925,14.338030735984212
0.24235117250540866,0.12403289235737319,0.08527306723832413
