-8.32638100000031,0.11710826381532158,7.99309015
0,0.5773224013027966,0
78.70711802490624,0.9164663024358815,68.61033138120521
3.850096430805725,0.09930412841734648,3.031244284120599
631.118713,639.2333976415772,647.771362
0,1.2923943736248424,0
45.91858242864579,1.4818391719638124,50.82738962370516
5.656157962161397,0.3593449661889043,2.2293827258412184
1269.62207,1282.6648655390932,1286.27478
0,0.07878487987198782,0
26.10869476384044,12.50528445906185,13.548058247706862
0.15764956360157487,0.09140728174611176,0.03883610960445835
1909.06702,1917.43261788551,1925.71985
0,0.06654994138850179,0
17.31505676012064,10.88678154412724,17.19837883494807
0.12452990834241343,0.13237616590098428,0.0991895606838156
