-8.32638100000031,0.0788916399308004,7.99309015
0,0.412638067379586,0
76.36978608895544,0.9365716236857697,67.81877310429064
2.755221028757221,0.07162084946347043,1.6807143650594067
631.118713,639.4624537390918,647.771362
0,1.2512733516447279,0
51.36290566658806,1.3932044380818591,51.02774906745772
5.798030555527181,0.32374829152832246,2.9769895175404457
1269.62207,1282.3951705726513,1286.27478
0,0.0255849128515872,0
25.552221804003707,12.49878160101975,13.703240800060088
0.05113689455709796,0.055369771873579304,0.043454917518153266
1909.06702,1916.940504457691,1925.71985
0,0.024005784887528178,0
16.593746793324613,10.913426597867558,17.976372324854733
0.04488514692374511,0.04452492401890348,0.03697010750176796
