-8.32638100000031,-0.008517045388337863,7.99309015
0,0.6636178105632301,0
70.82149204147449,0.990779824098912,65.63371121946926
4.193079478305583,0.1224577782963471,2.4827206691764556
631.118713,639.2026356023206,647.771362
0,0.870826800123373,0
42.011548505801414,1.6178205877117087,47.07742492421388
3.0334325716826664,0.2936880101671878,4.855344675277668
1269.62207,1281.8407774592981,1286.27478
0,0.073953444044217,0
24.44163346449739,12.447862162282865,14.029481691631371
0.14783691404855043,0.161599971483789,0.12594382353074496
1909.06702,1917.3692861941581,1925.71985
0,0.1108483398656309,0
17.286201386744864,11.046341346555975,17.362886275968982
0.22755722146894114,0.15885482267476575,0.14566810148609055
