-8.32638100000031,0.17319791617069136,7.99309015
0,0.5688419907670789,0
87.77103613961465,0.8309497349236666,75.06288168430603
4.1304001032501585,0.0889092062977685,2.8764766242470796
631.118713,639.5599776463986,647.771362
0,1.397952234276132,0
79.7513837795567,0.9037038104155536,71.59343873673603
9.586674217092002,0.23490609833878678,7.086071789751653
1269.62207,1281.8773736935516,1286.27478
0,0.051985858112098354,0
24.513208567665774,12.078054712882658,13.395144674944895
0.1039572061272536,0.0942248846622771,0.07139458009945186
1909.06702,1917.5180154936222,1925.71985
0,0.17294194829780257,0
17.749323973599687,11.5839608899711,17.13232686368662
0.2954542173967021,0.36829651993997514,0.16972851269521427
