-8.32638100000031,-0.01123556084256272,7.99309015
0,0.5039222978666715,0
73.1487406210103,0.9577601414335474,67.8790623244968
3.383450580735708,0.08798105261358591,1.6806955575515021
631.118713,638.5815089636036,647.771362
0,1.173267595276241,0
37.82308652856072,1.5347442195089194,56.680565977566715
4.347253720719149,0.38640974690917185,5.336242728319048
1269.62207,1282.423551246357,1286.27478
0,0.29650793516350116,0
25.60528446081833,12.975054466125341,14.127113403846504
0.592907424576782,0.5961456326846928,0.37421120015045767
1909.06702,1909.06702,1925.71985
0,0.0,0
0.0,0.0,0.0
0.0,0.0,0.0
