-8.32638100000031,0.20523871747609945,7.99309015
0,0.41341853053458144,0
89.85029261973082,0.8175479173074516,76.66878517243558
3.052776415788328,0.06342276639622806,2.0600440512420684
631.118713,639.6633595767966,647.771362
0,1.3504495017606308,0
81.78826084640252,0.9026448550527139,71.52892606893363
9.855649352336771,0.2160732635035284,6.95075328259888
1269.62207,1282.1120947652082,1286.27478
0,0.29674938094650793,0
24.981576386145214,12.352690225368224,13.507556074008424
0.5935325504237599,0.30359896207055576,0.18129868612854477
1909.06702,1917.3030778966404,1925.71985
0,0.21866414734762155,0
17.295033099278445,11.283212434879495,17.14737698361593
0.4315669422851608,0.36568981718257326,0.17073216248399914
