-8.32638100000031,0.4223847148229556,7.99309015
0,0.1474016743479664,0
89.69821377101218,0.8615917602494382,66.3178515953323
1.1514186542733558,0.021974826197373835,0.3547474973983041
631.118713,639.3597042538548,647.771362
0,0.19186734500803748,0
77.0393477519271,0.8918737985676367,78.37693085957147
1.1882729277499506,0.034351680673045844,1.0387472090906151
1269.62207,1281.2414349992569,1286.27478
0,0.20741037336511622,0
23.289095562092086,12.409956194316624,14.475695424908249
0.41465660644492924,0.31538066079635696,0.1295599877951927
1909.06702,1919.0661800346927,1925.71985
0,0.0649201073782022,0
20.07148552799415,9.179628621068623,14.410921972918494
0.12989240437918145,0.08517089447033506,0.07564681391557528
