-8.32638100000031,0.3511456286654724,7.99309015
0,0.11559881764355817,0
84.50929744411883,0.9006178395271343,65.74474283955198
0.835389811531852,0.018538251700173838,0.3904504543856747
631.118713,639.342928192822,647.771362
0,0.2859078597079052,0
73.50840638560595,0.9319512144585249,77.16004843860203
1.8209763286032132,0.051514938088741725,1.810260418180325
1269.62207,1281.3068191379234,1286.27478
0,0.050678244598844756,0
23.486956399040203,12.916473428154559,14.827508931578906
0.10123728694333163,0.07896486522972658,0.044238426336183356
1909.06702,1918.7100614952672,1925.71985
0,0.04088768448683238,0
19.310313251664674,9.171627733303795,14.529744146388191
0.08187171205911625,0.040199327975806005,0.04486985063621118
