-8.32638100000031,0.4244709220300855,7.99309015
0,0.0003531005936341547,0
92.07411980426619,0.8393445276665689,69.08783502795282
0.0030977645371609097,4.713689164040265e-05,0.00294619414906044
631.118713,639.4349380933802,647.771362
0,0.001099268721005896,0
77.86249042565194,0.8985979999718733,78.2368110818373
0.008645507603656294,0.00016420587552492077,0.006472039021430115
1269.62207,1281.15546122761,1286.27478
0,0.00035384056584822013,0
23.19383946659312,12.809121899361136,14.855118892375494
0.0007113623115957892,0.0004015554781145452,6.153408022736357e-05
1909.06702,1918.499594508855,1925.71985
0,0.00028582929261264313,0
18.87995316165987,9.066217324734767,14.816365155161872
0.000570587887883622,0.0005925155507255298,0.0005902660124760459
