-8.32638100000031,0.17125986080388245,7.99309015
0,0.3774308413519976,0
82.53708288348668,0.8843537870476172,70.04294870775531
2.644769239620383,0.06186739851979776,2.2039729747871335
631.118713,639.6956613919282,647.771362
0,1.0655421444872413,0
67.53890975733755,1.107366165840774,58.41718732926731
6.000675166041973,0.21892567854060493,5.714464166304323
1269.62207,1282.2088245298178,1286.27478
0,0.10268964721974083,0
25.175312873014978,12.436974753293493,13.455222080786593
0.20533224754325893,0.23352704912255803,0.10921126236924249
1909.06702,1916.4058592788685,1925.71985
0,0.19158805144818633,0
16.053024249249788,11.277102059649723,17.55642219155414
0.2329331604172593,0.3950597880434002,0.10585176838861163
