-8.32638100000031,-0.04209029756056637,7.99309015
0,0.2879824482369947,0
73.65155637905058,0.9439099714184331,69.34863082291176
1.9078096828990838,0.05063546325907098,1.0664171372668396
631.118713,639.2133631881635,647.771362
0,0.7344859508828545,0
47.51826532271515,1.421428590633287,52.9750870209287
3.189180141720512,0.20294088186265055,2.397250318959255
1269.62207,1281.940149569462,1286.27478
0,0.05200159080792623,0
24.641399957911176,12.57479384318758,14.069641924359804
0.10395032820180895,0.10941639003940326,0.08081610978639635
1909.06702,1917.384731653097,1925.71985
0,0.029692572577396843,0
17.386595128443073,11.220963561941744,17.412799295329364
0.060821261102372653,0.043818660301993044,0.029036385863477097
