-8.32638100000031,0.14983667393300415,7.99309015
0,0.0022253413713417903,0
86.29358752662077,0.8407711897128944,74.0076755486404
0.01666546586981993,0.00034290959374576357,0.009629288997159306
631.118713,639.7298521929838,647.771362
0,0.007567964183905965,0
98.58100194043904,0.7580193965943306,86.06702750332411
0.05757568540643106,0.0010967175788136954,0.0763519242804845
1269.62207,1282.0470573040186,1286.27478
0,0.0015843154409769984,0
24.850608693595948,12.514065856088386,13.942350130757024
0.0031687076033807527,0.001635363188265417,0.00037970305765883724
1909.06702,1917.2298041523723,1925.71985
0,0.0008296607146246966,0
17.134381403204568,11.168288815745628,17.622356047132023
0.0005718754045748592,0.0024873562556552986,0.00243159438785399
