-8.32638100000031,0.05582786437670251,7.99309015
0,0.5923905498628449,0
67.67884875688924,1.0545922632967453,60.80601877957104
3.526131040440335,0.11615148288990873,2.095143111444148
631.118713,639.4956012054068,647.771362
0,1.5714321958053246,0
45.69565119954923,1.5910413031828374,44.8013940138024
6.579643643696557,0.4583021047655559,2.3993183100151625
1269.62207,1282.160459895916,1286.27478
0,0.10187223739610353,0
25.083647112109162,12.83528041693363,14.15593549013478
0.20378600074958653,0.11630436921822004,0.06246568907817728
1909.06702,1916.6845767657924,1925.71985
0,0.06682340045098509,0
16.411707418168035,11.25689681183082,18.51229525108304
0.12190093584147028,0.12194323744003743,0.08094853669086595
