-8.32638100000031,0.009469221356354751,7.99309015
0,0.6005626352098925,0
76.29442380186907,0.9219063024319288,67.68055252766914
3.7016059349456447,0.1090163443137909,4.738598330658415
631.118713,639.0797444606335,647.771362
0,0.51914406456659,0
53.53847892756936,1.211184773486927,63.76221493408504
2.6726025226342314,0.12033827794974472,2.4658738732328387
1269.62207,1281.92360219264,1286.27478
0,0.21378146788267993,0
24.659045613430777,13.159847053475163,14.697671425562081
0.4282365996579528,0.25735687259927115,0.3236477811339827
1909.06702,1916.3888512270116,1925.71985
0,0.14116287821718404,0
15.88463813954106,11.01985374694298,18.636215496798066
0.27444925523184494,0.2417850504701219,0.4047215703689819
