-8.32638100000031,0.3539696363813327,7.99309015
0,0.00018653105163280766,0
83.68446247260906,0.9102898254473197,65.01752314081806
0.0013968330027351258,2.918096538921044e-05,0.0002195156224176795
631.118713,639.4073012610257,647.771362
0,0.00031888668361060594,0
76.19470808675459,0.912576381737017,77.57192621236473
0.0015451163121371837,6.317641772075399e-05,0.00537027915979853
1269.62207,1280.876470517745,1286.27478
0,0.00027576158660929897,0
22.91831510496926,13.615719816562821,15.75602130827751
0.0005187321086960362,0.0006315138467973842,0.0004906084272600913
1909.06702,1919.2539979222665,1925.71985
0,2.901052143961132e-05,0
20.537522775110826,8.97533908768519,13.633351748339201
5.065145763363185e-05,0.00011636561584941778,5.9541400064374876e-05
