-8.32638100000031,0.02599231525586454,7.99309015
0,0.35210955068335026,0
74.83679132482962,0.9441006870267312,68.18450242389667
2.3877365834951094,0.06070166057982541,0.9849508846384002
631.118713,639.040076880865,647.771362
0,0.9771199654237294,0
43.28574871268596,1.501722336873592,52.32431896561525
3.8435211515761223,0.2982249197737377,4.152556830929441
1269.62207,1281.9206986336144,1286.27478
0,0.04520377964834787,0
24.601959460652814,12.541471015690576,14.053269635504403
0.09040996313018262,0.062311311806187264,0.028971022080240293
1909.06702,1917.3558187711471,1925.71985
0,0.038583121774491295,0
17.225548839230186,10.952795388453515,17.34041016163596
0.0762137922067846,0.06443275895431816,0.06469629997446323
