-8.32638100000031,0.20241058390201516,7.99309015
0,0.00015528798004522194,0
84.86283690278255,0.8659882729915237,70.95318228657615
0.0011604745683125855,2.41417533165397e-05,0.0004813585357850919
631.118713,639.9554504442301,647.771362
0,0.0008544777901357653,0
82.90281858765692,0.9528734710826079,65.06261659799816
0.005651294815146498,0.00014732688569734127,0.00451921443160786
1269.62207,1282.0547230275586,1286.27478
0,0.00041499821507115655,0
24.89383285161504,13.042623742676744,14.408060749412746
0.000830931675863416,0.0004388548839409326,7.038580081921966e-05
1909.06702,1916.8363298358775,1925.71985
0,0.00015940689869667224,0
16.68986430785162,11.390538387135093,18.31882641447974
0.0003086970063388039,0.0002745259380316553,3.532036159066318e-05
