-8.32638100000031,-8.32638100000031,7.99309015
0,0.0,0
0.0,0.0,0.0
0.0,0.0,0.0
631.118713,639.359668384847,647.771362
0,0.1915716722797178,0
77.6884605025223,0.8842397591923844,79.95197238837129
1.2874511413864942,0.0326400244191646,0.994700488145812
1269.62207,1281.7729952514715,1286.27478
0,0.13318324187265598,0
24.311199367263956,12.492674158878073,14.493960782576961
0.26579489053292865,0.3675884684669895,0.1794216716836187
1909.06702,1919.3731405127628,1925.71985
0,0.04828371314620115,0
20.779253423251006,9.075007685698592,13.748473058415307
0.09609174410165056,0.07376143811128565,0.08039044802522233
