-8.32638100000031,0.3684240613377394,7.99309015
0,0.10965915379546877,0
88.82455095173955,0.8594273727907518,68.50456316936089
0.9286667387946473,0.015187193124139632,0.7566706275664867
631.118713,639.375764767225,647.771362
0,0.2803644836867542,0
69.09120116478488,1.0013072419215645,71.39852630557121
1.2988762437273706,0.06047399545902162,1.8048296779142443
1269.62207,1281.6681098749207,1286.27478
0,0.128247670401363,0
24.128623755674447,12.728047079211896,14.39686235191602
0.25669053845843015,0.16281517735228648,0.14042289420879314
1909.06702,1918.9030320600334,1925.71985
0,0.0760318085037462,0
19.722802020357523,9.154225898604405,14.232885113161695
0.15243598759085542,0.07281027868802993,0.07752644489461795
