-8.32638100000031,0.35756265911678575,7.99309015
0,0.07149652270789404,0
82.10141382322523,0.9290212482659204,63.68475598916171
0.4886108008914984,0.012037994234918336,0.31271147061607685
631.118713,639.3867347773195,647.771362
0,0.31788149512608593,0
69.62653365915662,0.9960616931808484,71.57920386391105
1.9333591033513382,0.06045309840078855,1.666251215621499
1269.62207,1281.4196123779325,1286.27478
0,0.035732785607131785,0
23.665558094361934,12.745277715831364,14.594934151708546
0.07127550535889773,0.06220704868178896,0.039567265625236915
1909.06702,1918.801826508988,1925.71985
0,0.048042596083410175,0
19.508362515428995,9.139694283957832,14.376716448388326
0.09624827808598138,0.048703184244981934,0.056386991177267205
