-8.32638100000031,0.37842903284268203,7.99309015
0,0.08271385307491812,0
86.98653491618316,0.8799996125812574,66.77005978380664
0.6035195165751094,0.01305984731344244,0.33738550123727157
631.118713,639.3727515076461,647.771362
0,0.4851438939135866,0
74.38672640701733,0.9274409802643279,76.98939955131037
3.149887851792734,0.08606009181204397,2.7939778392109766
1269.62207,1281.31217929647,1286.27478
0,0.06489829389509434,0
23.50127230645463,12.941767817703308,14.845089074490929
0.12949695935848052,0.10538259470777141,0.06141068284068713
1909.06702,1918.702369753326,1925.71985
0,0.06952278035449833,0
19.300477586979788,9.114380694310121,14.519802693713551
0.1391953723607168,0.0760290801403707,0.07276496541355473
