-8.32638100000031,0.38156893793057556,7.99309015
0,0.3077696866951187,0
84.14193765165993,0.9110608348923973,64.50530655930442
2.203332289106943,0.04981529363361394,1.0161865940843446
631.118713,639.1282013095823,647.771362
0,0.6217650134233309,0
53.89051125410309,1.217937503589561,62.573092427090884
3.088243398027052,0.14805980129371102,2.4439557783210195
1269.62207,1280.636357985647,1286.27478
0,0.02534733394804816,0
22.63771017217819,13.926908120272534,16.20981131546791
0.04392530231159225,0.06358422846230359,0.054225954286758894
1909.06702,1919.3902495807874,1925.71985
0,0.03689526850089573,0
20.79947718595287,9.140574654246105,13.523925690221358
0.07424108200375552,0.036075927527036734,0.03837398491027377
