-8.32638100000031,0.4012097530040304,7.99309015
0,0.0005286261484373373,0
86.38193073913135,0.8909813364351835,65.57993229599083
0.004736360321108714,6.733623475517616e-05,0.004753660362362028
631.118713,639.3190299634317,647.771362
0,0.00749549213775475,0
71.39313768117132,0.9546657739727935,75.78915044151253
0.06080255284573571,0.0010362278186125482,0.03551343790045441
1269.62207,1280.9397330531297,1286.27478
0,0.00011620087972137273,0
23.00531506728565,13.557318905278343,15.656755132041866
0.00019322105756911797,0.0003853513632206371,0.0008078192074452124
1909.06702,1919.2202776861711,1925.71985
0,0.0004952483168317847,0
20.445059745796797,9.034474587777073,13.710390180888705
0.0009966603566009607,0.0004640065206342279,0.0005990804315535296
