-8.32638100000031,0.42307748060672523,7.99309015
0,0.6224553459709727,0
98.39403753727672,0.7842763135998447,74.86817018656151
6.4501802052551875,0.06747652694366063,5.598131572206434
631.118713,639.3585942936202,647.771362
0,1.7377939940008718,0
95.17685311307221,0.7187914140061625,102.2367184129073
16.421838729246502,0.21505104546628515,19.638784878694487
1269.62207,1281.4143157012327,1286.27478
0,0.38458017199458333,0
23.791921614863412,13.463386995075108,16.297592161120306
0.7707906992644846,0.5483373820401226,0.1912847945006662
1909.06702,1919.4312295132863,1925.71985
0,0.21297461547572635,0
20.836964681442335,9.356439286686085,13.901962243909324
0.4280846000666351,0.19715259988964237,0.3403507436856153
