-8.32638100000031,0.3820520070199809,7.99309015
0,0.12404063015329848,0
88.54880947339461,0.8648883911870239,67.94477307437856
0.8568978628609258,0.02008599850523728,0.6893349235229465
631.118713,639.3679305126643,647.771362
0,0.22046062657960505,0
81.17440514018224,0.8471544712983557,83.84553432000251
1.5541160069147915,0.035812459447243726,1.766710080063373
1269.62207,1281.30583285794,1286.27478
0,0.17880509468912978,0
23.433917881471785,12.598328499042253,14.834111154309625
0.35589294116053377,0.34917463592126763,0.09609267920840804
1909.06702,1918.9355645246897,1925.71985
0,0.0345195697733658,0
19.764553670703286,9.361484732162673,14.84125202410969
0.06903254158481895,0.048362725885152245,0.21535237483423247
