-8.32638100000031,0.40135484343577765,7.99309015
0,0.00030607708270384223,0
86.36346628448214,0.891205784274466,65.56139305759905
0.0020569714004004757,5.0992096622724106e-05,0.0020850167010817446
631.118713,639.3158612624471,647.771362
0,0.004115128467993451,0
71.15591709667996,0.9571859568616551,75.65060686358973
0.02674061876798143,0.0007394210624803301,0.015838194445161217
1269.62207,1280.9387670188669,1286.27478
0,7.68508651288947e-05,0
23.004561036666352,13.56014973322344,15.659907862566751
7.668461656812612e-05,0.00037096553129945686,0.0003554270037597971
1909.06702,1919.2220647767083,1925.71985
0,0.00022278553197227567,0
20.44894919538132,9.034959409947632,13.708053218055518
0.0004472922928929285,0.000245754377589117,0.00026997996671077745
