-8.32638100000031,0.3450474826802381,7.99309015
0,0.08567919474627601,0
85.01429446935401,0.8938813919164122,66.33076700744026
0.36969018321279407,0.016496348048699185,0.3064804178189253
631.118713,639.3551575146826,647.771362
0,0.2692830698731346,0
73.86886445069604,0.9300815776084945,77.09045912946173
1.6149399241283853,0.05011402277775838,1.8388529992042224
1269.62207,1281.5075186052497,1286.27478
0,0.1387062153728772,0
23.859113432146128,12.954463977228261,14.71043108296712
0.27827171386789273,0.16121585913388478,0.08577028846841478
1909.06702,1918.5994434375339,1925.71985
0,0.08683908707238716,0
19.09140874680783,9.042340298427531,14.652877987404509
0.17391690328336173,0.08298342989209226,0.10439777777109799
