-8.32638100000031,0.12712670631410994,7.99309015
0,0.29948295718797713,0
82.07791487262215,0.8800949658845155,71.18555403887606
2.0959654762285047,0.04913695741879811,1.5415598405552433
631.118713,639.3989488855782,647.771362
0,0.9111618148371377,0
48.95755856214396,1.4429739170170663,50.063223028306616
3.9991849018526198,0.2490998910092959,2.5511507526634523
1269.62207,1282.5536661057122,1286.27478
0,0.015126351275478301,0
25.885768429270037,12.40244554820285,13.518967255259959
0.030238275167875396,0.023727752751287638,0.018832628058977143
1909.06702,1917.550452363954,1925.71985
0,0.03101182352960838,0
17.533292670190654,10.976954750420457,17.057451514653188
0.058519427643888074,0.06082446874106358,0.05021421600769213
