-8.32638100000031,-0.0008865402881657047,7.99309015
0,0.3767851543923594,0
82.21769891075627,0.8518793067660368,74.30293730353782
2.6957361535621214,0.06053978484033042,1.9452644763662479
631.118713,639.3122491595724,647.771362
0,0.4701646191543499,0
64.40993021669104,1.0597288300391503,65.68376948482677
2.633801452935224,0.09699338939039095,3.719113296915288
1269.62207,1282.064340122571,1286.27478
0,0.3584835939209176,0
24.886167763960252,12.300778959467758,14.021642714438915
0.7169395466536078,0.574291731469816,0.11572281695576507
1909.06702,1917.3076384859069,1925.71985
0,0.20250892463726808,0
17.587518226399524,11.863352948011148,17.732709909720086
0.35153002789105703,0.3953031620415476,0.24742347144785165
