-8.32638100000031,0.0854050477392807,7.99309015
0,0.4258624450005472,0
78.7739521370631,0.9087258574040876,69.72654928349932
2.91856056124303,0.07182597643757485,1.8612850819186328
631.118713,639.4843774758298,647.771362
0,1.4104192671158233,0
61.426403498474535,1.1612742390529345,60.38274275731382
7.649664810038055,0.3055339611304328,4.909686037605044
1269.62207,1282.053299217019,1286.27478
0,0.025490847754414854,0
24.862481593840904,12.414273034843294,13.849895257140997
0.050981702089957996,0.03475265905973908,0.019749902212828425
1909.06702,1917.2851254024197,1925.71985
0,0.040425541724591896,0
17.153080461489438,11.030065434263951,17.481089445980057
0.07790450396831623,0.07221295526465944,0.054818710340085855
