-8.32638100000031,0.15882479216997325,7.99309015
0,0.00017318410468919652,0
85.16078209710557,0.8540086926356354,72.72179438012023
0.001209616680641567,2.8048899013770512e-05,0.0011648030687240458
631.118713,639.4764040814217,647.771362
0,0.0002554596838775871,0
72.52844643549321,0.9762240484245238,71.45833006112213
0.0016275226552183429,4.6557174209650335e-05,0.001125810577376054
1269.62207,1282.7896974029652,1286.27478
0,3.262253654616657e-05,0
26.366807770565778,12.538635260759268,13.507305331957037
6.486533783848627e-05,8.457212258049789e-05,6.006365517716118e-05
1909.06702,1918.075727328395,1925.71985
0,3.766496856556861e-05,0
18.474161777533595,11.278368623737036,16.459313968888544
7.200850670580537e-05,7.448762013523267e-05,7.48087311815481e-05
