-8.32638100000031,0.3935574663536894,7.99309015
0,0.0010532620805569336,0
88.80419456571616,0.8646545897072484,67.65768122559993
0.0094543160275592,0.00013565950144507803,0.005947089808821947
631.118713,639.4055920009811,647.771362
0,0.000306769054839385,0
81.18942028966994,0.8548293175568825,82.72627009548404
0.0022598045388544643,4.8423641996653315e-05,0.00844933544353968
1269.62207,1281.3665042959003,1286.27478
0,0.0005989256818686312,0
23.601344260804808,12.951378782219297,14.811502821292628
0.0012035567252106248,0.000661891548582416,0.00012256135560822357
1909.06702,1918.7540007873633,1925.71985
0,0.0005314048388241455,0
19.416502246336734,9.06595594511454,14.418183159099907
0.0010619530218636756,0.0007937708791241891,0.0009404514050391366
