-8.32638100000031,0.1125259362283586,7.99309015
0,0.36526399599945014,0
82.88624994810485,0.8682872376350501,71.19687705093624
2.538336328859643,0.05991025364110616,2.5362580710009675
631.118713,639.6094703344238,647.771362
0,2.015895070865981,0
85.56617084556993,0.8510041701063198,81.84265257623301
14.665627871258009,0.3179054388627579,13.8432329028384
1269.62207,1282.7240177877864,1286.27478
0,0.10547095098245354,0
26.24020067712651,12.430174936734984,13.470410653519027
0.210936941076593,0.1458287073357736,0.08989803418960714
1909.06702,1917.664546341551,1925.71985
0,0.2003783131491394,0
17.82083036266229,11.250936386112784,15.949018386449023
0.35010860389572335,0.45351382879615104,0.19411392647412057
