-8.32638100000031,0.0732501257771272,7.99309015
0,0.4680154622629256,0
73.72993057128008,0.9696750310353826,65.66501413450297
3.0625328727010634,0.08337100559298972,1.5648032804607057
631.118713,638.6221141460481,647.771362
0,0.980208125989517,0
43.45232104859671,1.3368245280216897,64.02900447519829
4.286542283201228,0.2707590404124331,3.5223673317605146
1269.62207,1282.0188169838705,1286.27478
0,0.07240800870930579,0
24.837091262945165,13.15403174205798,14.531634386288268
0.14443218869082203,0.13759832354684665,0.08846385857613095
1909.06702,1909.06702,1925.71985
0,0.0,0
0.0,0.0,0.0
0.0,0.0,0.0
