-8.32638100000031,0.37285414306669473,7.99309015
0,0.45466039058919383,0
83.10952696273866,0.9207669277669014,63.274622560280406
3.0943874583213433,0.07642971990534371,2.5667358174323742
631.118713,639.2965596636185,647.771362
0,0.7942459403430736,0
74.16477711265098,0.9129765485440583,77.78664619390666
5.13086217502833,0.14097771177880083,4.123138115993396
1269.62207,1281.2021491999553,1286.27478
0,0.2403684142945771,0
23.35295486698225,13.173771986204553,15.65644396370127
0.4689501001826724,0.5398558245710743,0.17215845491303694
1909.06702,1919.365003331254,1925.71985
0,0.108036948748254,0
20.804027532719207,8.934556882921758,13.867817474843228
0.2066844482904022,0.2592612624443487,0.09481974126717085
