-8.32638100000031,0.1263160670223602,7.99309015
0,0.33016762176926917,0
80.49306650078458,0.897640623431636,68.15492790953274
2.2879117296565643,0.0549329794821848,1.9509780770800316
631.118713,639.6831903687813,647.771362
0,0.6684484838735028,0
65.90605988920206,1.132409115814493,56.675865026800295
3.4772318846738695,0.14541934039467944,3.5781678576855676
1269.62207,1282.476501665673,1286.27478
0,0.13968090943254755,0
25.715093023216696,12.57454677536808,13.636297804644382
0.2791646942874943,0.3080535968051405,0.26604817929584
1909.06702,1916.2236021436524,1925.71985
0,0.16542471153422256,0
15.920593046493465,11.445931724923494,17.859566210688023
0.23668533093720534,0.31079776224745365,0.22695471198928727
