-8.32638100000031,0.04587991962264759,7.99309015
0,0.0008469368325887043,0
82.2602510670572,0.8611241367025861,74.20496362424939
0.005971999136641189,0.0001376405810872208,0.004741252586674805
631.118713,639.3938598765593,647.771362
0,0.001261274054521737,0
65.86652544600491,1.0565982526775637,67.47970873374126
0.006091050289656581,0.00027800996960327746,0.015770243227204217
1269.62207,1282.0129049979694,1286.27478
0,0.0004098060860258667,0
24.788540812867254,12.686069928177107,14.117843434065433
0.0008190149320556088,0.0008856940134541987,0.0006093533380877085
1909.06702,1917.3577329484629,1925.71985
0,0.00044141318900256955,0
17.412927100425243,11.364768716548788,17.51755586578042
0.0005718305901169991,0.0011460832478017808,0.0012199016116075396
