-8.32638100000031,-8.32638100000031,7.99309015
0,0.0,0
0.0,0.0,0.0
0.0,0.0,0.0
631.118713,639.3567423272818,647.771362
0,0.3022596118565841,0
72.13125730464999,0.9534592108016084,75.21960218591529
2.2402474423512673,0.04798464584423093,2.013174535873626
1269.62207,1281.7560236443471,1286.27478
0,0.1076045189102141,0
24.290233252649433,12.665718992687326,14.279043011965836
0.2151934711284002,0.15829257880854908,0.13000812025459121
1909.06702,1919.212792849358,1925.71985
0,0.04026610562954149,0
20.451394347659264,8.94969718162986,13.681629544144858
0.08089470704895534,0.04403183268257568,0.03779818660548043
