-8.32638100000031,-8.32638100000031,7.99309015
0,0.0,0
0.0,0.0,0.0
0.0,0.0,0.0
631.118713,639.3631774358297,647.771362
0,0.22767446180319448,0
72.6106157731017,0.9484954326037331,75.48671306343988
1.4252893273863463,0.041726136605581575,1.4346271934610817
1269.62207,1281.5745172110255,1286.27478
0,0.0719990243527285,0
23.952696627584988,12.732605281313463,14.468255724339894
0.1435839309954587,0.1356323543339645,0.08975586341710037
1909.06702,1919.3044134049028,1925.71985
0,0.04814574211376976,0
20.638406206744797,9.022388173668393,13.584583503707755
0.09682664990014514,0.04988404276174667,0.05371242104177743
