-8.32638100000031,0.03764941467967908,7.99309015
0,0.5567645426793069,0
85.77385171676562,0.8235046375081082,76.53660318884471
4.2119569678168665,0.08498211245816378,3.0930232666485877
631.118713,639.4075671207879,647.771362
0,0.7159525301202551,0
59.28325753521477,1.1825168109607753,58.877988491175614
3.6113830595550933,0.16444937319251796,4.394728094209415
1269.62207,1282.7943257271115,1286.27478
0,0.8347791442803554,0
26.37574750127947,12.546240582553711,14.524202862644376
1.670599467116137,0.9803765873932934,0.31469121451414966
1909.06702,1916.9053395073922,1925.71985
0,0.22361346985492836,0
16.826659288634904,11.470266510525875,17.681078169841463
0.4242605746591138,0.39445753829927604,0.27112453439099654
