-8.32638100000031,0.19525401311058843,7.99309015
0,0.729108175984339,0
77.42694497104509,0.949538784296006,65.00246084775328
4.6645429641162,0.13008060757001275,4.058406892335155
631.118713,639.258300003785,647.771362
0,1.2797431963232062,0
39.89832062918764,1.736084773511313,43.58676028124587
4.682209415013347,0.4317108026698426,3.1251760427772366
1269.62207,1282.8482659722877,1286.27478
0,0.0782326070380037,0
26.62746557948968,11.789521223273546,12.78630722801771
0.15606634403563097,0.11458950169846559,0.06999069211855193
1909.06702,1917.767539888165,1925.71985
0,0.1915943092676367,0
17.801322227707768,10.777552676868373,16.658108027743722
0.38847234064479913,0.26355830367622896,0.23073822865831053
