-8.32638100000031,0.24277707872664678,7.99309015
0,0.0002873709579941324,0
90.4714103146187,0.8190579301624968,74.15618159147314
0.0019376601626257,4.612795660635137e-05,0.00293579153387286
631.118713,639.5239938028791,647.771362
0,0.003287219784040581,0
68.96021975206722,1.040175191765733,66.43212363120867
0.01924955769642214,0.0006474669545759187,0.017143404437632095
1269.62207,1282.8958205733693,1286.27478
0,0.000524792984017764,0
26.70326156736524,11.91163415182646,12.870139680997742
0.001033330160198682,0.0010934180887047765,0.0007182155223493889
1909.06702,1917.825005817249,1925.71985
0,0.0004167681640669909,0
18.009468152806342,11.098276579339585,16.71433460753125
0.0007567820681904442,0.0009417926897866526,0.0009757353202340227
