-8.32638100000031,0.35089659807936613,7.99309015
0,0.14883403447341664,0
87.45992683478457,0.8695556501727559,68.39207069724935
1.0377999528061483,0.024080432395255758,0.8858934863659437
631.118713,639.3932521800833,647.771362
0,0.7001209402658204,0
82.07102065981442,0.8429101478688944,83.71056332165644
4.939650629864849,0.11329860717956304,4.496246914431558
1269.62207,1281.0759406973718,1286.27478
0,0.2028816900641163,0
23.01058208053226,12.59183048690985,14.981287190211816
0.40171074797246,0.42334052227475993,0.15696192870851047
1909.06702,1919.1699317454477,1925.71985
0,0.05253326640592946,0
20.27291855380664,9.31245628175576,14.830957954433991
0.10208708304107916,0.16728062986992007,0.06583861771778397
