-8.32638100000031,-8.32638100000031,7.99309015
0,0.0,0
0.0,0.0,0.0
0.0,0.0,0.0
631.118713,639.4010693426521,647.771362
0,0.0011791040979805406,0
77.6126548702355,0.8941444009676078,79.25039105934474
0.007489498100261599,0.00020811311119260206,0.010198880558492631
1269.62207,1281.6365880232433,1286.27478
0,0.00013956292211103632,0
24.067757568837937,12.716224200791832,14.407986197359742
0.00027820472924552225,0.00028404746584756874,0.0001946716868428727
1909.06702,1919.280880706023,1925.71985
0,2.9042895212128345e-05,0
20.591221868639867,9.000754189793476,13.60707102796582
5.1232149250779914e-05,0.00011314457298301021,5.945305831380825e-05
