-8.32638100000031,0.30043054375366474,7.99309015
0,0.1311292115859668,0
85.54179992946828,0.8790391039195657,67.3392407287198
0.7291851777068099,0.023579807671904256,0.667568204563686
631.118713,639.3872860730364,647.771362
0,0.6342771776416283,0
84.81473102364723,0.8139123131618834,86.21239002199692
4.30224976954619,0.10320528439921836,3.68890697061673
1269.62207,1281.318561166425,1286.27478
0,0.31105251964004926,0
23.46267514688769,12.634872661767293,14.911995205836812
0.6214097317676559,0.49413443957084,0.1331344871721887
1909.06702,1918.9257287135172,1925.71985
0,0.12953919594134508,0
19.785263169009752,9.074082765702984,14.420770579313148
0.258659605204109,0.19633526103258775,0.1879353960591986
