-8.32638100000031,0.045799997164461814,7.99309015
0,0.00034099083823047055,0
82.23786115896479,0.861346978985389,74.18768620893823
0.0024067228552877417,5.5388473657420366e-05,0.0018835113817669473
631.118713,639.3952160638644,647.771362
0,0.00034383487604548485,0
65.8489822530914,1.0572412769614135,67.41846115411778
0.0012582918499539969,8.182588453285097e-05,0.005981982444903198
1269.62207,1282.0112533669658,1286.27478
0,0.00016589191531619384,0
24.78537506393351,12.687373406515958,14.120109624912713
0.00033153760177645486,0.00035838193700617324,0.00024589228321788447
1909.06702,1917.35538135588,1925.71985
0,0.000173220948189938,0
17.41078517643014,11.367520712349094,17.522278436708078
0.0002084621226289902,0.00046251406790443687,0.0004952972458771614
