-8.32638100000031,0.37442143151289464,7.99309015
0,0.003413602518573104,0
86.92345542543758,0.8798323483472981,66.85162064095861
0.030524960640954366,0.00043839795959769583,0.01778656055966575
631.118713,639.3865205342828,647.771362
0,0.0011282623668787386,0
76.2862069262948,0.9068348480401364,78.4353581800421
0.009628817917258567,0.00014889724538376663,0.0012346883109332057
1269.62207,1281.1689756763647,1286.27478
0,0.00038385873638242086,0
23.27186290588918,13.072549035588334,15.066746050690973
0.0007638591504425062,0.000650537366277189,0.0008317490336018149
1909.06702,1919.054647624682,1925.71985
0,0.0026241130824025375,0
20.082514175991196,9.00485063398832,13.938295215886985
0.005266780812921027,0.002812166636573494,0.00370575507910031
