-8.32638100000031,0.16023792378538104,7.99309015
0,0.5846829337567039,0
81.64592229901913,0.8918773142715097,67.19326789958204
3.949513872399704,0.09843864899914993,3.8550449109597653
631.118713,639.5815734929826,647.771362
0,1.1166862816649428,0
56.49137164632967,1.2976105691276791,54.90973975237418
5.3675065239859485,0.27279312629748587,4.4173917218596275
1269.62207,1282.9581988518976,1286.27478
0,0.1277830114249831,0
26.896637811216202,11.714840139508182,12.834344671049335
0.2511769055312305,0.24574125691722692,0.17168525752003572
1909.06702,1917.8118870645042,1925.71985
0,0.17570999849623203,0
18.150786521953542,11.502338432490099,16.40178289198709
0.3375381221009554,0.32131468796215773,0.33441532170029864
