-8.32638100000031,0.39872546461459635,7.99309015
0,0.1129564232104657,0
88.56991347365502,0.8680255882096999,67.15115349490586
0.9976036219470438,0.014860419612895612,0.7314390926774572
631.118713,639.357188753498,647.771362
0,0.5745374227036,0
75.5508981759186,0.9093119014295673,77.13797298422028
4.3744027077888985,0.08884527208527915,4.442990863342573
1269.62207,1281.4467213645758,1286.27478
0,0.14479418922079035,0
23.700313821892596,12.62722764149895,14.705879434075761
0.28833685900332295,0.29353898402748574,0.16695091872789045
1909.06702,1919.0359763727124,1925.71985
0,0.13340649443408012,0
20.026889651465567,9.07058422259466,14.919796290558924
0.25905958942335827,0.37993032866565335,0.19828956111896498
