-8.32638100000031,0.0642628136148744,7.99309015
0,0.5109901030915792,0
81.20536370116898,0.8764327216669152,69.36856623235921
3.62031436525486,0.08326224437489575,1.916338938320072
631.118713,639.3659143501035,647.771362
0,0.6172295048422075,0
66.2118497867614,1.0437051801884247,69.3167032342576
4.085178537766401,0.11055473803836116,2.4053100946990424
1269.62207,1282.4460058878067,1286.27478
0,0.43627855546276056,0
25.65270665045191,12.577339331732858,14.440334024008067
0.8726368972684303,0.5301256191289093,0.2890514510908925
1909.06702,1916.833564125387,1925.71985
0,0.302022921601077,0
16.402619771498472,10.83612983984532,18.87582956205387
0.6179544111405754,0.4640646520286218,0.4412614173835822
