-8.32638100000031,0.36328413356928557,7.99309015
0,0.2949626861451582,0
80.5414178269004,0.9487085032693583,62.31314747950579
2.4514773554556917,0.040820948558014554,1.6816263359909294
631.118713,639.2286623567352,647.771362
0,0.6161797680316873,0
58.22669568635601,1.1523796183638377,64.50250373210068
3.7876865335770833,0.11893919860294641,3.173341619622502
1269.62207,1281.164968769661,1286.27478
0,0.11194845791723161,0
23.362100664051084,13.47225798404978,15.412046591029524
0.22559672925408628,0.14634441490088182,0.16881644220245515
1909.06702,1919.159999298912,1925.71985
0,0.05616821509357333,0
20.33613515320095,8.934630462660007,13.752491497958655
0.11275711186606346,0.06325203675328438,0.0777895017343956
