-8.32638100000031,0.34873460604819684,7.99309015
0,0.12725531082160732,0
84.87546658831631,0.8961447789389372,65.36418834108403
0.7699839560498902,0.022409840644697768,0.3959759604112149
631.118713,639.4310106611691,647.771362
0,0.1729245187897224,0
74.76075113922725,0.9359221463903687,75.11718884945167
0.8417159369761545,0.03479933316027059,1.0805652438709814
1269.62207,1281.5751317505103,1286.27478
0,0.09305071443242056,0
23.94373425252443,12.642625858865719,14.604214354400826
0.1859965449158733,0.14616720928742605,0.09564414105064734
1909.06702,1918.9007485584566,1925.71985
0,0.07162244718341779,0
19.710722292698655,9.202731110597878,14.657119781991206
0.14284035270371256,0.12686664803736336,0.27721046005141065
