-8.32638100000031,0.09408767774667659,7.99309015
0,0.3039299250656321,0
96.94383459694735,0.7369984880561442,84.97155189368067
2.4735010266113533,0.04232807082892469,2.1275079048157863
631.118713,639.4526645730687,647.771362
0,0.48375307150793867,0
68.69973859251984,1.0263224885162054,67.16546632765831
3.4686860646212123,0.07904219301551164,2.0046617487443985
1269.62207,1281.9002562530868,1286.27478
0,0.2046433803797474,0
24.582285062989854,12.855347338307,14.247034251155972
0.4096270393243002,0.2340008377900176,0.25638094880339596
1909.06702,1917.033524125841,1925.71985
0,0.251536050686441,0
16.790379266980196,11.04358933806938,17.233405093176067
0.5218096391501594,0.3683077171623761,0.3176769998774327
