-8.32638100000031,0.36718186103836103,7.99309015
0,0.1866955707587952,0
83.05047759823569,0.9202215955144072,64.1174441478435
1.308824208611593,0.030783523727304255,0.696125272285239
631.118713,639.2583358581901,647.771362
0,0.4415382677193045,0
62.25539930035244,1.0830624375552427,68.0044163593829
2.4727994572781995,0.09212911656798735,1.9840837632448
1269.62207,1280.9073847150248,1286.27478
0,0.03134868020096972,0
22.95286888248725,13.56215236728365,15.686557735242179
0.05855174909005312,0.075528987936864,0.0604899500161727
1909.06702,1919.1994752782905,1925.71985
0,0.010689420265431628,0
20.39411268199641,9.051059807437444,13.748551068017548
0.019505733827258977,0.04081081599265415,0.020387755757261688
