-8.32638100000031,0.12286827458325789,7.99309015
0,0.42705947690764184,0
84.95660303216394,0.8487893115518665,73.82929466699267
3.140992094382832,0.06691698237048312,1.9641357456216615
631.118713,639.4959634937286,647.771362
0,0.7326173405809627,0
53.12066935281951,1.3557110472377085,51.89606784674126
3.386014355344831,0.1877786748235469,2.66028037220319
1269.62207,1282.0904709824379,1286.27478
0,0.01791586289571448,0
24.942670828563003,12.200810079698385,13.635947138662104
0.03582658400247431,0.028697070985413457,0.021232586699527045
1909.06702,1917.5794637494826,1925.71985
0,0.02604626692355098,0
17.630993730133007,11.107065408639425,17.0734079842161
0.0501817658884523,0.04754531966753806,0.04569804952838502
