-8.32638100000031,0.44543631720878984,7.99309015
0,0.11558190798933007,0
86.10289934069426,0.903109967911133,63.631016330155646
0.9270714595802643,0.016935813453937906,1.1433691603652487
631.118713,639.3012173032678,647.771362
0,0.47839234351061716,0
70.47438553538188,0.9632029580055897,74.42703273055594
1.855933864486402,0.10507574404070882,2.0611029451186518
1269.62207,1281.257807047801,1286.27478
0,0.13749944260510097,0
23.373398963401023,12.77691419908756,15.03371284564636
0.2702231052254901,0.33773945235578057,0.24598535652073092
1909.06702,1918.6571762839712,1925.71985
0,0.07343668961658155,0
19.191838965650145,9.263394040386874,15.08676376203012
0.14693599225623524,0.08121364466427344,0.147483371266777
