-8.32638100000031,-0.01848098446771118,7.99309015
0,1.1062348034196607,0
61.867142317945664,1.136513888511555,57.657476852813645
6.019885958646797,0.2378254884073472,4.1179026230509646
631.118713,639.2403032582557,647.771362
0,1.9615631962237459,0
38.97870845868353,1.7728449807971622,43.42960289528213
7.565795125449402,0.636219593653179,3.5880312685829865
1269.62207,1282.1115131175325,1286.27478
0,0.1313925623680536,0
24.991064365965702,12.885577244329545,14.235357655731566
0.26277514379814393,0.1922177975923826,0.13720259096371973
1909.06702,1916.6704577238763,1925.71985
0,0.1312750323395506,0
16.254662083883254,10.998087848855493,18.46217218692213
0.11787886010496651,0.32545817672980665,0.2724469834146775
