-8.32638100000031,0.42702714277693765,7.99309015
0,0.0028601414420489574,0
80.42022274625921,0.9643357721117574,60.326760672224
0.025109097405661224,0.00035499958286968236,0.011674122127015222
631.118713,639.4883970780072,647.771362
0,0.0013201721598248698,0
74.47630021690644,0.9527782358370313,72.96063133284915
0.00937876478470941,0.00021913345369651443,0.05428803003024953
1269.62207,1280.657235516332,1286.27478
0,0.0005125581165886289,0
22.636125120825394,13.832751835168086,16.11406265218627
0.001048775915302154,0.0006602535693017193,0.0003620833869619664
1909.06702,1919.303920628329,1925.71985
0,0.001016613646396116,0
20.56795852523259,9.301077945272485,13.726817757202074
0.0020417496313853167,0.0009712842925299976,0.0012727606808542974
