-8.32638100000031,0.11373027832848415,7.99309015
0,0.37290503040397865,0
90.58970210040692,0.7932999169053694,78.97289183055155
2.826361330442343,0.055859911579324836,2.4916565800081956
631.118713,639.6258127414367,647.771362
0,0.857006829800786,0
66.63965670602101,1.1043008008605926,63.08632035010339
4.842562882050555,0.17608547826668772,3.774278960927475
1269.62207,1281.5568098522879,1286.27478
0,0.0858921212222576,0
23.914144442080882,12.687524654389206,13.765208162815368
0.1693176777734989,0.26713492464216876,0.11100759494082878
1909.06702,1917.664181890812,1925.71985
0,0.20986490534094998,0
18.05045151640949,11.77177038914222,17.59251697647739
0.4086498139944333,0.3624771739936251,0.34014938880764795
