-8.32638100000031,0.38024453095384025,7.99309015
0,0.0003261079920582441,0
87.36477218096238,0.8764808153722208,66.99934101367725
0.002323422768058409,5.220041893202292e-05,0.0017087338209534105
631.118713,639.3829271549013,647.771362
0,0.0003788336974384533,0
80.61770282937161,0.8562689038647198,83.03353685935191
0.002716389600260837,6.105164455333565e-05,0.0019465150520864658
1269.62207,1281.3489745315267,1286.27478
0,0.00015114900303024364,0
23.562803703606416,12.91327627157338,14.792238593245884
0.0003036884579550594,0.0001671289784560683,4.082979898917792e-05
1909.06702,1918.6833616958422,1925.71985
0,0.00016546489409784414,0
19.255718950008117,9.157061791033604,14.564054652294054
0.00032978334997945817,0.0003615583983753076,0.00029777360820004516
