-8.32638100000031,0.35194430944495814,7.99309015
0,0.0780074908860403,0
88.26985409661047,0.8616274816825539,67.52678089420738
0.5597938420690924,0.012360168183565131,0.6037097032098652
631.118713,639.4026775456155,647.771362
0,0.44727773760341966,0
79.2382239679398,0.875725892853231,80.63830454476818
3.0928944160011924,0.07439500633835969,3.1128674768392
1269.62207,1281.3328647729998,1286.27478
0,0.12795865685747507,0
23.49158148904336,12.651818337240769,14.896001364453848
0.25372304831612535,0.2852676475847461,0.13986479034061539
1909.06702,1919.1201405151924,1925.71985
0,0.18373047546335564,0
20.1983139433769,9.135964651422446,14.985691380439853
0.3624354828631852,0.3991401737066701,0.21507277540067127
