-8.32638100000031,0.3802595665848294,7.99309015
0,0.000457308303004804,0
87.37969496815523,0.8763311226963988,67.01022503147381
0.003969182218355047,6.135680339487427e-05,0.0029038581642160236
631.118713,639.3830651838065,647.771362
0,0.0004951767765828343,0
80.63357316392725,0.8561256235152189,83.0444418644608
0.0041307801766636105,6.940055582676675e-05,0.00283908842325255
1269.62207,1281.3480945804808,1286.27478
0,0.00023200708497430478,0
23.561013625429663,12.91218181128014,14.791974839220217
0.00046616073293070476,0.0002559251479278859,6.844444931966139e-05
1909.06702,1918.6824675071398,1925.71985
0,0.0002569632178379775,0
19.25374174119418,9.158029749760328,14.56582530054576
0.0005135527355272292,0.0004072126118943821,0.00045973772260392125
