-8.32638100000031,0.163624501750661,7.99309015
0,0.2245439906095543,0
86.73944194165583,0.8391143014220709,73.0504009358879
1.699560945017278,0.03430391383968543,1.479264207536967
631.118713,639.6791878254908,647.771362
0,1.0133686693391895,0
76.34511812385672,0.9722561586111912,71.31120426808047
6.2558202362923945,0.18620148732642722,6.561198209944649
1269.62207,1282.4222877127422,1286.27478
0,0.07328190098184788,0
25.611073604375118,12.436484910747371,13.309140571937737
0.14639821642562068,0.1581032919456826,0.04947794360610879
1909.06702,1917.5267459612287,1925.71985
0,0.033872367464163874,0
17.561238182290744,11.132705034451817,16.945367149130753
0.04849251605887725,0.09342347588788863,0.07717924940961866
