-8.32638100000031,-0.013672583739960942,7.99309015
0,0.29402426718726,0
75.67811860394971,0.9243835260100312,70.28209429201479
1.990647822497761,0.05050308506077622,1.2390642293091227
631.118713,639.3297239496935,647.771362
0,1.5170745949345936,0
43.24400200145044,1.6197454664267281,45.757054664883285
5.924678507434664,0.47310091704203794,4.025464906499491
1269.62207,1281.9116479004178,1286.27478
0,0.10613000708798183,0
24.598018814921165,12.780577091552205,14.27133248075226
0.2122975129319214,0.14430999250244442,0.06878591971396372
1909.06702,1917.2425910723437,1925.71985
0,0.11710241728132777,0
16.999486755883787,10.824754158976074,17.467658803014977
0.23567212170939214,0.18230696321251655,0.1895591904528875
