-8.32638100000031,0.2791139088580845,7.99309015
0,0.8437797178950559,0
77.92015970528048,0.9622736067828853,62.86122281300041
7.381635551732061,0.10363202482901197,2.9193197845261873
631.118713,639.06278066407,647.771362
0,1.0166403208280368,0
48.20156119286818,1.3468927021394146,57.79346753407538
5.505178503485403,0.22204622803914723,2.746850995810837
1269.62207,1280.841068776051,1286.27478
0,0.07994439870668911,0
22.971550424440494,13.946892578096222,16.065581725905908
0.16161470781450432,0.1139096015801907,0.17073009673370312
1909.06702,1919.2955523702656,1925.71985
0,0.1783103278662648,0
20.647223174144386,8.925726845342034,13.556551420486674
0.35991181509727294,0.15631058172691994,0.21259686348848625
