-8.32638100000031,-8.32638100000031,7.99309015
0,0.0,0
0.0,0.0,0.0
0.0,0.0,0.0
631.118713,639.4099196222817,647.771362
0,3.526825453555829e-05,0
78.13499065110092,0.8899484719541743,79.44923684117019
0.0003279299650395155,3.937658705144122e-06,0.001133290181572886
1269.62207,1281.6638608965238,1286.27478
0,3.055913367690632e-05,0
24.11503972486804,12.673196106400852,14.350797778866273
6.041883631540658e-05,0.00010023997996019932,8.046513293366987e-05
1909.06702,1919.3614131822067,1925.71985
0,8.091860391125308e-05,0
20.755016929387242,9.06672589503374,13.52585692454278
0.00016067963294409834,0.00013051914732351713,0.00011234840699715716
