-8.32638100000031,0.3864164610322529,7.99309015
0,0.0004211604522305809,0
85.22375349180592,0.9002572591094754,65.1724239425177
0.0035790610368068767,5.767991588142437e-05,0.0024953230069270716
631.118713,639.4320240694393,647.771362
0,0.0001044759874481749,0
75.9524486405661,0.9210968385539439,76.42299229061325
0.0009278161336413421,1.252649478633236e-05,0.00442527858523002
1269.62207,1281.4578217391154,1286.27478
0,0.00015234663839728069,0
23.735522389950702,12.73881604456195,14.560263728068563
0.00030539010155937864,0.00017444684055457395,0.0001262540946121599
1909.06702,1918.7988939360991,1925.71985
0,0.0003719443603702452,0
19.502575167865245,9.136276009706695,14.379072200588205
0.000745199496131699,0.0003714362753664605,0.0004977935815498522
