-8.32638100000031,0.09544832467775777,7.99309015
0,0.0012922520052932882,0
84.27295783829405,0.8502142960339989,74.21142077066216
0.009893661990810812,0.00019690504978785793,0.0033966662249031686
631.118713,639.2202274293822,647.771362
0,0.000500866368500516,0
61.681288050900946,1.0831107295762108,68.59412369818082
0.002366731741293759,0.00011471322302897369,0.005640233410973332
1269.62207,1282.0167918107447,1286.27478
0,0.0011146545418586845,0
24.796058780050693,12.684392778355173,14.113745062528544
0.002229817921895694,0.0012168695998646432,0.0004562951050577883
1909.06702,1917.4180316488778,1925.71985
0,0.0008337067311544156,0
17.40166006460178,11.143174744109155,17.32814385057577
0.0013068048379198112,0.0020563018074912618,0.002208702671769506
