-8.32638100000031,0.19490608954399136,7.99309015
0,0.47717767969493713,0
82.46921710266255,0.8900846513137173,69.21691206941303
3.2699171656153765,0.07944020168865099,2.7191071548061894
631.118713,639.3558460404013,647.771362
0,1.246678154683823,0
46.86356569039738,1.4955551252994246,48.92406884507244
5.237737096114898,0.3571825376715531,3.7193339386330386
1269.62207,1282.8285931127316,1286.27478
0,0.026160585907377208,0
26.576556866132925,11.816513850130786,12.821709145811024
0.05141574014698955,0.055372568613183605,0.03899874834740969
1909.06702,1917.7249939233202,1925.71985
0,0.07131685489933766,0
17.7289212274679,10.766604014097231,16.70513983472966
0.1453626737656069,0.09360297130203017,0.06899005593620076
