-8.32638100000031,0.09607637624605658,7.99309015
0,0.0005078482645842632,0
84.30785131872197,0.8499832296092505,74.21946204922303
0.003910966261798091,7.701519619967256e-05,0.0010487918403833487
631.118713,639.2206421374062,647.771362
0,0.00016179980557905226,0
61.674578075538875,1.083345778910737,68.57316445166059
0.0006929937244746392,3.8402787067220123e-05,0.002160955635115584
1269.62207,1282.0126836607285,1286.27478
0,0.00043307991025402955,0
24.787818875129283,12.679714016114618,14.112354022652386
0.0008663887996698598,0.0004444769922300477,0.00013249606081982282
1909.06702,1917.4134683741195,1925.71985
0,0.00033335933676496864,0
17.396575129339418,11.14716610307156,17.33671918423446
0.0005150356971844249,0.000830983669834038,0.0008942190078358435
