-8.32638100000031,0.017701176463338797,7.99309015
0,0.4002173569312691,0
71.84515849955659,0.9825163908047326,65.72623748783022
2.5018907917228566,0.07409690992734123,1.8082492097004004
631.118713,638.853640210325,647.771362
0,0.7737194174461395,0
37.38517663866439,1.6754275947281358,49.18301189460307
2.728740499020727,0.26978362325742283,2.8854729570703883
1269.62207,1281.639704025221,1286.27478
0,0.05558129138953461,0
24.109339014892186,12.9988778370018,14.652020779720257
0.1110592679325087,0.0870628243393323,0.05084938580709087
1909.06702,1916.4716472479088,1925.71985
0,0.052012562579239065,0
15.822458143554126,10.696734545772049,18.694455695522073
0.10345577339504289,0.08628146217728538,0.06243448805572661
