-8.32638100000031,0.12557256756033297,7.99309015
0,4.6064182722862006e-05,0
82.1435261761435,0.879049767688763,71.29353047915016
0.00028965236541818643,8.010103352299225e-06,0.0006833847012659461
631.118713,639.2872961409379,647.771362
0,0.001832813607881859,0
78.80057353318458,0.8560673976740469,84.93750046126918
0.01261018362398923,0.00030478649766996647,0.012898985740708918
1269.62207,1282.372341933458,1286.27478
0,0.0002853863887069162,0
25.5042741396096,12.970232163644669,14.144384078875852
0.0005707528632221856,0.000430219639986849,0.0002009038322720011
1909.06702,1916.7882955109485,1925.71985
0,0.0009519732071479515,0
16.439732522600522,11.039104782193556,18.265475933809462
0.0019117463371812926,0.0015486545611618123,0.0017804570798116643
