-8.32638100000031,0.39834248322682164,7.99309015
0,0.14149240794964532,0
88.56787078208409,0.8679690438649829,66.33618402828529
1.053837204925184,0.02190729199193169,0.40130382298636436
631.118713,639.4108033140623,647.771362
0,0.20985984614440234,0
76.70068332624035,0.9071854940485587,77.91844477871001
1.3933830051179847,0.03631322148531275,1.3789493863127393
1269.62207,1281.1615353204045,1286.27478
0,0.12308610072920283,0
23.139106353037164,12.403400178955778,14.652290948052425
0.24465478777137323,0.2602770157622205,0.1688461448888685
1909.06702,1919.1421512982101,1925.71985
0,0.053344250935154595,0
20.207758905751213,9.342230372216084,14.373150068971992
0.10657693680082615,0.07932234996203948,0.1231569200659821
