-8.32638100000031,0.4381786992460537,7.99309015
0,0.14432649177523213,0
92.35400097015128,0.8394016616154107,69.12378300796459
1.2625860562259126,0.01932854833183702,1.082381271306301
631.118713,639.3883920984869,647.771362
0,0.48006128990640407,0
82.87034238007347,0.8336217226124824,84.01119815702413
3.513270244890729,0.07556784952744537,3.8741797870734844
1269.62207,1281.4899316995568,1286.27478
0,0.31194569457875776,0
23.78602027792364,12.66602297562137,15.001137546351506
0.6240746729456268,0.4403560026285508,0.22145515089245135
1909.06702,1918.752558781374,1925.71985
0,0.06849734612583175,0
19.414927587765188,9.055396447637095,15.081376618964113
0.13614710052016568,0.14633890399841698,0.12531359869620076
