-8.32638100000031,0.14715999872269414,7.99309015
0,0.5795206541493159,0
82.3088498310065,0.8817816813082163,69.98504909929152
4.200581860840038,0.09281256180421063,3.214165452163711
631.118713,639.6951253073145,647.771362
0,1.5518308088294404,0
91.74474634001605,0.8088649601114535,85.83993784294555
11.963169871910871,0.2303277896814825,11.185625964175857
1269.62207,1282.5397769415263,1286.27478
0,0.21015309897827797,0
25.888616087186183,12.114875647149006,13.276422345081011
0.4203086044102566,0.28731010455491424,0.23082786416344073
1909.06702,1917.5467960362378,1925.71985
0,0.2347554264104235,0
17.782296514432765,11.56433282006454,15.905795652242123
0.40744635284487346,0.4948580096549906,0.27861782754120373
