-8.32638100000031,-8.32638100000031,7.99309015
0,0.0,0
0.0,0.0,0.0
0.0,0.0,0.0
631.118713,639.3774469225464,647.771362
0,0.20117537886268766,0
76.87205961661674,0.8977599837446479,78.74146814177027
1.377118329015403,0.034030945718486555,1.6862090825458134
1269.62207,1281.6615165465328,1286.27478
0,0.1967688260447909,0
24.095469515181364,12.49454527944028,14.70075377898902
0.3929921887528819,0.39743973255024123,0.08972087591164563
1909.06702,1919.4685523310782,1925.71985
0,0.027679520269323788,0
20.978873015800424,9.134296877158524,13.692312279931148
0.05347360830553046,0.06532458429559575,0.10420260832839753
