-8.32638100000031,0.08904339236351255,7.99309015
0,0.39202729465499947,0
75.79338000746517,0.946186008043795,66.98324599267514
2.647059656727817,0.06769816021839115,1.3953336368176237
631.118713,639.1486627470857,647.771362
0,0.9084685276809731,0
46.21037736407358,1.4402480845692076,53.16038430586012
4.093931500118001,0.24522372577382465,1.6117480326994076
1269.62207,1282.7695676726453,1286.27478
0,0.07622325163793389,0
26.32788765901468,12.506127674178718,13.491040490451876
0.15195674963061828,0.1608003588062932,0.13836540088803398
1909.06702,1918.004779541101,1925.71985
0,0.11710028247000731,0
18.3104961717129,11.138937048127197,16.485454913943126
0.2311068116455249,0.19949282612291513,0.19891290950697305
