-8.32638100000031,0.13090018295680217,7.99309015
0,6.59942916763924e-05,0
77.78454741169097,0.9306700911033958,67.34951353406771
0.0004132134154169794,1.1850078873744677e-05,0.0004677911947510256
631.118713,639.9042438982249,647.771362
0,0.0023162888779266495,0
90.192229039276,0.864067408921537,72.49221671024883
0.02031425789850778,0.000308323714259726,0.010482787945687033
1269.62207,1282.2375359485536,1286.27478
0,0.00014160771565771947,0
25.249467993074852,13.10839439827533,14.351822011686648
0.00028342080602298126,0.0001480173342668731,3.1171811800294586e-05
1909.06702,1916.6495675173292,1925.71985
0,0.0003812093803965538,0
16.54910257637888,11.58712916173768,18.68725069864206
0.0002230582561167928,0.0008550347498311715,0.0009997196711930127
