-8.32638100000031,0.336918602146703,7.99309015
0,0.18753341696020487,0
82.76281795395363,0.9170017908674808,64.8408926173669
1.337758201038337,0.030543844234171277,0.5687402791008924
631.118713,639.3221360518369,647.771362
0,0.38525733626611014,0
67.38170131123096,1.0139892988147419,71.42366668568602
2.2891845438299785,0.07513809005909587,2.011634981273841
1269.62207,1281.1314750794702,1286.27478
0,0.04136628359382734,0
23.204041738675002,13.065059819333264,15.090098591304907
0.0806838562306979,0.09404874326852275,0.07138988982145371
1909.06702,1919.0453675350582,1925.71985
0,0.03624328145265273,0
20.060971013890175,9.009104101869472,13.954519280321602
0.07278738587662201,0.03655831236939349,0.0360083772982149
