-8.32638100000031,0.3542093642483426,7.99309015
0,0.00032204068634759687,0
83.69580538795313,0.9102145470789132,65.01872595320773
0.002891092728252829,4.011221147033627e-05,0.0002943274506825802
631.118713,639.4081793106218,647.771362
0,0.00047480646164060414,0
76.18087084972082,0.9129419759937083,77.5255052856379
0.003582325235325124,7.414054250677997e-05,0.011928719465588926
1269.62207,1280.8796267670655,1286.27478
0,0.0005870010171715385,0
22.922885368389124,13.613670376464023,15.751791723056137
0.0011758481592418699,0.0008896353086416396,0.0010850249063265596
1909.06702,1919.25410687391,1925.71985
0,6.684873980563076e-05,0
20.53798717697588,8.974586255451849,13.632832668243317
0.00013155731957339008,0.00012787981937616082,0.00013558654685650874
