-8.32638100000031,0.4245441991371539,7.99309015
0,0.0002667036890175596,0
92.06247459193867,0.8394668597832879,69.07669045562054
0.0019146050679435139,4.159360732034822e-05,0.001863479628227223
631.118713,639.4351658907012,647.771362
0,0.0008733210520164575,0
77.89572008943291,0.8982554031493277,78.26173727138405
0.00597707483645859,0.00014741889208125575,0.004447806426630415
1269.62207,1281.1568645183227,1286.27478
0,0.00024035546350598138,0
23.196566583537468,12.810178805495724,14.854885547271275
0.0004830376505096668,0.00027940542623198643,4.466185034768515e-05
1909.06702,1918.5005714572515,1925.71985
0,0.0001924090010183919,0
18.88214759433212,9.064269674415156,14.814096719044528
0.0003828286598926325,0.0005564595724742234,0.0003960460543200048
