-8.32638100000031,0.041621949258175306,7.99309015
0,0.4275014714947809,0
71.68309501173567,0.990535264376454,64.82702548734063
2.6881146982645796,0.0789877065626417,1.704792197232873
631.118713,639.0540362536357,647.771362
0,0.8505626215766258,0
43.52692905237255,1.4982472057903167,52.258308022196815
3.4285183251991858,0.25485511562450797,3.0645947041506854
1269.62207,1281.8469860998132,1286.27478
0,0.06891660574351889,0
24.469972261192062,12.73128439616119,14.27215460885185
0.1379237636026048,0.07816419470178694,0.03906139076371781
1909.06702,1916.7631277669466,1925.71985
0,0.02874716181961791,0
16.416565521148648,11.062373003906876,18.31503258106113
0.04666111616343608,0.059314849990681116,0.03838879488416486
