-8.32638100000031,0.2494933761158542,7.99309015
0,0.7827815586315657,0
68.42253094422418,1.092312229468641,56.0448300731171
5.993988028918779,0.11134568862674946,2.0853688415498355
631.118713,639.0144834218081,647.771362
0,1.5661612420004358,0
46.326508594176026,1.3872776467132921,56.929614872966596
8.000962811648769,0.3679748886474248,3.8732814145816286
1269.62207,1280.9784419803739,1286.27478
0,0.18033422211780825,0
23.164853432743612,13.859579342680034,15.887139668163114
0.3672785397269884,0.22536280315255225,0.195208344214993
1909.06702,1919.2713178942279,1925.71985
0,0.07603455661316394,0
20.555862633592184,9.049852883375396,13.656441515756844
0.15307422693557804,0.07086676887923919,0.13854185490105253
