-8.32638100000031,0.11196989070992025,7.99309015
0,0.0002114966048819043,0
89.88278389198662,0.7993151451829271,78.50590800868284
0.0015107035471409263,3.2863827114965155e-05,0.0027182635464544007
631.118713,639.551775679839,647.771362
0,0.004108978224738392,0
69.1089220977681,1.0448470222088073,65.7065623310568
0.02221881003495313,0.0008465126752859132,0.033115886614113944
1269.62207,1281.8678950231194,1286.27478
0,0.001283445039283867,0
24.510668330195806,12.738019364121191,14.262639187751217
0.002567441823397594,0.0017233257107971884,0.000706915098063473
1909.06702,1917.519993824004,1925.71985
0,0.0010136453152862432,0
17.575009960394276,11.189062247407726,17.198291964291897
0.0017361109426550399,0.0023049785939635997,0.0024828021700631408
