-8.32638100000031,0.47094600078832194,7.99309015
0,0.35563563183637936,0
94.55083790341284,0.825744305907685,71.00029406739652
2.6731121056051723,0.05350559863736955,2.49165847670744
631.118713,639.2598910675324,647.771362
0,1.6392079983567822,0
80.49821259834593,0.8319554945441038,85.22464058220137
11.54887297188937,0.26584698106759913,10.364737301901144
1269.62207,1280.7854917110049,1286.27478
0,0.19783631207467087,0
22.783953139573594,13.662471200662532,15.983113489694905
0.3793214442651383,0.4035659977571158,0.06502152438233283
1909.06702,1919.5548045103583,1925.71985
0,0.03916193004024062,0
21.18394432660911,9.109997004096886,13.884898173587109
0.07816816358013,0.05415478272152852,0.06956346363246695
