-8.32638100000031,0.13094912538185,7.99309015
0,0.00027424485891846347,0
77.77836082000327,0.9307568374669304,67.3425832196436
0.0017437801817596118,4.882902193787057e-05,0.0018189398450435652
631.118713,639.9142209839471,647.771362
0,0.007512391330158712,0
90.43969915626727,0.8636342845205482,72.34607712832144
0.0659122488569828,0.0009997842696028182,0.03775074174352801
1269.62207,1282.2359269194937,1286.27478
0,0.00042706596566724833,0
25.246239021813572,13.106606637079686,14.351195338465743
0.0008547134326430311,0.00045844008113688167,0.0001741475845046793
1909.06702,1916.6415673909305,1925.71985
0,0.0016357266213129526,0
16.54344973872631,11.595527531524016,18.70302912328738
0.00176645018317511,0.003468581796674823,0.004083362745750261
