-8.32638100000031,0.09394464205411168,7.99309015
0,0.4151362399288548,0
76.374203987946,0.9399158615970742,67.33040015551688
2.7484978765819554,0.07251816639843137,1.7947129993449444
631.118713,639.2533014898657,647.771362
0,0.8016502887542829,0
49.24722859832907,1.3824686463667304,53.91528935342569
3.7325072955430327,0.20770284786887888,1.5064310533450598
1269.62207,1282.7342885778642,1286.27478
0,0.04823460815939184,0
26.258119081202857,12.464282595327095,13.470181401891647
0.09650962474199741,0.06052112899281671,0.02643670665399743
1909.06702,1918.014384926178,1925.71985
0,0.04528792183087621,0
18.275576830587305,10.993546481549446,16.395189448266756
0.08705580116734268,0.09051341669542476,0.08225515570965794
