-8.32638100000031,0.04377343438559933,7.99309015
0,0.3025466259357797,0
80.0382664409415,0.8851130019662952,69.14228459287835
2.041327066407175,0.051109941809714156,1.3021677983090607
631.118713,639.1094912521737,647.771362
0,1.0420826594424395,0
67.22242177020505,0.9636847906582302,74.18966010500104
6.450533599696989,0.19591866238079889,5.307847184731402
1269.62207,1282.0453090993058,1286.27478
0,0.11846699434356668,0
24.852119932104692,12.690817518177951,14.200304367734105
0.23683201434416512,0.23502184535356468,0.048375848329630815
1909.06702,1917.0748999890227,1925.71985
0,0.1144244763012523,0
17.170818864867222,11.681069814957409,18.664515312898438
0.2111544268507165,0.20822089027969623,0.28417784305702476
