-8.32638100000031,0.19072477068842275,7.99309015
0,0.70750308006773,0
83.99970269104398,0.8726532603515635,69.30200394417801
4.982874102436419,0.11489028975714867,4.520201656547367
631.118713,639.5410213448246,647.771362
0,1.3760938910974108,0
61.117282834765355,1.1835620571345744,58.711138347072094
7.095432061744466,0.30976371549013537,5.9376586681490915
1269.62207,1282.9142130993407,1286.27478
0,0.09659405978035893,0
26.78118446226881,11.769823238598816,12.831205571354158
0.19128987598114655,0.1683843623601529,0.08721565384242792
1909.06702,1917.7344872895183,1925.71985
0,0.10023225012945121,0
17.866157809584685,11.095232808744752,16.653429879588955
0.18094395233009872,0.2241512929199578,0.10518165838288053
