-8.32638100000031,0.1218174425289007,7.99309015
0,0.5408627563586083,0
81.18448599967758,0.8888661304387737,70.60046536315565
3.7509414525610234,0.0896283460775423,2.7368254787924324
631.118713,639.5739029118007,647.771362
0,0.9364976332309016,0
48.923402419531655,1.5077344582162957,46.12195313354583
3.810490813499401,0.27192869240320444,3.7751672715167404
1269.62207,1282.2642068214013,1286.27478
0,0.16728496414214772,0
25.29121499736548,12.349354904254362,13.654377593832809
0.3346233708804776,0.19594192452399917,0.06577004177696084
1909.06702,1917.4051870441695,1925.71985
0,0.09183207154456483,0
17.355896441164838,11.082476378586907,17.322748572098057
0.18707133697354272,0.13619421432374804,0.13471754575754344
