-8.32638100000031,0.0488461002580145,7.99309015
0,0.9607985748593779,0
72.6918747915023,0.9781167646328057,65.53058692775404
6.079250295586866,0.17591593881166004,4.103419369836048
631.118713,639.4452228127108,647.771362
0,1.3620590125232388,0
54.874833283426995,1.293945825660647,54.96480799721652
6.666128294900122,0.33032173892360317,4.236049651924818
1269.62207,1282.0566281642064,1286.27478
0,0.07991261324594678,0
24.869344765284172,12.381375810465743,13.820383748131633
0.15981659782454227,0.2241620148176015,0.17217759077542205
1909.06702,1917.234563363428,1925.71985
0,0.05613149551454377,0
17.09237066349137,11.061840143334225,17.572358986193322
0.10744402975600091,0.10129796436875092,0.08762374813407915
