-8.32638100000031,-8.32638100000031,7.99309015
0,0.0,0
0.0,0.0,0.0
0.0,0.0,0.0
631.118713,639.389595082584,647.771362
0,0.3396104572452675,0
79.04032640109918,0.8751659955546939,80.30478525967546
1.2210696965322567,0.06868730334107612,1.114887461348812
1269.62207,1281.738538344564,1286.27478
0,0.09938974433305689,0
24.245366950531682,12.510819400761035,14.428937451881211
0.19853694586824655,0.20932471427779362,0.08695122622237696
1909.06702,1919.3964127246807,1925.71985
0,0.1183656022289836,0
20.81887982169014,9.120996975823598,13.647621077947072
0.23834359612736628,0.11216055371156824,0.07889366160251772
