-8.32638100000031,0.15359819718207568,7.99309015
0,0.2357079271651586,0
76.38583366550505,0.9533028577271506,65.9304772795279
1.497842218324084,0.04238604191469301,1.0947670910102254
631.118713,639.9069712846415,647.771362
0,0.9777230586915824,0
81.42084656546609,0.9598876865712876,64.86452839794212
6.460780229092092,0.16957887821615925,5.036115634698522
1269.62207,1282.0182531242212,1286.27478
0,0.18913269683611766,0
24.813449282703843,12.91805650726351,13.918736999613841
0.3780893501013138,0.3065705649415798,0.18132769567606008
1909.06702,1916.6014524559796,1925.71985
0,0.16593957881216856,0
16.6969804535239,11.94426783843673,18.995815286376654
0.2673551842336907,0.3058962281718954,0.45461489371742
