-8.32638100000031,0.12254179068245818,7.99309015
0,0.6046386863341268,0
74.11882646386151,0.9759570120495221,63.15820157270788
3.5378763594111797,0.11531217053045584,3.8410851570359963
631.118713,639.2234743536382,647.771362
0,0.8151394410843965,0
80.2632213867966,0.8269160597154982,87.37417110574518
5.799227107748258,0.13130637738961365,6.908697911274206
1269.62207,1282.3989262496411,1286.27478
0,0.23451393229193346,0
25.554418953056693,12.87221675566176,13.920334136861698
0.4690314469650408,0.3092232053930975,0.31358631576744767
1909.06702,1917.2028000480777,1925.71985
0,0.32769839599426576,0
17.017886433929405,11.001170670234035,18.573849429584115
0.6461811050525745,0.5494368087830853,0.4069960443766657
