-8.32638100000031,0.427967754139555,7.99309015
0,0.0012466179358589112,0
80.51770504232121,0.9633491624880075,60.37179538205815
0.008451796196484023,0.00021318000038096323,0.004052605848686918
631.118713,639.4833099707429,647.771362
0,0.0008823655054060273,0
74.51365164474797,0.9511156946853694,73.17346214688746
0.0034356074378543056,0.00018802971437599245,0.017851270982156175
1269.62207,1280.6548220069208,1286.27478
0,0.00017093983243192458,0
22.632031324725943,13.83208275698227,16.11546469141921
0.00034270963779118506,0.00026277549707131177,0.0001228562287084482
1909.06702,1919.3002856422402,1925.71985
0,0.0003351322286363557,0
20.559975223639597,9.30099854420144,13.731792343671529
0.0006708260761178368,0.00042778782659322134,0.00042003600712508306
