-8.32638100000031,0.3864457528198173,7.99309015
0,0.0002977677451555489,0
85.23730615705341,0.9001171478021506,65.18179329197196
0.0020796002455855714,4.877173937930478e-05,0.001451552167324557
631.118713,639.4314692294242,647.771362
0,7.339430866817663e-05,0
75.94942445476855,0.9210099478168876,76.44007640325677
0.0006319839534013297,9.43583681514503e-06,0.00254040441178756
1269.62207,1281.4583757258538,1286.27478
0,9.784375823601821e-05,0
23.736695475979587,12.739866409026243,14.560745013254426
0.0001960189073132905,0.00012098219551711097,7.075325990571916e-05
1909.06702,1918.800238969525,1925.71985
0,0.00021172733327418954,0
19.505380822574292,9.136720647669819,14.377224186324952
0.0004239966124420999,0.0002356712288772437,0.000277590511222742
