-8.32638100000031,0.08394344774796281,7.99309015
0,0.0012600869804950674,0
80.98038378483277,0.8830955311794347,71.71869529490196
0.0088726736358215,0.00020656547539292874,0.005687369784247603
631.118713,639.0057030954449,647.771362
0,0.0013127358519802114,0
53.016132197408595,1.2004989393025727,65.20453797183521
0.006496236900187522,0.0003135265937557608,0.027785700481149294
1269.62207,1281.715470272673,1286.27478
0,0.0006268570477250668,0
24.275568603420854,13.174836662857068,14.752640422816988
0.0012463650625698128,0.0012114868593834608,0.0009621590649520039
1909.06702,1916.5236395113302,1925.71985
0,0.0006607030266991194,0
15.971809910524517,10.844838920524774,18.643045422351186
0.0005916845109334642,0.0016161257750788892,0.0012016433561086815
