-8.32638100000031,-8.32638100000031,7.99309015
0,0.0,0
0.0,0.0,0.0
0.0,0.0,0.0
631.118713,639.3889588450589,647.771362
0,0.15451609628226698,0
73.10708998065238,0.9478616655803245,75.07919770531285
1.004359281106151,0.027589880249471597,1.3333792489473795
1269.62207,1281.721767593693,1286.27478
0,0.06776994634023244,0
24.224809231012262,12.66707903434599,14.304027837836749
0.13554312285721407,0.09748056662696403,0.06997750261853958
1909.06702,1919.2793574152295,1925.71985
0,0.07495990419749739,0
20.589406386618226,8.995057720177874,13.60786511564801
0.15105750115514624,0.06843377525739264,0.0791427121511058
