-8.32638100000031,0.43862428499664574,7.99309015
0,0.0004960832106936833,0
87.334064403984,0.8887154552594126,65.10494375178533
0.004622647262512659,5.9231454021990864e-05,0.0016012914873543699
631.118713,639.4105039767568,647.771362
0,0.0018583250011834297,0
75.00716834708527,0.9281138654280534,76.24640157963304
0.013547880829248165,0.00030051193034894317,0.01904983492370774
1269.62207,1281.3257656153223,1286.27478
0,6.517899533024335e-05,0
23.49951539703611,12.789139686897881,14.704260219175048
8.50104689687592e-05,0.0005599213467504016,0.0007833680993474132
1909.06702,1918.960391538717,1925.71985
0,0.0002829479238349833,0
19.839993514198408,9.193680532744008,14.163428989000415
0.000558381721509406,0.0007323518723122322,0.0006483018840574889
