-8.32638100000031,0.07938366648714457,7.99309015
0,0.34959384229833634,0
78.55078495292723,0.9100490718766339,69.31286693372178
2.395794642045192,0.05900881670669258,2.334132541923833
631.118713,638.8894419890729,647.771362
0,0.3279728242187148,0
51.31224943113709,1.2051021112031324,62.9805769989853
1.5640207430871396,0.08091587076688588,2.4295617806821515
1269.62207,1281.7391393554446,1286.27478
0,0.10980477472628691,0
24.281852934384005,12.90166671005259,14.586772713258114
0.21856431284963135,0.23330300041818935,0.07695179935721336
1909.06702,1916.4450636166061,1925.71985
0,0.06756996116494302,0
15.947980010215145,10.998719578641817,18.36825907822406
0.08721676580508746,0.1452469295342371,0.14879730581081088
