0.1321514587720219,0.21888207606644364,0.004867981795895866,0.00019709163636772933,0.0012270569891780362,0.0007238168431007954,0.0007572697528459556,0.0017364236355351425,2.4080874858355767
0.11796767149786122,0.24168254005104578,0.005227792015974027,0.00017221454138717434,0.0005447524661703805,0.0006689140083113298,0.0009456382010323443,0.0012890043368950037,2.8323249734765845
0.11890975294110742,0.19561095018737534,0.0053256125088385455,0.00017793235262768462,0.0004338146229678612,0.00036971196874898863,0.0006361278768476327,0.001885697983543208,2.388336328137638
0.13351418954014357,0.2026760111398811,0.00495297573053885,0.00018472610657657715,0.0008587092957509377,0.00022767937739113635,0.0013275941096219006,0.002928531319048302,1.798326872379718
0.12153861762920991,0.2254459225268357,0.00485117466317298,0.00017583681144804557,0.0006735620025628675,0.0004226074211226472,0.0009362861810872553,0.001776631026530471,2.809561538259242
0.12735063117673642,0.23409238391155135,0.005149394673039264,0.00018447897104984556,0.0003898328994233385,0.00044020622988648843,0.0009180116503814506,0.0012596717343174007,2.8891971263107683
0.09473139062187702,0.20719624539341358,0.0047369982452701905,0.00014731531169353385,0.0004731570199468397,0.0004360857672675486,0.001118566016793848,0.0017092219971029934,2.4975241983167935
0.09166248656572616,0.22604928499024127,0.005062369793325844,0.00014143218776744234,0.00022933657593868616,0.0005350050968587243,0.0003050902258518108,0.0010147348543820787,0.2505000309649913
0.1276852079851332,0.23276081468095602,0.004375246421815645,0.00017632606457553218,0.00039790070113529416,0.00038416678347094,0.0011184554214813257,0.0016872003880026778,2.5003270170469913
0.12782829272364796,0.23300346876356562,0.004998173683403645,0.00018054568513823358,0.0005710540780359984,0.0005245537086873131,0.00038956099700625404,0.0010032775918600982,0.3676531609186949
0.12047512624571373,0.21871268311374242,0.0056933626047495555,0.00016623778742384077,0.00038772880483786893,0.00037653869875078753,0.0010043919208462735,0.001844626354299032,0.4070993351207045
0.11503488115070319,0.23324622856739688,0.005516568398343445,0.00015594667631766644,0.00035450384251326785,0.0003598071916949721,0.0012456683719468424,0.0015493626173390897,2.6657953749379084
0.13878989424938157,0.26588091995466595,0.005264363310791879,0.00020287318247054834,0.0010613340720302287,0.0005630293495157187,0.000944640035369662,0.0026876354303992786,2.2035623092424848
0.1264348059067392,0.2509744992782928,0.004692789489976189,0.00018443214831909157,0.0003468633122262994,0.00032982991172243796,0.0007988597154640441,0.0010442046024866547,2.6614577042620824
0.13417389530476817,0.23733488810651018,0.004529625301167647,0.0001899481204997743,0.0008751151200914741,0.0002590456843153757,0.0010100016447519302,0.002900170098618702,0.48574000485205465
0.11880633033565421,0.20659823837564206,0.0050670333975777705,0.00016540060773422867,0.0010693308797546232,0.0006316124620667704,0.00155588079086465,0.0047493852999901665,1.0272683534843157
0.1086834020783548,0.1958634468958602,0.005258490561299825,0.00016045340451978154,0.0004342396943039769,0.0003880724785363439,0.0008848870447279463,0.0022824086722541513,2.5387737294716533
0.09357601475964585,0.20379241680741061,0.0051299970193511586,0.00014108015427861324,0.00025090075262923316,0.00042428162139433354,0.0009318071281410583,0.0016592376812686691,2.5018159522357624
0.1368988884917651,0.2645068376987673,0.005525719189267991,0.00020037077563051683,0.0011717003863182412,0.0006201000024879559,0.0010506387969255945,0.006799162873542586,1.5592828985105607
0.11356590827062722,0.20865464558838986,0.005290576956457228,0.00015984753630810843,0.0007975615881086419,0.0004695492341737462,0.0009484005322424111,0.0018001658643771903,2.715606656428944
0.12941839377697223,0.21108750516356373,0.005324481469692613,0.00017240723097078895,0.001130368838245086,0.0007283822550740588,0.001907645849360683,0.006765957847419483,1.921237259577956
0.10839681431027752,0.22051786337429138,0.005308861942510257,0.0001628094350531011,0.0004072163521155449,0.000457936148257986,0.0007184120746356836,0.00124959251685671,2.55432012913884
0.12251854782783354,0.22944026192178277,0.004423000645477045,0.00017676708703430938,0.00029230432690402253,0.00036153485183380905,0.0008674695800887476,0.0012986263168530705,2.712387615930188
0.11415907016440605,0.23608773176683007,0.006327086126359869,0.00015709593329110293,0.0004622651678347976,0.00045969119444086383,0.0010230303182732815,0.0016574735791178646,2.454629846020705
0.12467340763682702,0.19973588057385,0.005216896693518074,0.0001838583038251759,0.001020891476468746,0.0005729614287772167,0.0009272186760465319,0.002110554835674273,1.428251473984425
0.10580001941184139,0.24382293829975,0.004765126190839473,0.00016218422163852207,0.0004465294864438152,0.0005878174251502817,0.000913494515395504,0.0012945772204486549,2.8570793063842426
0.11006645623913856,0.2308700629975479,0.005492814736116817,0.0001656103796490027,0.0003326244663402709,0.00040513607018293553,0.0008104950721788403,0.0013690632445682934,2.6229937137586052
0.11014706536229564,0.21398018008261074,0.004905128802054581,0.00016717366835861542,0.00037237854940357247,0.0007311273460189859,0.0007803817159046192,0.001779529919268456,2.7209826665338652
0.12368280958247618,0.19883190220146946,0.004859703971419493,0.00017786735470901028,0.0011842450515679272,0.0008385606692944127,0.001798292205035173,0.007114396904245403,1.0863077375170969
0.1158977579616945,0.24267216527610133,0.005489271123275928,0.0001589577937333399,0.0004640734395142854,0.0005123630669481641,0.0008824651952769899,0.0014755328203210352,2.233951536719602
0.10684452940857905,0.2195059631597522,0.005544798146190215,0.00016636230122206146,0.0004325315047223806,0.0003243145388745825,0.0007915024809127751,0.0014415421879055014,2.4174649609387724
0.1261942609026433,0.22711934222771304,0.0051959352123626444,0.0001855595025084129,0.0002856911623329652,0.0003406310335083795,0.0008652371721196433,0.0014392999414599946,2.6220351774939448
0.11550790821800086,0.22729135631709202,0.004315431118663091,0.0001586125844709344,0.00036631193371818466,0.00034388055992831305,0.0011478460903751996,0.0016961124167996606,2.331324063520391
0.11478372240353664,0.2210371303235808,0.004469588105526026,0.000169071667247997,0.00039478278536124754,0.0004912796682643063,0.0011732793753373727,0.0020325829984484947,2.7340954435378855
0.10919069590708404,0.21560131104279204,0.004840004460496775,0.00016601587355794483,0.00037953840217719444,0.00043949370155014816,0.0009756725501801675,0.0018502370570421354,2.871396951263538
0.129006710281849,0.22958674251702046,0.0046016723867301585,0.00018058078140770255,0.0006845848599852609,0.00035364126875772525,0.0009818893504376877,0.0016849452210898528,2.7331012125933998
0.10875663690803312,0.2296464051685568,0.0046984704190121095,0.00014985375874872916,0.00039545059765780464,0.0005617000448923424,0.0008308759222645464,0.001441134508609055,2.6875631319963182
0.11912988855850487,0.22290196679109167,0.0045864779776494165,0.00017465376271863175,0.0006789054991557927,0.0004644092169733927,0.000792619337265142,0.0012140918648478878,2.685985684747621
0.11718065029394932,0.21533618994655132,0.004457933550321558,0.00016755978235724584,0.000551979945568197,0.00036045246498058424,0.0011073533027979605,0.0017063834017722736,2.403468195318249
0.11447509497105593,0.23205146333577037,0.005040518612695858,0.00017546243342844372,0.0004567664550481342,0.0003147054066310398,0.0005714238238928522,0.0010614759147130784,2.885601053888896
0.12006375461337883,0.23411582829716307,0.005935892812658977,0.00018096337054134408,0.00048796985876273404,0.0005930880796689838,0.0009230096972533958,0.0012156180694940888,2.862770399460928
0.11733549633897844,0.21522286587984304,0.004909328156737669,0.00016137453610321877,0.0009792906696113974,0.00041973263533168827,0.0008483946001359253,0.001991767006342165,2.7261466880534306
0.12591278877898543,0.2378328523185544,0.006050428193049755,0.0001843663790286294,0.00038762840781166074,0.0003096297621858262,0.0007435459942838857,0.0012554940404441257,2.86850660779573
0.12509840224479404,0.25519868918466615,0.005104643067648251,0.00018405654676501674,0.0002648602467332619,0.0004424770627286449,0.0008006732902564439,0.0011920506139056763,2.3798816845904858
0.13830411005334023,0.2232093343076599,0.004947067290511711,0.0002037659199101773,0.000506784638298655,0.0003508592079547284,0.0007469635513314828,0.0011564317478656556,2.7764732474976834
0.10763466252547048,0.21728538320414104,0.004460238838974865,0.00015983709016888646,0.00024893109330738626,0.000413614489323426,0.0008790530936906661,0.0013113530867105263,2.57324014912425
0.10218289765499763,0.20296687580023615,0.004951922639855149,0.00013295235388603092,0.0003430869289372197,0.0003819634273696544,0.0003449440546118454,0.0014103326354154757,0.5405609554683783
0.1369505810299732,0.22571637083785942,0.005307779269928316,0.0001983773504833545,0.0006430913601931626,0.00033964802178107896,0.0007684069131964079,0.0016422119531920275,0.4952674063313427
0.1003644911363018,0.22418157795598664,0.004608847761056664,0.00014859590236696388,0.0003705156396974388,0.000440272815770482,0.0007484184262390536,0.0014519868252716418,2.264123097284127
0.11568271384483503,0.2482513699749623,0.005131477574275458,0.00017547565085647204,0.0001997344897618366,0.0004112795645240904,0.0008112713571039786,0.0011770617930194048,2.574774489414427
0.11603474158619778,0.21876029850789971,0.004690909833011,0.00016352365651268317,0.00070307600266322,0.00043594609997131735,0.0009733955400373649,0.0018417594079102116,2.8437517322360844
0.11810589392662196,0.18827358264584243,0.00486411232364653,0.0001678357612390012,0.0002773169642600695,0.0004339020054363773,0.0014345250187548834,0.003359546538911283,2.5608367723545746
0.11135144542821448,0.20203745497722586,0.00529994530356622,0.0001669291956425626,0.00032912589461192836,0.0004331803751620191,0.0005789225975768574,0.0014421326703688677,2.8758473391223585
0.1237096127868612,0.22969632671440013,0.005544718577483877,0.0001736596358841075,0.0005171085805833182,0.0004597839096937978,0.0008265125210813706,0.0014185603129247563,2.862418467903952
0.11803128286907884,0.19348720291482263,0.005615119368596168,0.00017843777409705624,0.00028241313428506643,0.00033936427146043555,0.0005421116625889351,0.0016446044671530355,0.35950604637959105
0.11313098467760616,0.2286170257965566,0.005409324849277827,0.00016698653921458636,0.00033094243270257443,0.0005986381777001178,0.0010805792854955644,0.0018347958596871198,2.386786262212701
0.12606393190168158,0.21226423859547763,0.005086098584612484,0.00018279634611113377,0.0005348374333711,0.0003811047798922538,0.0006966879551520368,0.0011530534239994003,0.35859149273778596
0.12440873510053285,0.21991205720948107,0.0045068481402564696,0.00017875889641320663,0.0010661049992073315,0.0005398519680820572,0.0010401508352441112,0.0021871838272879245,1.5414612289014507
0.1226912213069081,0.24642256027646942,0.005298346251375258,0.0001792928279092872,0.0003334735189085751,0.00040504622922065634,0.0008113986070861936,0.0011223644444791404,2.844277050287855
0.1366744800756179,0.2146117907210921,0.005367464073209339,0.00020168781017395514,0.0009290043675183622,0.0005416269393940807,0.0008555746748635673,0.0020197967370611967,0.6289808129593927
0.12165733797690433,0.21067953347733834,0.005327874544179534,0.00017637810395639575,0.0004291058782013059,0.00043430244315926386,0.0007739405021955628,0.001531455429479295,2.7861760083077693
0.12051029982501026,0.21754158454691402,0.004394501093367455,0.00017503016932101674,0.00038326170725131803,0.0003875742102868845,0.0010094107614387335,0.002113356944497188,2.3551984534339594
0.10886862849801474,0.23770809875780785,0.0055304330286257445,0.00016112579826506123,0.00037103975624827747,0.000407471708319303,0.0009096359435866869,0.0014167830511266641,0.42942327034332756
0.11534893283605653,0.24564127391955676,0.004966003488478076,0.00016746543669434136,0.00032380640733218144,0.0003442460285977487,0.0009251348748240192,0.001268749580561868,2.699296302406587
0.13728425831862412,0.21154925067178362,0.004678995474170631,0.00018747018824328282,0.0004067529717121648,0.00033251470861168925,0.001173237209463983,0.0016500888182671104,2.776457068266893
0.10621958200355947,0.22585116933284374,0.0042797505249054,0.00016198504712927148,0.0009697051569890665,0.0004899406860342275,0.0008963517519225393,0.0013615389103979088,0.47364928582426313
0.1285079512641977,0.25545131054061787,0.005296347529635673,0.00019059954600749148,0.00030354474056953543,0.0004656824458891189,0.0008640412093931593,0.0014461778368089944,2.7793083534230476
0.09863361319143094,0.22997722824845718,0.005198882379825019,0.00014169577517993685,0.0005290258857975745,0.0004735460686085877,0.0008356786621667193,0.0011781501902995502,2.348324497492811
0.12379056643348452,0.22199279731111274,0.0047999933959579555,0.0001870253910346057,0.0003273389828552564,0.0003554038027602053,0.0010938823671870846,0.0016296316332640886,2.6217585716443894
0.1112705471415873,0.21935135988604187,0.005018416840198171,0.00016468042159733888,0.0006547714096262421,0.0002510633611872068,0.0011935861491567435,0.0017229930066457787,2.8236427278025715
0.11121855785011817,0.21653776086939416,0.00522778012678018,0.00016469161438135096,0.0005934625079218411,0.00035913944242324704,0.0008734895172737269,0.0016542071809260872,0.4239661655135604
0.09640038919243753,0.23428599917036508,0.004672729238671511,0.00014044782529332116,0.0007513959019388901,0.00044327505475886316,0.0009457977484833219,0.0013517403957455855,2.3897598678000325
0.13246576986378703,0.22349957382769567,0.004883089401741683,0.0001930525830599564,0.0007829595911031115,0.000351645834480886,0.0012019248832839291,0.008073144485391653,1.2868233899026162
0.12022489959681047,0.2391482865899377,0.004763325220315629,0.00016867463996536768,0.0003941676643749434,0.0004752811168845201,0.0008451022527930418,0.0012863048440353638,2.7155239441451675
0.11672901423730543,0.2754475308946789,0.005219982548770706,0.00018184899599395953,0.00026045509581841455,0.0003831412700803265,0.0007931423436755422,0.000967414230985279,2.6420155791759554
0.1393626145732957,0.2346519619292808,0.0049386542115222925,0.00020461682199085005,0.001137387245597753,0.0005445531119237824,0.0008786067668085147,0.002403010293139894,1.015872545655962
0.12887638570776408,0.24300633252112802,0.004775071660268393,0.00018917432324244224,0.0004889323752823575,0.00041810127003411783,0.0010303287234887772,0.0013699947166718224,2.8724297754919066
0.09975831504529946,0.2214362123481045,0.0047024520644936745,0.00014242511157924243,0.0003006775592840714,0.0003984079523045498,0.000845503857170433,0.0015718729803961707,2.639734626955213
0.11342134783335679,0.22855354514142487,0.005114704894219458,0.00015771151880390242,0.0003407395447054351,0.0004972115496225395,0.0009306216293087902,0.0013714960859142718,2.6653961101332295
0.10227221389419196,0.19629549848843594,0.004731190405939225,0.00015239158255120819,0.0003462470196731742,0.00029863226928365983,0.0013448776593517875,0.002253571273347218,2.6913443098932657
0.1289923829264743,0.24659854966028194,0.005028792782207667,0.00018709565054655957,0.0005069677250123099,0.0004246733903537104,0.0007697129338212383,0.001184386076956884,2.810149252417335
0.10612702147166683,0.23298221982841397,0.0044584152512287135,0.00014917118103011107,0.0003480508979582748,0.0003818514197314571,0.0009148612713352214,0.001511616445635555,2.318327029167265
0.14658845705646598,0.2645780887780731,0.0062586220845910895,0.000211730402540364,0.0012399746258865963,0.0006407365845089754,0.0008275007206593532,0.0020312499431343043,0.6204152961276564
0.11113385896474016,0.22150507376193368,0.005104735588868523,0.0001635066393855268,0.0002769645722520532,0.0008569576394287351,0.0010257012665764649,0.0019486045678270235,2.40319760129662
0.11578757475179582,0.23990653219698982,0.004611042926343719,0.0001751118174088886,0.0006896850519006147,0.0003952745592018915,0.00096710482067628,0.001273407137363037,2.892954302550727
0.12864149275030942,0.2585544752184896,0.005261001022203111,0.00019248993014382533,0.00039771918783661463,0.0005260149335227394,0.0009486951112510364,0.0013278157923185456,2.78463067480159
0.11633693412163382,0.21984509757612186,0.004752970872942524,0.0001678434061601955,0.00030542056172170093,0.0005062724627541351,0.0009461727811627399,0.001723709049141507,2.7217315657698715
0.11356273905017968,0.18304002827185642,0.004974054007176124,0.00016803722800221276,0.0008837743741627096,0.0004575973673670134,0.0012497900737713174,0.0028504327780516235,1.2163882851479197
0.12154874202211939,0.23559801701210806,0.004565142669518093,0.0001808680987785003,0.0009547633317088454,0.0006366669818853807,0.0009344360586372489,0.0015297743110709485,2.6597528527697487
0.10713951368639978,0.22065215200064262,0.004576644438257402,0.00016140430187161917,0.00048138686740399974,0.00031744394456776227,0.0008044148076836126,0.0013268644328941128,2.5123445823630726
0.12987343649127986,0.2446618609590794,0.004472857690774328,0.00018174079540029392,0.0006479091892959613,0.00048252649939337387,0.0008269963483635375,0.0014018219726856002,2.5173564607962398
0.12382854781232587,0.21733965379116643,0.004817651298263005,0.00018516377840028725,0.0003547140194804869,0.0004090840744775755,0.0008190043821156637,0.001224338058258082,2.8641359818437144
0.12398746523203297,0.2191745379678822,0.004585502662358525,0.00018549882663209833,0.00047831902530515635,0.00034623819697930365,0.0009759328541966303,0.0013573877277558246,2.726326692397623
0.11659114636180741,0.21643923003061474,0.004779210809834925,0.00017630727765474225,0.0010249170344259467,0.0005435296811394118,0.0010104664469694083,0.002238761592021392,2.463844194988776
0.12062505842922816,0.2448495031064978,0.00481815944414215,0.00017197894255050614,0.0007159400474133394,0.0003104897433022241,0.0008352208675555442,0.0012081212844013316,2.4821313042968143
0.11337727234837734,0.2077690471177367,0.0047218837736096265,0.00016108401055992103,0.0002099379256777827,0.000271612178281153,0.000953803944692528,0.0017321252695560545,2.5802913879306044
0.12342807991912344,0.25311441419826536,0.005336946501629865,0.00017283069904173157,0.0002674527618936964,0.0005230357605730104,0.0007318997969628498,0.0011963791938723913,2.7203619586255874
0.10959387260964826,0.21782569790850922,0.005169519189674656,0.0001620823459557762,0.0004252991387044751,0.0003905982042957405,0.0008241781872713282,0.0012593469108014034,2.7557936230341755
0.11959442611843833,0.23824982121291757,0.00607022238979571,0.0001751519185631569,0.0005067234828355142,0.0003597573087761236,0.0008251830038928174,0.0013195728173051725,2.523882434409946
0.12170903301837596,0.22927431795855122,0.0053411999918320605,0.00017683688224981618,0.0004025881036317898,0.0003271796054084107,0.001059206461461666,0.0016553734992666967,2.8953123979968476
0.11516540021095159,0.21672548687452015,0.005449081391334075,0.00016790015026508338,0.00041078169031297137,0.00035689307657308414,0.0010732822455426108,0.0017438152184050147,2.6708211420924104
0.10165597744721361,0.2245947101269687,0.004686590094494278,0.0001527898293275531,0.00035244293920771763,0.0003146737061078362,0.0012180428140799746,0.0016340369717607855,2.4063848706640667
0.10646194676937713,0.20409010811030234,0.004835140695746547,0.00014442244831645588,0.00027830582720548923,0.0004545436093964785,0.0010017190104651505,0.0017491512919357508,2.56020133671938
0.12309468200327857,0.2566061518501723,0.004662677060168353,0.00018285205253872107,0.0005310462496415217,0.000496673381594003,0.0008731197737390364,0.0011043317297848385,2.766243953099618
0.1279035494123641,0.2444945970163808,0.005752753297033161,0.00017129026839271348,0.0002908308162591486,0.0003380159446084336,0.0007801557162071691,0.001406879050532873,2.561189540585876
0.09921913219990419,0.23511032796817743,0.00476996772222123,0.00015533670148055176,0.0009722818507730007,0.0006050967857265763,0.0007679202028487302,0.0011744076078616435,2.4665843836344488
0.09142839952660624,0.21855446642164897,0.005074942250803622,0.00013856693201467208,0.00043198916323878965,0.0003917701185590624,0.0009605263356958979,0.0018598597429186792,2.406368230796851
0.10577266317135699,0.23125421250638858,0.0050751755605088975,0.00014179488006343924,0.00034860817311599846,0.00056456034747418,0.0008478364290641465,0.0013808161879424415,2.4505135774128135
0.1090155049789882,0.21165245371398145,0.004928817590937172,0.00015696259026565766,0.0006390271445612188,0.0004179824277812292,0.0006481718507846072,0.001362973930237362,2.53825907873386
0.13078388612582878,0.21778219689112663,0.005114038023842179,0.00018711609160745394,0.0010066886291835418,0.000561619968800708,0.0012080827775661376,0.008863627265167718,1.6421970658655594
0.131116192754947,0.21609011165563077,0.004906891024153118,0.00018985359114661278,0.0005408134034304774,0.0003852326101367215,0.0008466943976816867,0.002039808850917416,2.780541002228997
0.12603947964651152,0.23717503479432273,0.005106293811639715,0.00017680845393437802,0.00046341927612497614,0.0003969516291525545,0.0012642311498028418,0.0017823183380512864,2.832580406414521
0.13566117776480477,0.24718124957634743,0.005152716633736939,0.0002037076254211891,0.0009329671912302119,0.0003153235888454713,0.0007088168990367198,0.002197799580476585,0.5604336064993835
0.13215423531000808,0.22525599159894882,0.004993679342311807,0.00018524441527170712,0.0005121765348669332,0.000638434319438408,0.0005751675821573579,0.0013885500566831075,2.7308796734463554
0.11165888888079062,0.20057023807715327,0.005233014662291932,0.0001575942859844,0.0003296971136872006,0.000337569582879564,0.0012335145023241408,0.00279714646060207,0.43413561031660575
0.12756663040774596,0.26441025950101876,0.0057777446323716624,0.00018433609576394612,0.0004906829298922279,0.00037162859807458447,0.0009291387006283338,0.0012226440287145808,2.8496503530212984
0.11899735439774078,0.22974636486082864,0.005477976108311482,0.0001661636534647132,0.00033361400982073064,0.00040230485267697105,0.0011940069336340705,0.0017484757828117937,2.579288248645718
0.12423440169785983,0.23007316257886443,0.004799136477928584,0.00017488655565310607,0.0006251165397358518,0.00043336500253709657,0.0007640032316730394,0.0015647469478120794,0.3847839689636467
0.10275531276855454,0.19341167373651927,0.00466177759146961,0.00015042961912781108,0.00040968733065636676,0.0006088618692910223,0.0004739007143034616,0.001610543272459891,0.3419300671693901
0.12083988323773558,0.2080442963708385,0.005377266930055058,0.00015467664915436597,0.0005453425452821079,0.0004125252543182545,0.0006848442391665326,0.001732942557987782,0.4306683695008625
0.12175470022704503,0.25147680009557916,0.004503797370284977,0.00017008839073288858,0.0005991797073633484,0.000472684565694273,0.0010695790737977327,0.0013689651802642967,2.674157935345721
0.11946029694950991,0.2555614821475064,0.004459811895708285,0.00017052394623851504,0.00047836412893638815,0.00044402722744297287,0.0008109038103493687,0.0012848728746085785,2.677465908084557
0.11811464070626625,0.21854592941683906,0.004674312693406653,0.00016213130220476255,0.000471554718613528,0.0003504777935350505,0.0010060790766426532,0.0017282516776177086,0.4481263876823153
0.1046003109084126,0.20509555918129221,0.005259017848446636,0.00015559164877196726,0.00046435009311613236,0.0003150644965875184,0.0010274725290899689,0.0018868990088156963,2.58794278405545
0.11577920822707873,0.25280721249562077,0.004893959468104316,0.00017595892755753348,0.0004468025659650843,0.0004625748870674574,0.0008238460175186809,0.0009758316331425408,2.8681675764671613
0.10895496713655294,0.22607452637435163,0.004596192125372097,0.00016247429642270386,0.00030208849188766027,0.0008324724068020297,0.0012562122999937137,0.001727930921325299,2.212025101925393
0.11624877323002998,0.2272207691582905,0.0045176274100353995,0.00016829713803458282,0.00031428286042092704,0.00035794066241774794,0.0009478805531162451,0.0013989655287483375,2.6835359100595437
0.11789769423622838,0.24071222060554814,0.004986389616609007,0.0001740575713661791,0.0005643360577957713,0.0006687425327736161,0.0009556156373985447,0.0014596314525318322,2.877384309747123
0.11538662527298031,0.22720555706826143,0.005066898388669557,0.00016748525286691202,0.0005813894190097911,0.0005815895855619642,0.000860959259156805,0.0013852194454865628,0.45090504147346183
0.11177308966834378,0.23424931539981395,0.004734983969369448,0.00016682486575571288,0.00019795873837561543,0.000554703404027061,0.0009479999847856648,0.0013282329646918118,2.850805836235308
0.13180592300224656,0.22000204239273005,0.004550724226303329,0.00018155630874371683,0.0012477571360311212,0.0007374839831914365,0.001993808575276864,0.010050440537977115,1.7882760694204478
0.11097881763007864,0.23867329792389097,0.005515326963907455,0.0001646480604793802,0.00035124202489126454,0.0003630961077647089,0.0009836365859153635,0.0013930122397349195,2.5208551939342936
0.1368178902774304,0.23575857255259852,0.004746651294627527,0.0001980048049049969,0.0010645104868173662,0.0005370110612182592,0.0006262507389781038,0.001566496388290248,0.32489768553096865
0.10147914853398465,0.2322835574036126,0.005433137253937433,0.00014271743895422596,0.0003550216120437342,0.0005444087866263721,0.0008185950188508634,0.0013963609628974483,2.4420212308962177
0.11571119150078846,0.22670466345656734,0.004590699176248507,0.0001800274720318347,0.000301055194503047,0.00040323416538979093,0.001045952022429841,0.0012391764982350433,2.6436896516959334
0.108993016193227,0.2274709061585817,0.004497283384861746,0.0001608537920130148,0.0003864284409264127,0.0005371780039757253,0.0011191330072321667,0.001605602172887611,2.493271458920506
0.12410419951715491,0.23351638017619836,0.005534273591289216,0.00018219721894354845,0.0006079133544284546,0.0005729363843467232,0.0009620647433198782,0.001236970362774844,2.828261170626053
0.11313837225568897,0.24241261461250727,0.005153928120520808,0.0001715626489243318,0.0005042317385236793,0.0004071442064293488,0.0008360506858051046,0.0011984574567563374,2.760419041703564
0.12300814523085431,0.22746684919582738,0.00452919487478233,0.0001702885174804371,0.00046841914346789807,0.0005101864592556781,0.0010210732389729627,0.0017006606420619452,2.83371446442655
0.12220211876698193,0.23675266151952046,0.005171640196440082,0.000174622061460062,0.0003703582997320427,0.0003920576004512618,0.0008151758183455958,0.0014582004149421173,2.4299961010129136
0.11595041306498091,0.22879487933235026,0.004881081569442181,0.0001628838950993485,0.0005993169638486613,0.0004135270295799544,0.0008748933963907732,0.001512501402020191,2.652428602806426
0.12395144207149797,0.19493173064172892,0.004771094211897261,0.0001673830112244237,0.0008983707846133207,0.0003391320123407363,0.001144598730562762,0.0031452691207052236,0.6415855609165088
0.11680099004046775,0.21314692413732428,0.0052316130170671745,0.00016741550152189874,0.0003009089021198454,0.0003861782253289823,0.0010497970600591585,0.0015490980854649579,2.8758161131545155
0.11308852297397487,0.21498848803314805,0.0050006690762955126,0.00015952461353446677,0.0004794696453173788,0.0005424901640336717,0.0011232098053650427,0.0018900077319979362,2.447179339567768
0.09986209851187582,0.21038813220487024,0.004900053928724987,0.00014400676728983325,0.0003546907824963399,0.0005615851548507027,0.0008109099945345972,0.0019214958235108897,2.4836180868757145
0.13920546863298713,0.25325190089435157,0.00624479897719311,0.00019732751509454155,0.0004114514633170393,0.0004336569200451952,0.0008284496158589783,0.001063864814196234,2.703064429420276
0.10398518167791425,0.1929719041905191,0.006283959152332006,0.00015131426257209825,0.00031023650474724777,0.00040976293224693794,0.0013261864935734868,0.004121746247352681,2.1103476891104287
0.11316058994753458,0.22066935666009108,0.004969975802406164,0.00016261363054297188,0.0004850635348492662,0.0005528179778703837,0.0007814634801842341,0.0013917831250667883,2.8615891775352473
0.126817353375396,0.2452868133266098,0.004691018535898571,0.00019187862256862104,0.00041921983271024996,0.00043862208988627014,0.001103483982259673,0.0013491472366469546,2.8515403001818216
0.1226974981380685,0.2310066136116822,0.005103544368028256,0.00016933335475272248,0.0004416646717932718,0.0004403385918752546,0.0007387069820012095,0.001313290938593833,2.725173270480679
0.09910151039431901,0.21617411931365288,0.004732142534740208,0.00014940030639161903,0.00047953775619182697,0.0004144344921252862,0.0012330601088410278,0.0019499141227332553,2.7045171515976545
0.11070943283793849,0.22598384489423573,0.005127491857429069,0.00016098660522520975,0.0003832939618270176,0.00037567258399931664,0.0005598923589065096,0.0012652756051991715,2.418328298192126
0.10240387268559804,0.2275903143046981,0.004775641986442865,0.00015739182870976723,0.00033178809459618355,0.00040384329044676064,0.0008129261972015983,0.0013071420618745487,2.3882595207547554
0.12485395290719004,0.2190557182596751,0.004559904619174742,0.00018285576620402725,0.000596268763646841,0.0003752082292556302,0.0010745750794261377,0.0016173074212941351,2.7930574188648163
0.13265964857019283,0.2477050606670113,0.0052657629771513505,0.00019223140539673415,0.0007523993295567915,0.0005955745649182748,0.0010835708911400553,0.0012422090366506662,2.832973246060261
0.11140408116033208,0.22475154713541426,0.0054234493981642545,0.0001656798392765377,0.0004850115809697058,0.00046243120976260975,0.0008458633596016017,0.001305498011878042,2.4994097455485735
0.12717197477318062,0.22290909075669868,0.005349015441872928,0.00018141049892324821,0.0006514151443177794,0.0004295650040689583,0.0006034442501633561,0.0014050909812402237,2.732724743596117
0.1225716865918622,0.2162695736339119,0.004552147613087804,0.00017499834871546904,0.0008491425742875482,0.00044834828590306327,0.0011410100077134217,0.0022928269020141504,1.2343379943820019
0.09918190160832092,0.18961294615631527,0.004635971410517815,0.00014384133026130194,0.0004249379580700813,0.0005048989952457015,0.0005768428673435198,0.0022666344477023344,2.1452057652667915
0.10545675746945062,0.20363341741466987,0.004704855588034119,0.00015217696544937706,0.0003851409956844272,0.000418491267104838,0.0009533587711318689,0.0018188898681552165,2.687165229218272
0.12476843299338264,0.20654590053102476,0.004426642244489637,0.00017582654583670642,0.0009826850285016477,0.0006193316183645942,0.001998689362867193,0.008539105975684738,1.9778217848723505
0.112050853313059,0.19793926772798828,0.005205580196819892,0.0001569941064570766,0.0005046743625011879,0.000609862846050654,0.0012886382506172318,0.002965763855337491,2.614505556413378
0.11035250789648485,0.20823621595374353,0.005764719350081858,0.00015306654231497067,0.0004158400644180938,0.00041072297345098744,0.0009746584836418152,0.001866573022285065,2.4550262531626514
0.10818630827982513,0.23633051832011648,0.004863910652038718,0.00015139465044355815,0.000828962800824953,0.00044727039357196033,0.0008368497000590806,0.0015725129068891602,2.455464349163327
0.10672211303029765,0.21703108206584037,0.004078712206999078,0.0001525227680890127,0.00037123758590276067,0.00043990919638617104,0.0013345732611306888,0.00190251784233456,2.385805963945797
0.10165393107091625,0.21305345462011616,0.005328544227793275,0.00015644322281862963,0.00031413195316357443,0.0004906008329322176,0.0006997000415835278,0.0012736325420298214,2.5935032985030486
0.10765577111248421,0.20409741119063166,0.005352464031003485,0.00015735378031253217,0.0002815822491735718,0.0007568505186859782,0.000767388099157351,0.0019609530950444667,2.3938440779258037
0.13810234308370814,0.21960954489053722,0.004819208773431531,0.000202130545394358,0.001072069507205715,0.0005976185215160487,0.0009764308663746161,0.0022683707208097106,0.6444716286764683
0.11100495567201332,0.255970450433649,0.005062187723735496,0.00016741877536566432,0.00017608514668118085,0.000691084354665405,0.0008623667689690889,0.001156227026204318,2.8214887203296524
0.13338758652911792,0.22309778668774008,0.004953091802955593,0.00018954815953475766,0.0012374924280644634,0.0006076917435035277,0.0007462616366625504,0.002475825677097677,0.6778433030288273
0.11158481679760426,0.2235785469697981,0.005071952597597173,0.00016056083175677014,0.000751665135183233,0.0008576902954203021,0.0010599356293321677,0.0018815959434016157,0.39902210662549015
0.1102730943709371,0.2200997773282737,0.0046179419276551805,0.00016468968181340644,0.0005060051333247003,0.00046625913040301744,0.0008085152331508791,0.001298150226195479,2.6677375434518815
0.1343593640456053,0.24540725400848173,0.004819403074453105,0.00019963105345382478,0.0011006948024846954,0.00048531981630237303,0.000999116418297755,0.0014278048172725788,2.77167778790149
0.11396617442624395,0.2370016554000101,0.005855907799011356,0.00015879611858091608,0.0004001435068660403,0.0003282077031691826,0.00105470965384197,0.0018597667477686325,2.444345078515447
0.1359570218934014,0.2565146201165932,0.004400915044562956,0.00019660872063717867,0.0010238991551401444,0.0005322615459257526,0.001064256912064971,0.004147158210965608,2.176679320688871
0.12125450354185963,0.22877174184518242,0.005302870921609853,0.00016998276274325094,0.0004363628485872537,0.0004194193146959619,0.0008188689939206547,0.0017365060701690861,2.6005547016290396
0.11082687095184438,0.21805697133170915,0.004724536944886681,0.00015277183787275678,0.0003642052027438419,0.00035031087974609737,0.0011072097044298084,0.0016711791803612852,2.525860379156756
0.12111991021707441,0.23285323727574064,0.004953522776429905,0.00016980643778848756,0.0006786986159732381,0.0004171192595441228,0.0009035092686749902,0.0012469355803452489,2.8879275053750137
0.12579076531856198,0.25383850001496583,0.004766228873932625,0.0001791161259652278,0.0004834988438897802,0.0004379567967262682,0.0010261416501587573,0.0014906087303099488,2.8006918574577013
0.11578358452419726,0.22104532602874283,0.00491382979374632,0.00017134944820842838,0.0006627446409027378,0.0005161566215189458,0.0007622675643034183,0.0013362735680396154,2.7498002926376297
0.12247486873858862,0.1970860912834658,0.005622608871673962,0.00016841707519658894,0.0008154234442884189,0.0005392353160209477,0.0009475415990413799,0.0030800970012243127,2.2688587234902053
0.13259548442730357,0.24570644517896276,0.0043945778556627535,0.00019150349962680603,0.0005844980462810256,0.00039955108200308693,0.0010411686297180456,0.001594098824051465,2.766398835926654
0.1144343815513375,0.2245673083582751,0.0046491772230417665,0.0001678543296247232,0.00043206686741799615,0.000367530689556849,0.0008698222634219699,0.0012943089244097771,2.6055429864932362
0.10367545168232471,0.23030980622333583,0.004461149731538744,0.00015614251768377048,0.0007037524116269001,0.00032626183215747774,0.0007457360721478286,0.0012157897266117683,2.5780748808161733
0.1308669607782568,0.22786712914172957,0.005052025139277336,0.00019113970320229333,0.0011388241858831171,0.0006213634577915766,0.0008533180981984675,0.002284002232858535,0.5544599941225258
0.11684463088804843,0.20434446503874218,0.0049764476092678984,0.0001738749413803677,0.0005050178965067826,0.0004137638885430154,0.0005702481180019854,0.0015667998403858631,2.5539315768025004
0.10769872509586234,0.24244813134442597,0.005814168215648287,0.00016135055120497852,0.0005363381639802879,0.00038498672752907987,0.0009540431133437916,0.0012649438231118694,2.6766942060995103
0.14100455618889923,0.21117200031621147,0.004754266175386938,0.00019754496579825617,0.0008873474664109591,0.00021732144766014352,0.0007616383003807136,0.004701161384303703,1.0213869687900554
0.12940828053295056,0.23470130407388018,0.004566497352083548,0.00018526485265760534,0.000936319754369794,0.00039651389286636334,0.0010309124074084157,0.002750137633544737,1.436684091842378
0.12188881057976755,0.24542522819739224,0.004934708789915961,0.00017560663609411106,0.00020403808023385542,0.0006751315388752325,0.0009512025388589706,0.0015329782720557212,2.6534475610982757
0.11023580459303213,0.22901419239874263,0.0055723189728715695,0.00016561138055207555,0.0006886013401874142,0.0005170719154612168,0.0008649694196330603,0.0012334728449213247,2.3820521746251577
0.12269810729121385,0.2344742332447651,0.0063829771876139805,0.0001797532380023318,0.0007161485110861497,0.00038467607946255744,0.0010061446850162564,0.0014207316290984666,2.549010413883632
0.12160934298341228,0.23699755111803625,0.00520596225848144,0.00017580983633454133,0.00040333085569686973,0.00041454679951005913,0.0008470555581127597,0.0013592046566180394,2.5173689184978874
0.12033223253478138,0.22985235719372438,0.004781198944417309,0.00017194039189646776,0.00034175505115004347,0.00045978359125449834,0.0012781820419691602,0.001811176220990892,2.7959619184692786
0.12195347944073738,0.22384466246018456,0.004873739879040734,0.00017045883007393796,0.0004919080424452054,0.0004041886636551075,0.0007593123069355647,0.001252239891440002,0.42533056674439373
0.11350045075909367,0.2178277480420198,0.004515581313750598,0.00015860187177317328,0.0002802709906979565,0.00038157882492844466,0.0009005304586840704,0.001327441981748604,2.5717475074452385
0.10152866301213885,0.21466111763229437,0.004830197911376959,0.00015137936681366298,0.0006975223338921105,0.00036443790797620486,0.0009471770188560223,0.0021084045893185956,0.4757686440705872
0.13964448473810842,0.2257305024331876,0.00528302468428335,0.0002042433106153603,0.0011634809768833556,0.0005421564177403077,0.00044833552579424057,0.0014681289521007474,0.35939625940668385
0.11542434585876869,0.21842815401965052,0.004734510895357864,0.00016777151934922011,0.00033497870368514015,0.0002654431793493855,0.0006474577829451243,0.001139076283701169,2.8199636176344396
0.10175607560141409,0.24148528957783352,0.005058159642523569,0.00014280848964929015,0.0005339723775188494,0.0003751533846810017,0.0009167080536139542,0.0013535456986734145,2.2071305161726826
0.13936851827730012,0.2379601903298202,0.005115486207698533,0.0002024993732070995,0.0011351230216080199,0.0006221089743637162,0.0008204794381696354,0.0021544577737758084,0.49138358324659565
0.1315446957043233,0.21992868755392922,0.005038304339740775,0.000181389923284315,0.0013933986828321716,0.0006854351556850943,0.0011280855084459715,0.0027709865236952343,1.4179604384492304
0.1053833805831875,0.2386617406668042,0.004801122654128753,0.00015804925185952274,0.0005955371654005465,0.0004820280368522511,0.0007205775109617934,0.001302029766699268,0.4557394726034757
0.1187397770309231,0.24005380395003234,0.005164701341978505,0.00016597237735432416,0.0006440450977441422,0.0005254639133526159,0.001047211439731044,0.0014801935197159483,2.6552265674544824
0.10105500139584654,0.2008161439230622,0.004835921793801434,0.00014198944284242362,0.00032695670937399806,0.0004906875064758001,0.0005453854433165175,0.0014350772753441805,0.3745204498515451
