11.023861699776644,-0.38547262806753346,10.959816954744662,0.23532392292891544,0.002872890195350265,0.0020093365866614642,0.0011362951426364964,0.002108011249204944,1.474231504682681
11.021326678332688,-0.38533928858135347,10.959886896061192,0.23530551453140658,0.002772547894953362,0.0019776809428892978,0.001145021043011269,0.0020270224736734527,0.8423508342741205
11.025959870647448,-0.3831189806152399,10.959954925693921,0.23533048500402667,0.0026400615729144927,0.0021917190033803415,0.001135573434461449,0.0021154043332417606,1.0665491297145295
11.024886192509422,-0.38184181711244697,10.95996574443727,0.23532315080842145,0.003108963174366412,0.0018556331950879013,0.001131712136785195,0.002131662076792792,2.0255469824991033
11.037130422175071,-0.38512720101803816,10.959994308195537,0.235386974568017,0.00493115112150208,0.0011858238700042769,0.001280774421840184,0.0037518458724145375,2.4589949454043607
11.051318695979822,-0.4039536679762187,10.959925001035367,0.23543701667529893,0.005834323741918199,0.0006995075099870806,0.0017289013329548134,0.01344934811251462,0.8877268962797362
11.012386745812309,-0.3874761030124454,10.960041982899394,0.23525810263415026,0.003021276434867445,0.0017413499474939057,0.001125007001041909,0.002052408560368363,0.9109407929100678
11.05361699116497,-0.40996381685625843,10.959942030123473,0.23544030390012446,0.005667112643492448,0.0010636799666343994,0.002275819381946122,0.023267582454092404,-0.7967427080389198
11.013894474372776,-0.3808327657603308,10.959918935806824,0.23527138159894628,0.003195650660136735,0.0016550221693758876,0.0011549049229888945,0.00209853078207099,2.4112783816675947
11.03332251244841,-0.39156264317006856,10.960007577749098,0.23535783902077043,0.004666024265703089,0.0006719517867334411,0.0010185380879289096,0.002398095324344828,-0.28327705520519025
11.056201934238624,-0.4139917367800085,10.959970011668492,0.2354459423842725,0.005835247460761073,0.0007333563456678242,0.002964133928887853,0.03777095928995379,0.6054911770815405
11.043623672105102,-0.39140713391324655,10.959958315825466,0.2354153215436838,0.004337870567936671,0.0012466335096920178,0.0011874371723493925,0.003908941241288418,1.784131234046107
11.023890343271876,-0.3847988636204074,10.959950464140666,0.23532004600221282,0.0020248725978915054,0.0023135226028601777,0.0011537388867675258,0.002341320899049975,-0.044249827441048856
11.041845003148895,-0.3882825286905889,10.959968059322007,0.2354108593733258,0.005421356482754029,0.0008499179232361699,0.0013708033808982499,0.004578560571996862,2.2735653131835623
11.015695801321149,-0.3835993470201307,10.959892071903026,0.23527895075867022,0.0011053748709738715,0.0024758440078516183,0.0011831431541182809,0.0017837958832930398,-1.3829123573428266
11.017423361169017,-0.38641668928341055,10.959949646572797,0.23528024726752408,0.002228621094664694,0.001951322062470187,0.0011606007037069789,0.0018306377075789767,-0.7985657226753373
11.020383263703382,-0.3893009370642368,10.959971136455836,0.23529830780806235,0.0024876158069109425,0.0018165654373333963,0.001083324703959118,0.0018098410462775813,0.009711908645987203
11.0323474802961,-0.3927293499513837,10.959951191771381,0.23535187975603283,0.00282279927345736,0.0013221887470852157,0.0010427055195946714,0.0018666345656706352,-1.4118822757881548
11.019906428478784,-0.3876388666273586,10.95992203421855,0.23529542020400415,0.0023340440559348986,0.0019064810168293166,0.0011345946666609142,0.0018420481178709617,-0.5982544282684453
11.02981006204406,-0.3859644633011249,10.959906322484422,0.2353484948969886,0.00407369217194863,0.0012227354616837867,0.0011071385503389145,0.002264640266109838,2.4363518846391963
11.050351887805084,-0.39972798761933725,10.959920583876933,0.2354399437117011,0.005878397359853527,0.0007120161160569813,0.0015355071867280104,0.011666067639007129,-0.6126132424628183
11.020286532417222,-0.384774407418261,10.959883698088431,0.23529816256886282,0.0036630686869741254,0.0016371345570267,0.0011238776663424616,0.0022770743272582748,2.17474465315188
11.027785910510268,-0.39025101953815095,10.959867402700402,0.23533668395166712,0.003079196082056783,0.0019078474927046358,0.001076663437157856,0.00208462482485409,-0.06607007511352653
11.04131721126508,-0.3846324600298288,10.959950089270794,0.23541226123113035,0.004687218982297121,0.0015557747614765786,0.001286158965360174,0.004162321750577842,-0.4969852487216011
11.022212697606744,-0.3870153027518491,10.960021031256659,0.23530609278634224,0.002537201363953347,0.001964488250290718,0.0011119447868156332,0.0018621817965919604,0.0733851136744384
11.020482267727738,-0.38594245196019183,10.960038337967992,0.23529752027956127,0.002249115333847664,0.00167805650947187,0.0011861868276625068,0.001887411508900396,-1.0802445100787936
11.054096265189006,-0.40389981974196404,10.960006009961768,0.2354484578259978,0.005835624616889886,0.0007013827122467547,0.0018676839636932755,0.015871054744714754,1.3224099196964223
11.026315281062116,-0.38746267902119247,10.959918792492148,0.23532741161655676,0.0025991834564386344,0.0019599640207480246,0.0011454280747887665,0.0019640989695456855,-0.23879341230296808
11.029922206635678,-0.3893960628745038,10.959976067960252,0.23533840327192765,0.0033507138016979025,0.0010499700592092424,0.001081908372760412,0.001903066449834624,0.6444995827499148
11.023165594592237,-0.3880560633848541,10.959870563035619,0.2353105689675837,0.0029827677468649795,0.0017058786467613444,0.001087229123368256,0.0018796202877897868,0.4585929746995677
11.032601073968792,-0.3858372073770858,10.959980002143919,0.2353558820859429,0.0029610258185905963,0.0019091380107541002,0.0011522473503670929,0.00207409069732052,0.2810252551192904
11.028335750118634,-0.3901843631053343,10.959912032678314,0.23533871973501358,0.0036191673097423506,0.0016978933492871617,0.0010546086136007204,0.0024555915920996493,1.8984830406124265
11.03631036220278,-0.3892941169631375,10.959980963729144,0.23537490089280988,0.005086480325299936,0.0009265337947493507,0.0013047798668539535,0.0037325280074288767,2.2455090267039464
11.02744870357681,-0.38284521958944595,10.959903116681925,0.23534113799807155,0.0037644754522895753,0.0017936646726693585,0.001198374540876166,0.0028144247824580825,2.2210658926169393
11.023327446718318,-0.38671733119031143,10.959855809438952,0.23532035985338046,0.0033358365035013895,0.0016802278524043163,0.001090556577380706,0.002086042545455626,2.1020667777855935
10.96933808403857,-0.3828691520826576,10.95983817630209,0.23506405384860518,0.0007576170780276073,0.0008806727227329324,0.0012041298634910982,0.0013024291842757207,-2.410244014469168
11.03365832872696,-0.38826612207978034,10.959884082448301,0.23536678558375276,0.004549384851790297,0.0012443413509431252,0.00114906779318477,0.0029941345612645664,2.4840915358817104
11.028798037730482,-0.3890877090698738,10.959962398377957,0.23533426796611287,0.003586246111378216,0.0015631460541663136,0.001094872581573251,0.0021089278132156264,1.9159631246768845
11.03321079935991,-0.3845317637823552,10.959877014971381,0.23536876220461342,0.005271647429365563,0.0007148109755001206,0.0012994131427731858,0.003778216519177748,2.3692788285773987
10.995961198507707,-0.3862696857363596,10.959930636492702,0.2351787462062135,0.002840468331716899,0.0008908884546520718,0.0011372564263051497,0.0016417520181819215,0.163491570607115
11.029992036924256,-0.3868363157907741,10.960055075940481,0.2353402178620524,0.003245647300871437,0.001429735387438689,0.001100509310247731,0.001953370825318732,0.8095297754418327
11.033136875993307,-0.39147549300281664,10.959932834060824,0.23535804883581482,0.004319787199322788,0.0009513556218233759,0.0011430083927779322,0.0025964762576226605,2.098785754729894
11.000498689727479,-0.3819458541860776,10.960161771156258,0.23519856632468822,0.003122736485982126,0.0006579008625050435,0.0011281919197361453,0.0016892417261800843,1.5566804192212307
11.01294707086235,-0.38394028452869944,10.959812525176204,0.23526740515860792,0.0026308404639442473,0.0017458069935029953,0.0011433139225421243,0.001853754117319512,0.8499109928438491
11.05331407965257,-0.4129251186476744,10.95996704212421,0.23543229199413118,0.005941970041172009,0.0005415737184922579,0.0027527875482341,0.025403790896823143,-0.005411895685380453
11.038511686339834,-0.39453052902442437,10.959991337537595,0.23538391240530313,0.004473636036552125,0.00039091696028973694,0.0010553647369038442,0.002975043123581993,-0.3073083683590837
11.045642375040684,-0.38899509943725596,10.959961076580496,0.23543032003297468,0.005582573962545967,0.000838263397629555,0.0013595863768513792,0.00588997412370813,-1.121758960627889
11.00906184051523,-0.38543923522105933,10.959931723352565,0.23524597686664095,0.0015427781409737122,0.002384683013754608,0.0011986497851246124,0.0018575501721586304,-0.9902258299171485
11.017625172916311,-0.3910613893099968,10.95997083799977,0.23528259386936262,0.003476465409623624,0.00032825082219907617,0.001073480631268443,0.0016752271514238403,0.8519960735482371
11.034817909589117,-0.3898116140035501,10.95987766052206,0.23537574498113092,0.005351825006981224,0.0006248940432668985,0.001292907724563593,0.004099316280021766,2.355405452290995
11.046149405994637,-0.3896691505835686,10.960013235056513,0.2354283869086446,0.00569594559045073,0.0005011976968278082,0.0014913258014227417,0.0055563209764417755,2.05842622034716
11.05360771470734,-0.411623568854962,10.960035973485118,0.2354343633683336,0.005790604001380456,0.0007540105769382682,0.0021355002527657517,0.024807353490316278,-0.705466282144016
11.017908533997351,-0.3901383364743143,10.959892943261679,0.23528578292647184,0.0033044053851761872,0.0012013767625551647,0.0010786060992721079,0.0017614999160824828,0.659863264389421
11.0337541538651,-0.3875346203505293,10.959934073094619,0.23536650636790016,0.004770854547764768,0.0010700718535354725,0.0011897409258042856,0.0031746067107817698,2.5328082925861635
11.037195908277843,-0.38958969278134437,10.959999037095669,0.23538396742999976,0.005164469701360636,0.0009914892913871424,0.0014065579382508612,0.004929827715803986,2.1448466179688404
11.038322352779767,-0.39386798072656476,10.959880514900618,0.23538336639056742,0.003089069455298699,0.0016542107907659995,0.0010535921279497642,0.002514586460849692,0.08882699127606745
11.030211906863757,-0.3829704806224384,10.959911238516957,0.23534901453735288,0.004628532973596512,0.0011885133638784558,0.0013220179871598183,0.0035953828725789998,2.1117279027046836
11.026803553170256,-0.3889061049425457,10.95980639582119,0.2353290738459414,0.004154333237931648,0.0010578537066959755,0.0010823882633774298,0.002164086984814458,2.0994007221328888
11.031948804428671,-0.3871567180407664,10.959971400669268,0.2353581815167393,0.003067428981452097,0.0017454427692131687,0.0011607276017904658,0.0023483761426316817,0.5862432215584029
11.023285984162248,-0.3866155059443082,10.959924608407803,0.2353113336230007,0.003926073985046569,0.0013369141085247096,0.001145538764073379,0.002393118843106954,2.3684207349412794
11.02073803736995,-0.38730054162593075,10.95991540646683,0.23529702522286852,0.0035006546293719497,0.0010544352792276562,0.0010731021223949803,0.0018153258104395633,1.2448936012106508
11.03856907020257,-0.39173069555414747,10.959921529715187,0.23538270216619164,0.004085005441339833,0.0010117079444021337,0.0011121361921315126,0.00233783492842695,1.3765901182453726
11.026603901933058,-0.38513682997396137,10.959917783489304,0.23533443709922336,0.0024989243513155565,0.002248901144696137,0.0011208701956680184,0.0022596207090435647,-0.04024138995354601
11.05010699967573,-0.39275700864579033,10.959983195183575,0.2354482564314922,0.00581247895162715,0.0006005729811606708,0.0014709058175746193,0.0070682310440602645,-1.1515902910706408
11.022653037635285,-0.38304128758675104,10.959940164394832,0.23531093627700628,0.003071328180264679,0.0018035717535130518,0.0011109523866113876,0.0020495319042728366,1.8540953817332113
11.021358633611339,-0.3862589480957634,10.959962783124123,0.23530332553413782,0.0026835131181245416,0.0020214276445753615,0.0011115811390219447,0.002005330378363879,0.593476481114755
11.03588971820745,-0.3855385875755942,10.959896424314763,0.2353778737121832,0.004889188292891377,0.0010143980025854264,0.0012961383283873324,0.0034675890999115557,2.289683466909229
11.02835231470905,-0.388865801662372,10.959992027575565,0.2353359314705196,0.003654594736361734,0.001636260314944528,0.0010750376528956647,0.002207509475052481,1.9200409222355614
11.037074450453167,-0.3877397310843158,10.95995865390503,0.23538327332626138,0.004884926962579461,0.0010657947613514508,0.0012118693748107737,0.003270356854538775,2.550865463347874
11.02007496387807,-0.39068282274255256,10.959925844493021,0.23529296316533477,0.0027676866028551947,0.0016245079772055037,0.0011104243879809107,0.0017830137129263035,-0.7487422885928599
11.036998584270732,-0.3914575912427902,10.959863997762588,0.23537506620646648,0.0038565104655417033,0.001505311284966691,0.00106125951803674,0.002158804815858065,0.9307332580664853
11.029599770413652,-0.38526925480049184,10.959936079994048,0.23534550915386132,0.004420562781620872,0.0010940460894001353,0.0011336834302383201,0.002482840750841273,2.66963002930067
11.028584265468114,-0.3870361939279094,10.959953135546494,0.2353424031524785,0.005135564989832857,0.0005235543824497662,0.0012652990625665742,0.003649540172945131,2.355237394386146
11.03239379318397,-0.3889555926502887,10.959889674816273,0.23536046161411167,0.004570256755470379,0.001358884873300904,0.0013334536897698542,0.003907901004912987,2.2282833342332253
11.048493266178824,-0.38885683977533436,10.959893164091824,0.23544200252209949,0.0057058467672671835,0.0007137593341214985,0.0015578982244178728,0.005940445955238726,-0.8319638650302551
11.037728885904787,-0.38625621372262914,10.960010193719816,0.23538730149652198,0.0052606621187002356,0.0008230867578049117,0.0014585667085272426,0.0046467174710334005,2.1574920108058158
11.014366612354433,-0.38268388431809747,10.959844115174585,0.2352693467699824,0.0033031839832812454,0.0011448238643561454,0.0011172468157551465,0.001914216725188041,1.699648498170582
11.004663126765202,-0.38598096759107575,10.959903190906893,0.23523182769373194,0.002394479803152337,0.0005299817365545573,0.0011133265227372584,0.0015228448960910336,-0.9784572061769174
11.046224820765783,-0.3883034797508316,10.959956303175616,0.23543275808726222,0.005363343326162906,0.0009649216370158587,0.0013722764027775396,0.005090448326911388,-0.7436849876650056
11.015825194038005,-0.3833184451665027,10.959969855238816,0.23527834442592996,0.003650803237437241,0.0009867770976221366,0.001111482205212688,0.0020567992665024735,2.096879817129518
11.028410560269622,-0.3879947360348155,10.959814420368232,0.23533717847158414,0.003071655186554823,0.0018809681157460126,0.0010964599139722379,0.0020137392375715025,0.9193820578803036
11.032810263969976,-0.3920636255855694,10.960008793330994,0.2353555265597225,0.004420430854007172,0.0007702995909910259,0.0011177069341207191,0.0028005558232475007,2.159136282680701
11.0068708459108,-0.38670241496745095,10.959967709709288,0.2352308139400252,0.0030292281786696174,0.0011160388297846988,0.0010821366105570496,0.0017120779557729766,0.9860973423835747
11.028674952159871,-0.3908731783168538,10.959875587957628,0.23533829043733148,0.0036257575907353377,0.0006995953420144565,0.0010329803063167467,0.002030992043999002,-0.09247004325238285
11.000784467240042,-0.3871945566887382,10.959897980853317,0.23520562334293854,0.002943535766046334,0.0005333190533421952,0.0010811992108218512,0.0016236239194610514,-0.020375971919206346
11.016386767838195,-0.3837579212012446,10.959846598127584,0.23528407396765683,0.0038336822514099486,0.0013775913670362452,0.0011112734146606408,0.002225287669916233,2.709534918715469
11.023173303577353,-0.38719330605157165,10.959936525872873,0.23531499680777498,0.0029229049538820094,0.0017172594700225379,0.0011671618248757453,0.002342271193909752,0.5338542243606965
11.023169671337612,-0.3889728637343171,10.960112812484088,0.2353053856659414,0.00225963321496273,0.001442480799905394,0.0011724896331455495,0.0018047004652044288,-1.207373907574499
11.02010086525212,-0.3802576775592878,10.959981225576467,0.23529864046250717,0.0028771850157462598,0.0016255766987603255,0.0011578469521879313,0.0019558922446241355,0.879520613361188
11.031674649708116,-0.38544885076122054,10.95975639965875,0.23535956187025273,0.003345243818388871,0.0019365886408761754,0.0011501189164532623,0.0022795433482594753,1.4321792137889509
11.024838674891097,-0.3870846693172967,10.959968281704846,0.23532049089533066,0.002535360981349004,0.001953287265205315,0.0011086926897054918,0.00187588939761363,-0.1534479187024763
11.02802187878488,-0.3840786024541842,10.95988673801958,0.2353420820906072,0.003737545195757051,0.0016058710081239432,0.0011475403153656178,0.002423161663887043,2.20261078494664
11.019037059592016,-0.38811416078830513,10.960004569236263,0.2352918503346901,0.004280446079837944,0.0007608392683195441,0.001111563359104821,0.002312901858998219,2.597713165759346
11.022914198774053,-0.38419839378023285,10.959852863220524,0.23531666727327613,0.0025420336484372657,0.0019007268031305464,0.0011772044839011234,0.001955600345733384,-0.24579797732282432
11.037543160011015,-0.3921929086804864,10.959873129915527,0.23538589830906423,0.005178082598730895,0.0006401667054181635,0.0012338115015910229,0.004171977095571501,-0.5110194267521129
11.020001908510658,-0.3838314309959717,10.959933564496698,0.23529645410839817,0.0024764080324067472,0.0020149717332051753,0.0011597527128108462,0.001953514100686962,0.03333288244191722
11.021293095534864,-0.38880557274512034,10.960045897170662,0.2353021850075571,0.0028937050492276483,0.0020340793735136443,0.0010906349521869778,0.0020980968285053683,1.0856422748035102
11.020434088038927,-0.3846372922009172,10.959919473502183,0.23530045328309726,0.0027594443458926017,0.0020140165558041228,0.0011239826251897849,0.0020075102529226257,1.07527037518923
11.015961182803705,-0.3892060629736835,10.960100733910012,0.23527366305314892,0.001980179263030759,0.0016723044435537056,0.0011470776468213858,0.0016825720819255796,-1.2528597863978714
11.02079226967197,-0.38436724724086124,10.959825662895692,0.23530195409638185,0.002693895925704918,0.0017916868691401854,0.0011175750855312826,0.0018623380226857977,0.38866419684490044
11.049171744230199,-0.39304433629884156,10.959943318161656,0.23544034012512466,0.005708651705792718,0.0006889124132697525,0.0015862149497807324,0.00903663146473468,-0.6684755496881333
11.03955235107963,-0.3968677172240104,10.959918050585957,0.23538428276301326,0.003767067137327657,0.000845288912713024,0.0011344506950983159,0.0031629163304144033,0.2873065661374722
11.021220583517149,-0.38792641054697424,10.960024255293007,0.23529722989481427,0.0027770458265118873,0.0019487920261545193,0.001136248282452313,0.0019502892373198834,0.22163860852331613
11.014870906060535,-0.38461959583621674,10.959840043187432,0.23527444887220156,0.0011525468866208492,0.0024985458735894204,0.0012021687401137678,0.001794419187164805,-1.3975205153458132
11.027537966334823,-0.38820783566427114,10.959962328884925,0.23532705476435412,0.0036125229795121315,0.0008251521484006954,0.0010502399916711071,0.00178370042311778,0.8671946049315777
11.056610889618824,-0.4156922879378335,10.95986951750177,0.23544448466152865,0.005931378505614395,0.0005827974648227963,0.003551378002349306,0.03172311970265753,-0.5090370896228026
11.018823142293474,-0.3862609951957457,10.959902065978799,0.23529158526313512,0.003135097647804667,0.0016123251236823692,0.0011281570935806821,0.0019745850327028565,1.4605518427121904
11.016412905246451,-0.3881270336757333,10.95981332486598,0.2352833159751474,0.0019469722550652642,0.0017999267828818976,0.0011445932456455496,0.001669393107112001,-1.489438279133368
11.028602966469903,-0.3867334450138904,10.959918199026824,0.2353428121875363,0.0026434291582333354,0.0017527249826764918,0.001136549392906934,0.0020632214312850303,-0.24478903039980326
11.022003920804769,-0.3876736668032262,10.959990732056724,0.2353036431773458,0.0033171282574467774,0.0012935228463140202,0.0011201888712640386,0.0019023622609771699,0.8575255758050068
11.018206281721902,-0.3825232628324371,10.959927771846019,0.23529062574428208,0.0030281825694554276,0.0018716713699434273,0.0011846104590105251,0.002246234516466842,2.0653476074031425
11.017612162588144,-0.38561757965963106,10.95990235943666,0.23528439325816816,0.003272348360123358,0.0018453762132990127,0.001140438966526237,0.002291805410476719,1.945725370643118
11.023119737438359,-0.3851838403077171,10.959914073517663,0.23531277334532183,0.0029751427373059273,0.0014038244943889954,0.0011093464858039292,0.0018178362109263792,0.33870406255724783
11.021160870368353,-0.38440247964892343,10.959921580580843,0.23530291481720433,0.0027692871214043922,0.0020661082013570488,0.001150534585564103,0.002063223096640264,1.0308523129764624
11.049004096094686,-0.3929461489838206,10.959924232045367,0.23544148314821925,0.005789506308715786,0.0006945863064187755,0.0013381660360756397,0.006722068663879115,-0.85960595129241
11.018959264989489,-0.3841899926445489,10.95990546796619,0.235294635959222,0.0025786105236947523,0.0018774662861441868,0.0011268659002618203,0.0019511943278761725,0.332909548482169
11.016232329548314,-0.38423718809575075,10.959971741494705,0.23527892755835292,0.0028017978216049676,0.0018612798261200118,0.0011561247215972393,0.0020119642101546053,0.846277173038408
11.026176426633873,-0.39155676321898475,10.960067972959767,0.23531881400205457,0.0029682666099978363,0.0010641319504938061,0.0010876834136393705,0.0016897169459863305,-0.8702331534514726
11.026584040629064,-0.3816118500014029,10.959963803638479,0.2353344987050544,0.002480043591195072,0.002238959621975464,0.0011897053205781188,0.002128046059224153,0.3226678800479003
11.027806742343559,-0.38658163084543656,10.959844541149149,0.2353384887722119,0.0038460684617544886,0.0015444117740693662,0.0011485527772371966,0.002504498811043633,2.4022962467791595
10.996879162038946,-0.381657411037618,10.959806861342894,0.2351912032661747,0.0023366627841890425,0.001728036279513984,0.0011580936422943117,0.001803852445159817,0.2940256329393134
11.04377168066319,-0.39154330903369433,10.959934841519484,0.23541561790254628,0.004631943042644717,0.0011280077295889198,0.0010942694145031169,0.0037831745784445135,-0.5037638103064936
11.058409213660502,-0.41448818601888726,10.959911120082145,0.23545657228023864,0.00587089150745467,0.000840113794160696,0.001945410835888606,0.019526475961074458,-0.30477642556203416
11.016950670367248,-0.3846234070390321,10.959957081429367,0.23528705667977595,0.0024712627260381212,0.001997233756525341,0.001134940464623307,0.0020056720064021163,-0.05072756718790048
11.000267400910678,-0.37499176437961795,10.959794565569661,0.2352093045953662,0.0004342941361033584,0.002786634312949344,0.0012865652834492109,0.0018093928046452226,-1.1626108620092075
11.042445987457466,-0.3908567752672301,10.959881509601736,0.23541184069764265,0.005493404327758616,0.0006218168148786594,0.0013038161912738446,0.0043008068677534645,-0.8399971229396556
11.028787351107948,-0.3931687852462997,10.959874433566283,0.23533559756190478,0.0037017439562298344,0.0012441924070109816,0.0010363104913310803,0.002030633880078858,-0.11740933478892204
11.046949803094778,-0.39060682273674946,10.959955960480185,0.23543451207122423,0.005554111014642242,0.0009061605268401189,0.0013771479149444056,0.006018331592863049,1.987052738217561
11.008211037840049,-0.38299789997919365,10.959890091260139,0.2352443843094741,0.0028239217060468716,0.0016918051959352283,0.001121231420309132,0.0019512736189881198,1.6151739775173202
11.026802894236852,-0.39201477398943546,10.959997341595637,0.2353206971592487,0.0036260638187507383,0.001074335642605129,0.0010411539271114815,0.0018724215365313519,1.4912722917820564
11.053891284417535,-0.4149320544150346,10.959919653894755,0.23543596484579699,0.005874325603924,0.0006813819982497536,0.004010426241963996,0.04175998717189298,0.07633105327619848
11.027508179353811,-0.39209499422793037,10.959986367740251,0.23532885244190227,0.002793750780039285,0.0018467437780469022,0.0011311423672193631,0.0021262924351690493,-0.502736479387886
11.037375689994802,-0.3878276423646942,10.95995010719147,0.23538512119045613,0.004715709596044355,0.001145169784866744,0.0011514653725356071,0.0029712545057830543,2.4703511041835298
11.022330116089545,-0.3922100632192689,10.95996465227802,0.23530404900454058,0.0025417101294337506,0.0016691761238100996,0.001098715473691689,0.0017273770668273796,-1.0052207576067265
11.037028074618283,-0.38857829993327986,10.959934464974479,0.23537783811396173,0.0038330376374148736,0.0015096523356616927,0.0010536864361612001,0.002332173866136736,1.5923787330554804
11.00388311749143,-0.3787341913290595,10.959946995560035,0.23522211649808492,0.002223700037157649,0.0017424164038533408,0.001168460940504639,0.001774485808570126,0.5346067584424649
11.024497702747043,-0.38728689212079165,10.959922814589081,0.23531745022258385,0.002906879084574335,0.0015610824219534983,0.0011143860411138111,0.00182216994889274,0.282849958680737
11.031908605151871,-0.3891925294305972,10.960015485583146,0.2353519249446772,0.003193418121145303,0.0013901891446927788,0.0012122956150020785,0.0027311630897547956,-0.12785275606153085
11.016183179725019,-0.383678014982402,10.960075451883416,0.23527768781399871,0.002187296400050828,0.002294368375452592,0.0012117090178961802,0.002042999881818696,0.04603132546659899
11.021174618410358,-0.390248429531375,10.960002636755949,0.23530042572351526,0.0026864469651106783,0.0016952256898544458,0.0011095654517008018,0.001830068268030887,-0.73896029992803
11.051877511644184,-0.3944316917558383,10.959970754947289,0.23545284411504275,0.00585958027152283,0.0006843102059872598,0.0016372287953142603,0.007586052129907187,1.6710494225453512
11.020069590886665,-0.38099229585188504,10.959922293660055,0.23530292747268367,0.0028940649867048554,0.0019348743527969937,0.001155905122346771,0.0020719985388130066,1.6230937875120004
11.050470219779564,-0.3899577635448965,10.959911010287756,0.23545151042887408,0.005198907152324476,0.0013189836215072792,0.0012472331700984335,0.006441238932364168,-0.2562643642822271
11.046192987469615,-0.3895371932284939,10.96000325006483,0.2354309686880759,0.005461571782340766,0.0010405985412597558,0.001363432320487765,0.005175057143418667,2.074405864792551
11.018978097492692,-0.3880418315651501,10.959960488523414,0.2352888910362171,0.0019614286449900647,0.001877751640934302,0.0011533926818550794,0.0017236812804496454,-1.3399524350580447
11.0022562880987,-0.38907873806442955,10.959964153975413,0.23520873924837984,0.0028951414427961413,0.0007602570263455235,0.0010962535166685761,0.0016040009921917326,0.2170565602071106
11.03201387291833,-0.3853448440889881,10.959976681992345,0.23535824719414497,0.0031235232982824894,0.0018572122072273473,0.0011310455826205712,0.0021844012173430427,-0.12640009906745198
11.054940280177679,-0.41284558907460056,10.959865497330147,0.23544203837534347,0.00581563630671684,0.0007599038642099718,0.002967194597701391,0.03323839445422713,-0.36014519193821143
11.034260646745341,-0.3837452952173595,10.9599504486276,0.23537467498331288,0.004777429637403057,0.0011170977441393405,0.0012778722012356687,0.0033962975224676446,2.4649860847715286
11.01756403680611,-0.38667011641194565,10.95997468334556,0.2352836410792272,0.0025777525990064057,0.0017052335636820364,0.0011129301847754975,0.0018634371991418624,-0.026066767296468063
11.037969585139292,-0.3891211908460164,10.960070105195882,0.23537990584553187,0.003518491396980729,0.0012476682781796553,0.0010688152104764814,0.0020670405772375837,0.8936293513958966
11.026954880907596,-0.38444221541271856,10.959929078995465,0.23533676331490094,0.005000531302951775,0.0006105180697767773,0.0012940744908561128,0.0034641985369876106,2.4600838219019847
11.013912712584935,-0.38056747994284745,10.95983686394234,0.23527313984474635,0.0018872759224894604,0.0024889818547045583,0.0012123512381507855,0.002038118658800872,0.1864247368616085
11.011051395495947,-0.3818301301357057,10.959954957600841,0.23525404081818257,0.0027315367767721185,0.0018219972051901237,0.0011422844885761395,0.001955369687420468,1.5509182148158152
11.023696528126665,-0.38629452490897886,10.959900317523728,0.2353153199852307,0.002616988715834395,0.0019061548410667579,0.0011312968075882816,0.001948045809529789,0.06379654071084294
11.025819064815428,-0.3884046541985721,10.959947703710593,0.23532195366780184,0.0032061532848821684,0.001804389286300584,0.0011089912077651826,0.002049909158072882,1.454868091535369
11.00817396687908,-0.3886543075929077,10.959956202517688,0.23523727266451308,0.0028092351624695367,0.0012437713912957246,0.0010953636381965633,0.0017443304195232162,0.1502358514469192
11.024224978257173,-0.3873953508215962,10.95994392734456,0.23531802816832154,0.0023007334333422875,0.002097938680078124,0.0011358374405442855,0.0018776157137375493,-0.6974858695769072
11.05044719628314,-0.39542445886825145,10.959948706913082,0.23544178459342224,0.005531350641260074,0.0010139071194771765,0.0015979967999784988,0.012111786151945567,0.5906856207047876
11.040295119532175,-0.39070610508878373,10.959927983256375,0.23539985149395237,0.005686975049788271,0.0005508910533064567,0.0013550655544108138,0.0049456707760396545,-0.9600830936060852
11.018014506788393,-0.3905878559962065,10.959981232743734,0.235281582356436,0.0037433827262245067,0.0004897035784772549,0.0010566901304798991,0.001779955573329983,1.3873330892278102
11.02970266979103,-0.3821624593201929,10.959949393446223,0.23534871315041928,0.0051272727288251005,0.0005768701867583551,0.001288367065796241,0.0035397463707430433,2.3610807304777146
11.031474191662586,-0.38804215296771816,10.959926659719107,0.23535481426520227,0.004711593115470702,0.001122372069476275,0.0012116747683960437,0.003733691817388385,2.3239965178079762
11.011759422710401,-0.38044474744113327,10.959897852356367,0.23526423910574926,0.0028547728068567574,0.0018154528727681845,0.001163355708697467,0.0019906706505419427,1.8144568520009305
11.049019270124546,-0.39651774228242265,10.959982646392325,0.23543868727724104,0.005772214945518921,0.0008496068274496502,0.0015907687249172334,0.008897686725938369,-1.1307270077783678
11.032108055760256,-0.3856372097030849,10.959893931390969,0.2353573986397775,0.0028001127873445207,0.002118748057693794,0.0011187894281772584,0.0020552968569943274,0.6784478865520929
11.01842739650195,-0.38363233180515144,10.95999879575691,0.2352887624758609,0.003349908036409477,0.0016892812350826284,0.0011479005934227674,0.0021405237004457046,2.2426943727046855
11.048414291631886,-0.389834898939106,10.959905936441064,0.23544026091099654,0.00540567361790509,0.0007976842748162478,0.0013559546738428304,0.006024644657943393,-0.683424077462264
11.054127330177595,-0.400339249110607,10.959954552487904,0.23545934298744545,0.005881279331138212,0.0008324324805452265,0.0015360441209334667,0.010029662931631614,1.058310142620895
11.02734235440398,-0.38790981665841945,10.959972882885673,0.23533271886677398,0.0037651543174553165,0.0007723035961525859,0.0010607062044080107,0.001931125681199169,2.043775248574291
11.031763049809756,-0.39093679568917783,10.959846108328552,0.23535122188832058,0.003506245675612306,0.0012723128474048109,0.0010548066778791657,0.0018592879028829317,0.5337740301532939
11.05526653865488,-0.41252110760520033,10.959958531503323,0.2354420763820602,0.005906639055465442,0.0006982087107727622,0.00212480656784747,0.02553219220208534,-0.06337645904406779
11.021679378368306,-0.39045428566345697,10.959983433850173,0.2353024442539656,0.0031640727932135595,0.0006126228948322565,0.0010662280661477446,0.0016306787808845183,0.10574454538226347
11.021449834750479,-0.3874502457836372,10.959887968089365,0.23530573435898633,0.00213558174872181,0.0021384859131380494,0.0011704005954408202,0.001937182296089889,-0.6671012771921384
11.055247261764059,-0.41444040558464124,10.95994078392241,0.23544162513950684,0.005893664196085213,0.0006531966564752975,0.002454409589561576,0.026771200923778257,0.18989716130678075
11.023946631794441,-0.3875389147758768,10.960025660507025,0.23531480000748495,0.003907074505562542,0.0009374022991204261,0.0010735817155674869,0.0019739108515031633,2.2160126323200955
11.024824004764824,-0.3863992164809867,10.959944022120334,0.23531796800412214,0.0032178313521743296,0.0015643380472435443,0.0011239629474088671,0.0019494774111786018,0.7226791256329663
11.024551797937898,-0.3834318372347339,10.959916234972386,0.23531953180527163,0.0033379158555083147,0.0014963932774848892,0.0010884345389277172,0.0019743235438103132,1.3720019625132527
11.047370360700485,-0.38881289770346067,10.95991341591311,0.23543760683771345,0.005554326677192659,0.0010097426180634226,0.0014395550128089261,0.006281320179620993,1.9568032744748183
11.027070100345878,-0.3861567627568552,10.959877740007016,0.23533390996401024,0.004386039916704504,0.001141525816283548,0.0011294506847919516,0.002562734993443621,2.6945604707477835
11.018748041313623,-0.3914183315792061,10.95986009249788,0.23529373977700568,0.001974003657423426,0.002011294179556656,0.0011329316690007686,0.001964209582236677,0.0354822125356761
11.02674769321669,-0.388310178281346,10.95988188507225,0.23532912932740324,0.0034366273656951944,0.0012605861030223315,0.0010981416495115088,0.0019607006434983172,0.9450132391064839
11.028160187729643,-0.3858372838468967,10.959909695043986,0.2353409148562947,0.0034636035675525405,0.0016597633598721573,0.001057267626152425,0.0022398345458125046,-0.12147539844588301
11.024498144165626,-0.3838056454007074,10.959900900681081,0.2353231918394443,0.0023853693900709265,0.0023365175434493144,0.0011583715898396726,0.002074153697335577,0.5839131198082719
11.025746559878234,-0.3885678023760983,10.95988528341568,0.23532509046188912,0.004505020146109404,0.001124261805745647,0.0012375464862754224,0.003270497497295832,-0.5288142154002414
11.047886699221356,-0.40143807104647095,10.95998886664553,0.23542203078901475,0.005400010388571768,0.0008634558945812063,0.0016702863012843883,0.008974295578660859,-1.0093793157122513
11.028081638298241,-0.3877815249842401,10.960026011670234,0.23533833380387792,0.003822171169326064,0.0014798599945158616,0.0010841297816878016,0.0024593384892284335,2.131974344773932
11.014499631305524,-0.3843833337868073,10.959881922900328,0.235273646928233,0.0037286936645119025,0.0013495692310297618,0.001115819294751412,0.002196414661187148,2.2294508872818426
11.030212019622386,-0.3832436765833471,10.959917329575058,0.2353540718442147,0.0036389203948587875,0.0018285244305796704,0.0011695564300407883,0.002574491563397656,2.5397470183660213
11.036995462901878,-0.3864380787160213,10.95990444490453,0.23538146164765764,0.0046142834424413815,0.0013258309268790974,0.0012379599687621936,0.003230294524963929,2.4073875930896103
11.03446228892077,-0.39303336272110095,10.959990265776952,0.23536490719360653,0.0037399569111777383,0.001049953123588244,0.001052467024103599,0.0021429094467311756,1.134306611104408
11.021328205173281,-0.39069811709979235,10.959996667589454,0.23529962717225675,0.00258805170173533,0.002034856134426314,0.001179412582098238,0.0021969778711457546,-0.6871461750932417
11.013946376484174,-0.38436513490386864,10.960020752792198,0.2352695437567976,0.002030149442673862,0.0019076814987525172,0.0011724803840170248,0.0017479847389556618,-0.7962150461050105
11.034291139066587,-0.3933733226370429,10.960020981000671,0.2353603655323752,0.002975065937476127,0.001764757536422675,0.0011260149432933872,0.002510085396418461,0.03600506675168152
11.0041375779132,-0.38634498077189444,10.959978521713701,0.23522091084196908,0.0026937776922942116,0.0006503418572112538,0.0010938765101805295,0.0015644587667637615,-0.2502630385268442
11.030212554088473,-0.388346966381077,10.95989319761324,0.23534728161948698,0.003990307247751345,0.0012081522171068248,0.0010805027570298636,0.00229726523724126,-0.20994653291079124
11.021344017974153,-0.3891652118608524,10.960039876102638,0.2352979202289616,0.002933629182008064,0.0007914877811178686,0.0010981511032018278,0.0016112653875304263,-0.23870377098162762
11.01423167249119,-0.3879326688683706,10.95992162317944,0.23527313737061717,0.002587986027612474,0.0016879048742801407,0.0011107288329422083,0.0017616612653014714,-0.19633971910615866
11.05011089271157,-0.3874628997324197,10.959961152412312,0.23544963217737164,0.005248143180350498,0.0012813641803969555,0.0013586815660855095,0.004689617129668296,2.248134431255662
11.014696663989548,-0.3893457862534999,10.95991201668149,0.23526735199438017,0.003584075651777075,0.0006440681238804665,0.0010717067866392242,0.0017573566341476052,1.6652467519974976
11.001972283226651,-0.3846604264689044,10.959907599473357,0.23521100272895684,0.0031432490779610997,0.0005013124149976346,0.001097358684775652,0.0017492740068484384,-0.08858861546617089
11.054098153066779,-0.4118648518386183,10.959935257822972,0.23543584236190568,0.005789793780896329,0.0006906255499848591,0.004725401061210532,0.04719043295904045,-0.264733692741098
11.038065751639259,-0.3878476513880479,10.959914427674832,0.2353907281877357,0.005413071762316158,0.0007206112246375015,0.001341630033547495,0.004043140663232586,2.293077092122398
11.042835660771718,-0.38789538119525385,10.959991542838033,0.23541483453961012,0.005519009065371692,0.0009021910570532875,0.00145214960110252,0.005302155182325058,2.1005290076456555
11.019768296894412,-0.38634221814793746,10.959901459751867,0.23529771606923663,0.003410937705681802,0.001334176634323534,0.0010999705706787007,0.0019195526857671997,1.6038829657234006
11.025001309151396,-0.3861259079584846,10.95988444071609,0.23531926734159928,0.003675511747603955,0.0013407049806541632,0.001078436164952866,0.002000701133119728,2.0749301446091732
11.044874289885616,-0.3919494455778265,10.960000365996935,0.2354219701428159,0.005724790355975764,0.0006649962252106159,0.0014448016736461258,0.006549727597804564,1.870333102755176
11.029003159658387,-0.3843399075213688,10.95987978012892,0.23534514506910106,0.002901854727414889,0.0020044040253725326,0.0011382506500302386,0.0020672290529142965,0.587250183678602
11.045348090932075,-0.3937624408617659,10.95987458154352,0.23542795587622226,0.0059844005941149005,0.00045104761287261837,0.0016063900873835113,0.007380826033324339,1.7430043346491249
11.035488432368265,-0.39073103047385843,10.959956838132292,0.23537091587641057,0.004516883403312994,0.0009168668869055607,0.001086740307994163,0.002735727038080958,2.415437149348904
11.010346011503303,-0.3878732517298809,10.959977498676627,0.23524991396491232,0.0034247684046858225,0.0004180870475410048,0.0010831406896062974,0.0016852439897513125,1.5299485811841858
11.034241188812894,-0.38887895573366865,10.959906654307881,0.23536376954020619,0.003914314231996767,0.0012131993197459301,0.0010653771343443392,0.002171790316587843,1.4157656272304795
11.030106563749865,-0.3880134824276326,10.959975793162405,0.23534767321309127,0.0038201804414277687,0.0014182448542560226,0.0010741935867161624,0.002453467872727329,1.6506329324105848
11.025811413289494,-0.3847265413076103,10.959944395055555,0.23532914866809992,0.002175051341253315,0.0021688319290817117,0.0011295157292044366,0.0018582145290571013,-0.38622388879971314
11.02311786880575,-0.38562534322727066,10.960034879255781,0.23530907943862786,0.0025418456403036795,0.0016082765402465743,0.001148786290600474,0.0018234647475508503,-0.10902005444124366
11.019540473900053,-0.3886610401512374,10.959931158010747,0.23529264035560285,0.003094551226070365,0.0015781889065347272,0.0010935179173920428,0.001881051249112058,0.9725709777829724
11.009259614241508,-0.383674102369823,10.959834528647278,0.23524646931083038,0.0008458490388130097,0.0026190579469934122,0.0012411800749866976,0.0018189357122436836,-1.3538375802677018
11.032771356693488,-0.3942808742009896,10.959876435167457,0.2353568540052129,0.003516175757781772,0.0010874354737179554,0.0010548553054944658,0.002016974208602922,0.8289081464851329
11.047542094238215,-0.393036237666901,10.959901474780372,0.23543061095890452,0.005364377248833185,0.0008311094479864741,0.0014501390312921362,0.006369504112143442,1.9732809488263665
11.02991047851961,-0.3855060777916131,10.960024718573667,0.23535065409421352,0.0027183142055903576,0.002147538950822216,0.0011805253448773506,0.0022991913375382117,0.7375248187814606
11.038168945667264,-0.38803575727709066,10.9598298116617,0.23538892127812905,0.004559615713047555,0.0010035109537773039,0.001158584752122061,0.0029091752300094372,2.6820717343213025
11.028872276477253,-0.39359813674102007,10.96003697355649,0.23532888448874395,0.003989556780911503,0.0005915497849085899,0.0010451155199484978,0.0019758191074502086,1.4237942960907177
11.008294382894224,-0.388650472938582,10.960012423426745,0.23523216259012728,0.002570087841293886,0.001468786288845988,0.0011284018810608302,0.0016976517623531506,-0.6188399124695566
11.057523760659587,-0.409400716857092,10.959922657177332,0.2354560057493096,0.005656868093884752,0.0010699971598139809,0.004215390631204224,0.05547646688238351,0.18451867622586685
11.033026676785143,-0.38778125198656643,10.959957309744913,0.23536048807376392,0.004990899022719753,0.000965832437591004,0.0012471325961927252,0.0036320233458032097,2.3865466456565465
11.02439921863452,-0.38681502699390596,10.959948944149088,0.23531957712522109,0.0018189369753319757,0.0023852831800145026,0.0011528651240270324,0.0020554348991255445,-0.876458467495852
11.029611339045386,-0.38972922228833534,10.95989989584095,0.23534319206267285,0.004141496426280779,0.001139585295589244,0.001104628218900688,0.002300297368538772,2.319290215430722
10.99021514911937,-0.3854293858513461,10.960059131064018,0.23515020406618958,0.001999765421403884,0.0006566293963232835,0.0011284596550237688,0.0014423731081973123,-1.4066338995724528
11.048620980318487,-0.3930307568135223,10.959946466935127,0.23543890890418548,0.005944254706083437,0.0005363249360796178,0.0015800059354109568,0.006062556759104336,1.8456727369624115
11.031686547888187,-0.3878942647916031,10.95997803826976,0.23535651527292253,0.004589458868889363,0.0012692298080977532,0.0012564379517275815,0.003445792147166785,2.367950806954045
10.987331715970809,-0.37989826100142654,10.95976768593154,0.23514156280114826,0.002256689733294762,0.0012876748024014928,0.0011602483163134154,0.001661591337562868,0.16324626861025518
11.045398623079782,-0.3894342096017032,10.959851013818897,0.2354278342385767,0.005897373172508249,0.0005277323224202143,0.0016178090405889888,0.005837444900913479,1.9245578276102182
11.015351794059557,-0.3816791042935195,10.959979779012611,0.23527271078688428,0.001809832060889363,0.0023684481645702667,0.0011974845214638725,0.0019381978419555435,-0.7381782678588636
11.02320855759112,-0.3845254958820767,10.959942444502087,0.23531445972242127,0.003640348337973559,0.0016207815427362355,0.0011670963046872518,0.0024307726415724825,2.0205021252713937
11.048497420889982,-0.3938973349116615,10.95994971522346,0.23543658989831628,0.0057857064776157836,0.0008540862344995024,0.001733216200445964,0.008640152033990949,1.4016894958650181
11.05140102819838,-0.39273320344252527,10.959827881528783,0.23545503084344865,0.00583172962731148,0.000796678624090257,0.0015631158481039284,0.0069825646476389435,1.7306865151259727
11.05460621591495,-0.4109133305076467,10.959969761318925,0.23544088131113614,0.0057817508788105725,0.0007701342175966976,0.0032939127954218312,0.03227526866130351,0.009846053070934188
11.055809350926118,-0.4134095208117302,10.96000998365814,0.23544304195049118,0.005816737115538179,0.0008420807414229849,0.003065833544537852,0.03254654608571108,0.15955492510513825
11.02783097798196,-0.38467522587921915,10.959992279464693,0.23533274709545107,0.0033453021994018367,0.0017125419657380008,0.0011460788221300214,0.002224153384427834,1.6592281091804888
11.027620767885525,-0.3917787559269166,10.960062799993255,0.23532791167139694,0.0034797247468507098,0.0013834489470630825,0.0010483805316408262,0.0019992065989137484,0.9545185269889429
11.053044130852168,-0.3981720075737138,10.959914001728352,0.23545491266810276,0.005952200876590026,0.0007559070675987582,0.001666623205432029,0.008396664023552772,-0.9353339489556286
11.003214623763931,-0.3834661613422708,10.95987751173834,0.23521872072475591,0.0021053727462325097,0.001625743363058515,0.001154845275351142,0.0016461972970204393,-1.026224898686733
11.035994358999522,-0.38704632633395547,10.959917876377418,0.2353814741670492,0.004377861703941333,0.0014843178524351372,0.0011953107464976575,0.003043075682254698,2.6055177018259705
11.008895521147583,-0.38256592138244505,10.959899763048023,0.2352508946880795,0.0017548236021454908,0.0019539963695844173,0.0011558454418827474,0.0016860594188515682,-1.077375798287554
11.03155941162082,-0.3901317581290361,10.959843931290333,0.23535456300428467,0.004255727043369987,0.001012549185381475,0.0010709765175543522,0.002478242482698469,-0.2656649379547493
11.028383904090818,-0.3862326800640797,10.959967352572082,0.2353385117029623,0.0028017262093855025,0.0021041505212992563,0.0011542604709645216,0.0022012877686075722,0.661558558004636
11.030632090639651,-0.38001332118722736,10.95991312441251,0.2353589286492233,0.004210294191481353,0.001528876161282393,0.0012310634252781208,0.002945376547866748,2.6156424532705196
11.051278386786736,-0.40387862218113796,10.959935776240146,0.23543735824753426,0.0058366801495671715,0.0008634990790692802,0.0015939238213873465,0.01586746345748701,-0.9504255641142042
11.029602999631372,-0.39037779455584815,10.959936777454088,0.235340769826175,0.0033203878751363225,0.0013652248182271013,0.0010950269608695916,0.001986496447408903,0.5743771018318113
11.031837065173777,-0.38781318594594905,10.959878672445356,0.23535737257769504,0.003945436990941649,0.0015668562626985193,0.0011083817458705121,0.0023234368893672954,2.5792264965548957
11.025486206642231,-0.38585945699077495,10.959852656877699,0.23533090095679873,0.002662089066700863,0.0020793994351175904,0.001164456434343035,0.002412085703487491,0.615185993657249
11.02248475684147,-0.3825684426476013,10.960037349127582,0.2353059860755545,0.0030889051265933255,0.0019367191913853832,0.0011791920885899797,0.002170946476573429,1.6985595700306164
11.035364963567652,-0.3955011062188718,10.959883770010432,0.23536689283692613,0.0033357771838928157,0.0014260488631496061,0.0010615265300857202,0.0023951110180193552,-0.4277107932168281
11.014869092546864,-0.3864590175107703,10.959861628050028,0.23527194933876963,0.0030050123053662445,0.0016162116349837073,0.001116506314307312,0.0018688863668108178,0.9478020291048885
11.033717051343915,-0.3825720320455447,10.959998224827485,0.2353664615415504,0.00475694690886499,0.00104356126659567,0.0012364570998543184,0.0030919879034191113,2.5611341537880694
11.028554073262223,-0.38916145242903705,10.959969306410825,0.23533636979285832,0.0035640497158449585,0.001094520524622948,0.0010643559331235104,0.001858862773599031,1.6448503446467493
11.026737526672626,-0.3837675417135963,10.959920234489129,0.2353319907093195,0.003062071447696381,0.0017494911770035294,0.001108138342754797,0.0019653031311509827,1.1091826750149891
11.032203230586537,-0.3871119133293163,10.959974634373557,0.23535674521415803,0.00369686382085823,0.0016721648065691369,0.001093741210396206,0.0022418371772650538,2.1130240282019233
11.0543660077694,-0.41022824610561337,10.960002338790643,0.23543925684351338,0.00573130570907666,0.0009985088080592158,0.0034135421790797383,0.036570411788987824,0.17052520545203906
11.02618245316508,-0.38619117678189113,10.959851652119083,0.23532965924802043,0.0030682139598552354,0.001873871161072401,0.0011087748352433691,0.0020801656489212745,1.1679130978303536
11.028857304860274,-0.38937093966150554,10.959942840843386,0.23534184306134,0.0023487626348585575,0.002252328939737405,0.0011331669274592291,0.0023753145738553403,0.08957963959985304
11.022901848287075,-0.383030090676708,10.959978034852318,0.23531141059214736,0.003118418126827422,0.0018531830778720038,0.0011182968844810981,0.002076745062963401,1.817958563838787
11.023382844595975,-0.38487374294972443,10.959950800781405,0.23530883544418088,0.0038641073906969885,0.001294517623603467,0.0011387061091834927,0.002202960508399413,2.004049087173691
11.032275499307376,-0.3839588911379288,10.959998264513118,0.23536188655841467,0.005095205075567486,0.0007271886211632014,0.0013159748445575937,0.0038198244306852126,-0.7211701835323021
11.026744626278427,-0.38412787014240884,10.959862245087866,0.23533569654422098,0.003856436056383146,0.0013998190548294332,0.0011855872076806933,0.0027916570666145957,2.1560714422171947
11.041896046747741,-0.39186168349484474,10.95994262357991,0.23540191295681698,0.004262296948325622,0.0014484026615390548,0.001137567629438658,0.0028918809597377007,2.0611584660182545
11.025225825223176,-0.3881111720907952,10.959940636866344,0.2353231178752531,0.0030889215158144785,0.0010274232313058171,0.0011300544368970128,0.0018713170272033786,-0.532019928689122
11.031106841385608,-0.39279493663618054,10.959999630694897,0.23534535881767812,0.0033514702712862587,0.0012985822972980587,0.00100826911146186,0.002002842879225887,-0.048327907069009926
11.02373084122718,-0.3835144334555641,10.95997213435697,0.2353196746439823,0.0030490297147057685,0.0019191875286572568,0.0011300053729426654,0.002131343817348238,1.758922309566543
11.023811191530505,-0.391889959968645,10.959948816512881,0.2353138391982608,0.0029970651721842015,0.001298718811463215,0.0010432413759474618,0.0017990542891320822,-0.2448307480557357
11.03616684456127,-0.3861057967632158,10.959922221251034,0.23537974034107476,0.00515432052313265,0.0008039690489307148,0.00122162699497838,0.0033754855323559598,2.4933207878519963
11.032291978675765,-0.3916845658683584,10.959965180104676,0.23535231361273595,0.003734544378431613,0.0010633854041333262,0.0010622422793412248,0.0019547293721412806,0.7174919445134492
11.051371200101887,-0.39519500562737847,10.959967393593818,0.23545194103821065,0.0060102412560742065,0.00044117542422541535,0.0016859570911756403,0.00684591398637155,1.7737464741862838
11.037069133002056,-0.386276106459076,10.959998105298414,0.23538562048908088,0.004096018134125422,0.0016620122537848562,0.001143097916143586,0.003096967443133103,2.226018759086772
11.04674017648607,-0.3932092683528985,10.959930508810526,0.235430315544399,0.005795025910212154,0.0005858076220891681,0.0015868685228226198,0.007791451580263095,-0.7511278057385088
11.026349472980968,-0.38852689071525975,10.95998361519055,0.23532509052262274,0.0030302808382604725,0.001482048665123447,0.0011307800392560071,0.0019623051103541613,0.3921018461132866
11.03456932090679,-0.38971103415817443,10.959995428405307,0.23536730925287389,0.004535361972092257,0.0009961992955030026,0.0011404326316081569,0.0030779508185851583,2.3999222717708744
11.01321115653472,-0.38600455348831225,10.959876903032107,0.23526770290091906,0.0017162151049906732,0.0021637246813123526,0.0011291210255238967,0.001748006928942687,0.05497139799991504
11.015208833072366,-0.38628607309657,10.959972903081205,0.2352722034015092,0.002710586894078883,0.0015430341744751795,0.0010984676029001132,0.0017316849061801355,0.2150968638874012
11.025423894494805,-0.38920050529982453,10.959899450616263,0.23532506631158304,0.0032702619871631707,0.001510474157134082,0.001058061996026258,0.0020749111116083437,-0.0914352859054544
11.024284068602105,-0.386232693929184,10.960062623073167,0.2353116742651744,0.0028608781380310313,0.0015304391523062251,0.0011270486984435127,0.001957701662971495,-0.18702586679712463
10.995133425580915,-0.3882230657076383,10.959912269296424,0.23517466769384485,0.0026914676595512564,0.0010650235544647183,0.0011295291239126954,0.0016984098843001812,-0.10156809527285778
11.005190739291704,-0.3836025695097762,10.95992996733826,0.23522620103668523,0.002849239814031688,0.0012636046484134226,0.001123250561787031,0.001773640345912052,0.8948506572954438
11.01029501087345,-0.38400117012617085,10.959875086341711,0.23525598443071258,0.00174896495600193,0.0021630984534656006,0.0011520155639613105,0.0017868450919678682,-1.1108951087609997
11.01795573783794,-0.3825088499113872,10.959908541961415,0.23528945022850747,0.002544801364421607,0.0019845302686483956,0.0011642054419001165,0.0019405492180355022,0.41614565883085186
11.051091029205635,-0.3984618377946241,10.95990228210778,0.23544391004672535,0.005715614852650051,0.0008173994409655342,0.0016211640996918592,0.010110961456865316,1.5063618567919088
11.038064970406534,-0.3901340303488817,10.959869070622775,0.2353880143982185,0.004068100463160959,0.0014403189771635967,0.0010456015563320494,0.00274548116382348,-0.23683726838605354
11.056095784494008,-0.4127879061924584,10.95997116788819,0.2354437845961258,0.005898342013512575,0.0006813200336844645,0.0028629849649461033,0.03393940837191731,0.11553726189968183
11.034206373044022,-0.38640693439695784,10.959925152248402,0.23536740209250004,0.003172816034826687,0.0019922215868816394,0.00110885294518052,0.002147669817232276,1.3670879223811123
10.98890366159689,-0.38272936072159225,10.95983512243147,0.23515621251741617,0.0018244587210260634,0.001001150302493987,0.001170664476583238,0.0014737883242078216,-1.6490933701174988
11.03628648954471,-0.3886344126045253,10.959955661430987,0.23537776051091225,0.005255066464454869,0.0007292371011986975,0.0013206916134163652,0.003862733563326379,2.3481330561221023
10.994609854475103,-0.3853708357649425,10.960002702715396,0.23516975057546677,0.0023159862242048087,0.0003615954448934821,0.0011389151336864225,0.0014742846172900066,-0.8858385213193236
11.053167338024378,-0.3946043065435381,10.959865404905946,0.23546233836822558,0.005893929225502749,0.0006643125550317313,0.0014638002474357753,0.007340899727019873,1.5946553466474058
11.028781053283623,-0.3854355340332509,10.96007682433192,0.23534058037856667,0.0029444203471888104,0.001819452073482201,0.001130591215660286,0.0019744823773454037,0.7400959347857639
11.029034771269568,-0.38707317669166713,10.959968004208019,0.23534159819283848,0.004229144623000639,0.0012410092133261215,0.0011790855729398332,0.0026370428659590007,2.20825627586456
10.991955084032579,-0.38868998514514147,10.959956028204143,0.23515786514121154,0.0023742187170712656,0.0008067297684724436,0.0011265494074814099,0.001501970021272924,-1.3681705022584765
11.050494239020495,-0.39087117303118446,10.959932054776077,0.2354508801443882,0.005701889211899679,0.0008183314569667814,0.0015045713650824266,0.007147225948006341,1.7698968962266355
11.021865872515365,-0.3847274514125546,10.959933242749633,0.23531026931564442,0.0027394059757224623,0.0020340959992804154,0.0011411913070538567,0.0020875745616440954,1.2260921708315737
11.02746011341276,-0.3921093725187203,10.960089646662404,0.2353245409877493,0.004152980952811885,0.0009773771827024152,0.0010586248417657823,0.0021012181586576857,2.4682270914735485
11.017747225762704,-0.3800562693718407,10.959853472179955,0.23528898047891517,0.002980841839435706,0.0016468439546456076,0.0011265639638763998,0.0019407240610821415,1.5713058869309608
11.030877829095266,-0.38354144131797074,10.959900786632858,0.23535180787031468,0.0029960765390701616,0.0018344348619990219,0.0011186230770398146,0.002030109880128983,0.621165675224885
11.05646405203923,-0.41089701046343424,10.95993386125061,0.23544763768650248,0.005750884569393378,0.0008869956516567379,0.0031653055298420615,0.03461249697942684,0.16620750392349642
11.02778161170837,-0.3866497146021227,10.959935746053727,0.23533446481931913,0.004803424111869014,0.000778030113517549,0.0011926139468048358,0.0029140043131654202,2.3241777755965134
11.02790535574926,-0.3871362731975319,10.959876419151085,0.23533650153512287,0.0032963963090107567,0.0018623702716864996,0.0011016306611676635,0.002140878548345984,1.594149849021066
11.024418016889488,-0.388062031782256,10.959872862744515,0.23531545927106118,0.0037880999189236885,0.0014834025102121555,0.0010918759186130745,0.002190033521643172,2.3095076969658477
