-0.2739470003767448,1.0739927887643916,0.00322274596968555,0.23533645063736292,0.003504764240729943,0.0006720995560646714,0.00102893397384617,0.001702955992637834,0.5669367292461884
-0.28337835993133004,1.0866120866517708,0.003410705262663682,0.23534812838437522,0.002531529940047574,0.00143823312104549,0.0010830910959232602,0.001684560156643572,-1.6269476034332346
-0.28094878661096806,1.0830013467631134,0.003185760011753558,0.23534527073746694,0.00324362765677604,0.001250287352200979,0.0010125006364124943,0.0016734569773274343,-0.5548980746519652
-0.2725332620803537,1.082505001592922,0.0028948151986321648,0.23532891450522964,0.001519424937402086,0.0020695912788774046,0.0010923561104070505,0.001571392861601309,-2.0164347949894137
-0.2979729953707157,1.1085568464285296,0.0028034531010229153,0.23535569496132,0.003241017736553471,0.0004957965685277678,0.001028219867398104,0.0015477648793137731,-2.1014538921744763
-0.31059513489653545,1.0923157891784334,0.0032729205187801186,0.23538851426039367,0.0028275632758188924,0.0015836922677528373,0.0010253149116864581,0.0017359570792780546,-1.4123722027374201
-0.3005260132697423,1.1185737312396309,0.0029538249794346595,0.23535771857389287,0.0028524268753643512,0.0018053282440568105,0.0010398252753991697,0.0017652741344286265,-1.8649326541615894
-0.2544316745823275,1.035830502935203,0.0029393954789984937,0.23530987679016743,0.0023572953344908726,0.0015423986426523605,0.001127313365431577,0.0015737118222918858,-1.1991446455163703
-0.32564799349107887,1.1028697403061085,0.0028354158198444597,0.23540503729143158,0.005076791005792073,0.0008425192769449511,0.001362962543449143,0.007979910440439754,-0.5995226235598067
-0.3360978356802389,1.1180803679838376,0.0024285184099284794,0.23540985643036716,0.005395490302692209,0.0007791637111132038,0.0023189406357828576,0.020669927228947362,1.218973575147659
-0.29956677897521555,1.1001411425816494,0.00308484058951573,0.2353743806940967,0.0035042446987803744,0.0012312952725302589,0.0009237555719363347,0.0018667495322055507,-0.18556807747293755
-0.28767398643070025,1.0924568264845402,0.002765394983278209,0.23534241078487503,0.0028706888361645765,0.0008029621278968557,0.0010843129524491723,0.0015878345413486267,-1.8058660505170367
-0.28360379270473646,1.0717014404213014,0.003186746214634169,0.23535687433541852,0.0033390815869515987,0.0007828302212525603,0.0011010190778240096,0.0017917321852838038,0.23034008549708035
-0.30086009582528006,1.0948169859621617,0.003277776864533756,0.23537540414560454,0.0030149109794528,0.0008723256915198459,0.0010297224399884331,0.0016706188344757342,-1.2622697194812431
-0.29734117921041037,1.0892234545906225,0.0032174872978977726,0.2353739873125818,0.0022756027617848833,0.001046029819836254,0.0010599539877088893,0.0015012138107700522,-1.8738374910472848
-0.295534817351985,1.1008178470182701,0.0022305464291351848,0.23535348969066905,0.0025747217055284775,0.0016072373390324563,0.001050316235856752,0.0016659137741785264,-1.8808795206027427
-0.3031025075761001,1.0932580746815448,0.002944334564136738,0.23536717013387357,0.0018905953548473532,0.0022714291321664997,0.0010622098070210378,0.0016735094637005737,-1.9480241139929257
-0.2946897289151377,1.076128366266614,0.0028707438548323428,0.2353678536653727,0.0022358720954362083,0.0012123012817072047,0.001066918849678901,0.0014917409331942058,-1.7047730109218975
-0.28677374157117547,1.1051784783309815,0.0033744628265523695,0.23535052318089483,0.002209199164963978,0.0015125983122052792,0.0011017697069698575,0.0016487606975951646,-1.9419710776751846
-0.26535649849016607,1.0649165089867167,0.0029817363150876487,0.2353238286751678,0.0022924540995336307,0.0017319958413739617,0.001087188107689933,0.0016203750465756896,-1.672846116353848
-0.304983311024282,1.111353643572315,0.002575937283884717,0.23536962297845693,0.003489730223255432,0.0007372379380671735,0.0010591667070971955,0.001748531142487433,-1.5262191146157007
-0.278010866682014,1.0798117339222153,0.002145820633238607,0.23533806206347205,0.0006147205899406634,0.002786762920612085,0.001199072580667416,0.0017795641481635584,-2.0661214814230444
-0.2810762415990835,1.0670495244423863,0.0027146945678394336,0.23534923228732194,0.0013494970405825847,0.0016980146569482955,0.0011507211180482395,0.001536762599246334,-1.8207553062963424
-0.2953141429394554,1.0957696854462704,0.0031584179798816703,0.23536172329491226,0.004198372812106769,0.0010092685706662306,0.0011583445486407777,0.0031694853475292203,0.004235825720080256
-0.2964628488086527,1.0880308479539706,0.0032194929414793376,0.235373805976608,0.002194918047286362,0.0016090953123112405,0.0010798189636567884,0.0016344267265220771,-1.643304363684517
-0.31698692450365723,1.0901426239185648,0.0031641285155754348,0.23540246475970927,0.003951004896622889,0.0005263768402824345,0.0010386469134498152,0.0019171141647256653,0.09217839869538741
-0.28950104182878633,1.0947045317796338,0.0036332391696897084,0.23536164886217897,0.0024604487163507323,0.0017258078281658837,0.0010068205280456652,0.0017060235531006181,-2.053820533009338
-0.24539015332192085,1.067853656017073,0.00328484892077744,0.2352951436404922,0.002221075430884133,0.0010878538092772237,0.0011132296804218552,0.001627984196045682,-1.3913457637648132
-0.26585456395219365,1.0556986382244886,0.003576044541566248,0.2353417965767636,0.0023856806246755806,0.000738228793649542,0.0011417374238458843,0.0016137882458037375,-1.5096937577260727
-0.3015976826658488,1.0865000110077336,0.0032429421283732274,0.235378209312537,0.0032938902340706594,0.001527691606837616,0.001006258217715263,0.0018005127245224364,-0.9724800472261826
-0.28572385641171016,1.0863891820486922,0.0026994121548053565,0.23534481286725806,0.0021300657602052802,0.0016667158635737505,0.001094590500920843,0.0016361620681533782,-1.7772492749834699
-0.2965636303842021,1.0961080903224125,0.003051945524698673,0.23536927784026676,0.0033137238564667467,0.0009989523065280512,0.0009880053464847206,0.0016892274212544185,0.006697784339181703
-0.2770542578248276,1.0829612912184399,0.0030374073492324322,0.23534633948510242,0.0016592468760755626,0.001798534575824852,0.001118450765670881,0.0015938944389009722,-2.085527967891925
-0.30152406146223953,1.1286251547735326,0.002564850728621989,0.23535926348246544,0.0010961964307120466,0.0022792159164170054,0.0010181720043817935,0.0015249608750043575,0.2857840454332983
-0.281621800171557,1.0800040477174533,0.0029400172760064083,0.23534123881610056,0.003467223941978974,0.0014961624093488676,0.001085454052329635,0.002942859288197643,0.1105083059365892
-0.2701392451151487,1.1002117229303523,0.003457632620716,0.23532633056202631,0.0011757140232497298,0.00182254881155416,0.0011447358283815856,0.0016541756342405426,-2.1534334503317476
-0.2818115125982723,1.073795502483027,0.003036343331612178,0.23535329060941,0.0030825078214361742,0.0008649446412911413,0.0010733996301674081,0.0017308013063117393,-0.7903930479019471
-0.3149752251704463,1.0883540676828947,0.003048093435988606,0.23539538693315873,0.0044368101208699506,0.0009835287411947941,0.0010945470255366817,0.0028501632074168183,1.373579111392793
-0.28020139501023167,1.0941596174750916,0.0031211662414460657,0.23534509286287486,0.0016956446588080524,0.0016785772855910947,0.0011054561706246866,0.0015036301350892702,-1.9941246990904826
-0.30459484305923595,1.1006724437478628,0.0029111154729876266,0.23537254552545162,0.0029838062403623024,0.0011242535727001531,0.0010309873989057764,0.0015941575570321278,-1.8967927726007772
-0.27575478484593263,1.1011122397933975,0.003149635658111315,0.2353352962299922,0.0022546575245058907,0.0016927457706494798,0.0010428997038639802,0.0015914909398704487,-2.1327192026773987
-0.2846224928403879,1.0864874576051577,0.00290938008080533,0.23535331205918048,0.0022159249836529826,0.001842733113156016,0.0011371022778262907,0.0018574140800134997,-2.0279873933219577
-0.2537316174890302,1.0635493178303501,0.003727098118412339,0.23532210010998986,0.0015448817175434076,0.0018153371748255345,0.001171124616982231,0.0016289815532406497,-2.1104502573244392
-0.31526360597939884,1.1060939112650616,0.002757639650041518,0.2353915242981065,0.002752023309381487,0.00047224762857799404,0.0010355411864486055,0.001612923520899195,-1.9409369260282205
-0.2819468373913709,1.0956898549551364,0.003057885258922913,0.2353425428009624,0.0025653170345338165,0.0015647200805027162,0.0010524043550662289,0.0017044104732200941,-2.102115501534047
-0.2854774301838973,1.068460722073353,0.002535529350080544,0.235342966407788,0.002922195839544291,0.0007256685433364539,0.0010349985743870983,0.0014687015935542762,-0.9939888261560406
-0.30601454749847407,1.0941494851814917,0.0030064308605295426,0.23538131169073873,0.0036961637499339016,0.001151709791119091,0.0010387427228424587,0.002007034573753657,0.058172836203502006
-0.3182348944186328,1.0995933424735491,0.0025608493875591016,0.2353941302735916,0.002762014242517771,0.0012298944908314786,0.0010660133774424859,0.0016420216573234713,-1.7669406384480415
-0.30775519389013295,1.1055826511066578,0.003413487906230264,0.23537563377395018,0.002640939788862247,0.0011015186799547506,0.0010477616161734269,0.0015829079466644841,-1.915964477507763
-0.3020426945560729,1.0857581833677559,0.0031034277439284034,0.23537461895557252,0.0025405712371640334,0.0016655549797936343,0.0010931222754368144,0.001678002988803644,-2.0687253449994785
-0.3137985876994274,1.1061311278535206,0.0032096657528619212,0.23539299879408934,0.004825336148761828,0.0007547599660350542,0.0011659874951170516,0.0034683591531572567,1.0478109896236028
-0.3405148247687285,1.1161270085317998,0.0029960160608424546,0.23541971620852922,0.005690894087717859,0.0006234988936647993,0.0019376051070340069,0.014697568875812892,0.4050619667983972
-0.25440535333864633,1.0736123859982367,0.0030663719110501503,0.23530827165407336,0.0016766800175916133,0.0019311620075905345,0.0011499354264276958,0.0016711667413932651,-2.1567313167050837
-0.28860856712643623,1.094073692907732,0.0026570520643798595,0.23535114965542778,0.0018519086372974368,0.0015009946312957842,0.0010909158860815402,0.001512697379706881,-2.0081097908156638
-0.26046020221582544,1.0630144152149343,0.0033845597273581764,0.2353254050529594,0.0014396330466271427,0.0016498895192618307,0.0011712078913519634,0.001580622741565073,-2.2548529381038325
-0.2761628494651146,1.066840334092101,0.0033815312589137573,0.2353422044459989,0.002645304405832539,0.0016620201537077706,0.0010474336166632493,0.0016352414385442037,-1.0743697612436196
-0.29136253202463336,1.0899697411701288,0.0030122535885728366,0.2353522186422505,0.0035807460910072973,0.001038082569488182,0.0010141121896359534,0.0017487704525016752,-1.0407958315742505
-0.2861284376613261,1.0873033800881065,0.003082450122042542,0.23535013814978992,0.0024376528322739197,0.0007542586089403767,0.0010820708577170234,0.001513146319963423,-1.5540548558523293
-0.2709589413184529,1.0930767176344733,0.003316779060579889,0.23532993698809654,0.0013788451615015151,0.002224746415413826,0.0011364002417341794,0.0016662983127306082,-2.2832186833804533
-0.2655689630724254,1.0756682603472334,0.002514550151009928,0.23532175578391085,0.0008506053215281705,0.00240755291373817,0.0011737077837667117,0.0016092836120547816,-2.1990493668323174
-0.2697515524033627,1.0904968042326517,0.003107358405754368,0.235325369289551,0.0010993053187637715,0.0016253412336982057,0.0010815587085178135,0.0014190861926141984,0.15333017751589142
-0.2578837095656585,1.0669227694122003,0.00281769269013228,0.235309023950449,0.0019369004737342234,0.0017343297234974969,0.001083550988692163,0.0015893723807327814,-2.0434746536207427
-0.30973974774136415,1.1153669437661518,0.0030141118409059945,0.23537841923596553,0.0030815854855246196,0.0014002270350607364,0.00103366040976882,0.0018393904541220518,0.05485395756610975
-0.2991780573236106,1.0925967165136796,0.0030429236253077777,0.23536744953173827,0.0023648026726639055,0.0011287937555660113,0.001107370919404191,0.0015664943533014533,-1.9711258430750096
-0.3095343030059119,1.1098186858014438,0.0029687034589466013,0.23538235021222972,0.0038427745944314244,0.001317535639811874,0.0012238279959506928,0.003607107515763677,-0.06348685666649229
-0.27424966371786497,1.0681871682840722,0.0026553016851157173,0.2353418871268131,0.0006567854377909924,0.0021900885905519044,0.0011907221694547933,0.0015697219006789449,-2.1394597041217445
-0.2731305458273711,1.089988944735177,0.003955567660669929,0.23533934495269118,0.0033282705907002872,0.0011078914425346786,0.0009755660055885058,0.0017085720788260728,0.00865172632693267
-0.2872725169168731,1.1171931062935332,0.002169320798059796,0.23532784456710673,0.0025833812648704186,0.0011087694027411142,0.0010479019179361426,0.0014937557736623035,-1.8852336118679918
-0.27192372172060875,1.0824363240356762,0.0031045942236799184,0.23533465935303008,0.0018100432552525024,0.001964173480899144,0.0010726087559757393,0.0015830629474265824,-1.8190929745005653
-0.27924900234329086,1.0755267146958483,0.0028981582951073956,0.23534697912737768,0.0010557137429482307,0.002199964186755586,0.001170039498312885,0.001579404654802571,-2.093373336867289
-0.2719899200397365,1.090971313432428,0.0030377269274494308,0.23533452523738962,0.0019783919891975528,0.001934946364883916,0.0011211267125967265,0.0016588379664982775,-2.0813521039033613
-0.26047219320980114,1.0766821511077154,0.003457063831948236,0.23531682214133876,0.0025367062943390125,0.0009202010986593596,0.0010801192720543476,0.0015130342752510675,-1.3585723808469994
-0.2717439572088197,1.0977020059522458,0.00344194028425769,0.23533215902460286,0.0011758770691507878,0.0016786293428487306,0.0012780018559446465,0.001864663361767388,-2.0440180015250826
-0.2732797828371044,1.1010589102809631,0.0030155907691647396,0.23532451100360424,0.002309298369250086,0.0011484334702587201,0.0010297361276228754,0.0015775291931295452,-1.8023149792068194
-0.2845152821604079,1.0633892005460133,0.0035878713195405297,0.23536293979398037,0.002462589645013496,0.0020229592405378175,0.0011130379272824332,0.001858636954013428,-1.6357959520183074
-0.2920249526813662,1.0853726898303455,0.0027748885797576677,0.23535924807166192,0.0023600035360815457,0.0019881509075769317,0.0011015186542850434,0.001810207737194687,-1.653826731349145
-0.2621385454071175,1.0813157726824631,0.003071474378151031,0.23532151696493447,0.0009490452221785594,0.0023029494179369076,0.0011423468335322487,0.0015567360936397684,-1.7896958248356174
-0.2741840705998217,1.0716108125943498,0.003031307365874094,0.23533209934771043,0.0018642032900503826,0.0016133709749669176,0.0011342224075221686,0.0015879523338278656,-1.793437881142336
-0.31080104120172813,1.106925704067511,0.0030751617648737246,0.23538156349798514,0.004051653067176644,0.0012002157683052251,0.0010955827588647216,0.0031263916266732915,0.07828453901316247
-0.24861982128657373,1.0272897238191512,0.00311937379969235,0.23528885381668868,0.0020381241805220184,0.0014476806773261884,0.001195714856217777,0.0014478704732489125,-1.3616817721552028
-0.26550493856913876,1.0813664660004572,0.0033881376542559986,0.23532915102953753,0.0023227282144671186,0.0004467173877255555,0.0010803416571143522,0.0014470422153034733,-1.2361198104351736
-0.3053960630594778,1.09829979095951,0.0029592547844390694,0.23537604462859976,0.00284072559107263,0.0011321571830453347,0.0010423107378786697,0.0016068671630515797,-1.163971948048197
-0.30828801376339504,1.1041172079022894,0.002879840528834741,0.235370902665405,0.004093358609708813,0.0007826316029907433,0.0009502745288496591,0.0018181353882248531,0.46328335737486215
-0.29020940449048277,1.0897236845246072,0.0028050553366319782,0.23535056968847215,0.000948754983230189,0.0020984536328938655,0.0010921109697779562,0.0014769162470724753,-2.126691926587535
-0.2529620499538455,1.0658280474943898,0.003038978508762536,0.2353121852457932,0.0010252120183152497,0.001729081015417219,0.0011823904637668322,0.0015067671621883422,-1.863398354278161
-0.30768813133065304,1.1098613509363984,0.002898841047376241,0.23536799764648517,0.002909997083839913,0.0010300713154461794,0.0010656428095551383,0.0016371099075998348,-1.4128582402223175
-0.2850356493589634,1.0892253401604906,0.0026023448372042126,0.2353512092604093,0.0009649513085610253,0.0017020871337203398,0.0011219831482953855,0.0014063433902537106,-2.146933251778174
-0.27363688763855676,1.0993893013650176,0.0027808478601765944,0.2353267059539337,0.0027294132666477624,0.001226467089378964,0.0010454267898694287,0.0016397513706437469,-1.6381351725547177
-0.31822333287312515,1.0882404218753217,0.002994430844229626,0.23539733064113313,0.003746194180560088,0.0010750677072427094,0.0010359599077362975,0.0018341568895002755,-0.2994344461482639
-0.27341444639760154,1.080168888908687,0.0032381987484229845,0.23533561270954312,0.0014202029672782251,0.0017854233744072391,0.0011234499237409122,0.0015643141301641625,-2.0014870034779273
-0.2685849981790853,1.0716995089005603,0.003007233908940005,0.23533367073910963,0.0016063922108608658,0.00109007875698554,0.0011357293134806091,0.0014863730441458146,-1.877258743507165
-0.27961315667888664,1.0792038680414646,0.003416389781700014,0.23534923797398147,0.0008663429187030434,0.00207712714116624,0.0011299026191287948,0.0014739007943244365,-2.095269567411852
-0.2953731186936438,1.0829267667066111,0.003136719791917612,0.2353666816537901,0.0030184444209812667,0.0014757973439389375,0.0010706922342443195,0.0018449833439437113,-1.1603745466764266
-0.34464844752524554,1.1175829606138992,0.0025837986954934727,0.2354249943913986,0.0031439060769658843,0.0009003039716722269,0.0011044101355644884,0.002174285215199892,-1.473849935307537
-0.2828378909643064,1.0911564652799173,0.0026297497127902103,0.23534601976419825,0.0024736214483877797,0.001390112495890848,0.0011243174089785397,0.0016817110362193134,-1.975951792128553
-0.2708662816976993,1.0514973337897484,0.0030982167854502886,0.23533762702916797,0.0024400950647728847,0.001650817305535144,0.0010987728120564729,0.0017168409514301043,-1.610256413978382
-0.3195508404147154,1.1071326650649527,0.0030403177034637975,0.23539341366729985,0.005400506996818866,0.0003703182566209585,0.0014228608801118991,0.006557846056318117,1.349335807143173
-0.3043111306203158,1.0822000341065923,0.0028353522007805187,0.2353747643912133,0.0032414404592551464,0.0011563110139344616,0.0010389404525669313,0.001694670003219131,-1.1065169643358574
-0.2969783384060881,1.095861994201913,0.00275061459601506,0.23535975348876634,0.0038980422669987105,0.000587413914377949,0.0010176971419816468,0.0018149389799711972,-0.08003791531860434
-0.29600039538341,1.0983381010938038,0.002889937806914921,0.23536414305178352,0.003239365045898138,0.0010824323882691353,0.00099443865291163,0.0017097019290985668,-1.227703289801522
-0.27960075199326995,1.1054215234456466,0.0030888287771592025,0.23534052159803856,0.0028834642252521226,0.0008369717494412644,0.0010357618301162776,0.0015725650707964706,-2.082546495171291
-0.26027341226031847,1.115837918706601,0.00355480463906119,0.23531288206631665,0.0005461271527511027,0.0014386965350765613,0.0011836409335716407,0.001709956635919317,0.19214489164135173
-0.29512958940082057,1.085307304305416,0.0031831458510661863,0.23536726704536318,0.002957885815478138,0.001276047117114307,0.0010151165771010795,0.0016723762345918433,0.03607133612175349
-0.28999741899832293,1.0931585000358257,0.003498256714976395,0.23535778363783938,0.0018935388818376686,0.002079622360763769,0.001095841848313121,0.0016037038667002905,-1.8430932501686959
-0.291605374302972,1.1067251888855973,0.0027214641556665463,0.23534835262154774,0.002938995884862098,0.0007985237174854795,0.001033325239784284,0.0015801877807802443,-1.8720963579873753
-0.26472260567280387,1.0767482788423863,0.0036922798726163318,0.2353278244337405,0.002372412500659434,0.0012821894294518209,0.001063591205039999,0.0014728187905956142,-1.9055652977520583
-0.28566222588111895,1.0707846665237097,0.003006934614235234,0.2353546370981832,0.001984703770820306,0.0009139498627651253,0.001144894429133508,0.0015060021238063102,-1.7154911789746472
-0.32113665742491987,1.105361253587306,0.0027264488061257146,0.23539558498135899,0.005194258545692132,0.0007321034118925514,0.001421671323224452,0.006924294902699856,1.6367092462060235
-0.3394810323118239,1.1201771732037127,0.0028265139892632873,0.23542142161877458,0.005699479159835859,0.0005916749253965301,0.001607718921982703,0.01244759014487415,0.1674312168243118
-0.3111877932942848,1.0916175442406082,0.0027159385828765185,0.2353841981890236,0.003981063011893543,0.001273892393628385,0.0013632653433503271,0.0060922775108377715,0.22390544697237516
-0.31473441100194066,1.1089209997390979,0.0025093741636496437,0.23538512255998179,0.003493926782695919,0.0005092059928771607,0.0011378283808662654,0.0022893754532815973,-1.4013398144113223
-0.271649368700671,1.0851049042733494,0.003152433340373729,0.23532904156547682,0.002259749268118502,0.0018767677118790218,0.0010366061201166398,0.0016619419355862561,-1.933571691077909
-0.3084228954403844,1.093063904454327,0.0028455852310100248,0.2353810969736232,0.004098885580245603,0.0006960593328240246,0.0009912055558726704,0.0018549946444985392,0.5078656104043596
-0.2774543343697754,1.0963681745831544,0.0027542349989973587,0.2353294094324026,0.001564274318932321,0.0018926236596997156,0.0010868725095358684,0.0015156542737649692,-1.6691463891401044
-0.35245440216830387,1.1297904195678876,0.00261084777422849,0.23543834740754946,0.005761740408792561,0.0006943023212884403,0.0017001419021961367,0.01046724221236487,1.2651445375407044
-0.30313152599991405,1.0968913868889258,0.0028863669690359045,0.23537028480819364,0.004597699904268503,0.00046905554860621163,0.0010191930964460075,0.0022842368462684505,1.7325849793755792
-0.3350569396394069,1.1081103213029315,0.002731650821162112,0.2354198350213314,0.0019244143258458175,0.0021973621293382246,0.0011692416189841126,0.0025360210014844474,-1.956405429568296
-0.29662440143862573,1.0984944251075304,0.003464427672255885,0.23536553074695157,0.002995027493062875,0.0009941012934114113,0.001037715435927535,0.0016225331496256554,-1.5797849958934373
-0.28855027338339073,1.085896361800376,0.0028888443877850933,0.2353599511459043,0.0026322828780192594,0.0017982697962184676,0.0010520498101770947,0.0017038617672165575,-1.3498492959796444
-0.3021735187554793,1.0937032604515784,0.0027688189235527583,0.2353759053557439,0.003286460966421163,0.0008019658760112557,0.0010416519685078232,0.0016653995641750928,-1.2429439569370047
-0.1795652958331727,1.0011423326504023,0.003512910046857511,0.23521448533901645,0.0007251936517189105,0.0006807712106216354,0.0011900284353982345,0.0013419816211730174,0.04606906432435721
-0.28048283573180693,1.0786087529904118,0.003168590413567963,0.23534485486738002,0.0011627554025283664,0.0018623187155228779,0.001116318238365471,0.0014895409434158467,-2.1001213485973316
-0.2805347734867729,1.0781721356240679,0.0031287431957726444,0.2353459932871879,0.002083965363963518,0.0020322072322953985,0.001066442002290535,0.0016719145531670242,-1.9047911715494277
-0.3037905765495655,1.0900248415631923,0.0029772520516010287,0.23536995187455942,0.004482117247929035,0.000778467089787722,0.0010147539516375953,0.0024724388612992077,0.9368037670584284
-0.3126507798725459,1.0882849191562403,0.002608770627699613,0.2353861289113794,0.003003665113643627,0.0009581981619002406,0.0010590048879844792,0.0016696968566369483,-1.5154619911057392
-0.3374450701725842,1.0864747548082516,0.002579938877858928,0.23542685741942102,0.005608299987580538,0.0006314660808999354,0.0014561250483295552,0.006378276261095719,1.965219523272734
-0.2791887458877859,1.094806437067364,0.0028355547968891325,0.2353287955159723,0.0014846132388396508,0.0014104621281585967,0.0011096527342938293,0.0014428979654765297,-2.353395377455988
-0.33537836362482826,1.1046515955615712,0.0030414258394979334,0.23542121611478112,0.005610301583272066,0.0007658918771561001,0.0015982777264437098,0.009547451739015079,1.3959828266784964
-0.2732305002660384,1.0903546436394411,0.003593793398315833,0.23533780892325254,0.002440698541080607,0.0009418496846105469,0.0010001817976156605,0.0014640526684234698,0.06742680957076715
-0.31377045180540203,1.098542035522937,0.0028490492928315973,0.23539194572963706,0.002786261193114938,0.001098038418278872,0.0010536599148120622,0.0016785329320273465,-1.300469636112803
-0.35375635839465114,1.139305834062089,0.0030150036467787296,0.2354398569535179,0.005723138395147721,0.0007320984790393188,0.002309723881124009,0.023118976396502854,0.6520263977515662
-0.3160869908607114,1.0952014600963464,0.0029083921614276188,0.23539103750948723,0.004239588013717489,0.000994418372938398,0.00116024750692122,0.003279380635076302,0.10186534468361837
-0.3209234731801726,1.11848429132855,0.002705331116582873,0.2353952378459163,0.004663281103801399,0.0007945670131254711,0.001171067675977645,0.004373807658659395,-0.5907759589927131
-0.2886298093207141,1.0810578755597982,0.0030130751371982138,0.23535976639180844,0.001921581846816241,0.002095859985943966,0.0010584132346457417,0.0017162487412211377,-1.9759810755354288
-0.3302694904890313,1.0893961923981315,0.002625949508763259,0.2354153457752905,0.005673988143444774,0.00056935858083854,0.0013950762545067309,0.005526050482672838,0.30303289569553077
-0.2775971172571492,1.0819568169764253,0.002686679808906233,0.23533638984437044,0.002604833066969237,0.0008814962169738641,0.0011125307775277495,0.0016234353681545027,-1.756776124071713
-0.33079491689942414,1.0922652295718434,0.0028487028403059054,0.2354185842703175,0.005374647263082308,0.0006745364704835084,0.0014428935169922708,0.006113321362792003,1.3111082831062058
-0.2806786846972613,1.090190943250606,0.0038443002946656727,0.23534790153258695,0.002333949169960711,0.0010345535099287142,0.0011266609398502764,0.0016068213905326963,-1.7675852411188149
-0.30828247880934256,1.0985781674778563,0.002722959040034525,0.23538125989852368,0.002208831132080317,0.0018415733617353277,0.001099290975672663,0.0018221321789821609,-2.0181242870223586
-0.3019300388194674,1.0944339053225896,0.0028695479263428783,0.2353713165267015,0.0026682863165463366,0.0016077103908230463,0.001022550684613316,0.0016634916627064158,0.061905256626849106
-0.3248448332542039,1.098708898514047,0.002694957701647532,0.23540084493240257,0.0030129834329510876,0.0013677544124026072,0.0010419408896456376,0.001762872666888047,-1.8333598013321408
-0.28305429254794295,1.084144781068864,0.003550346848973371,0.2353511776505912,0.0004795776659942933,0.002544529101783825,0.001145686700923387,0.0016232384084574796,-2.188144645621685
-0.2868372604866323,1.0730283630998811,0.0028764574155646003,0.23535670739992523,0.002452040465820536,0.001008057531020889,0.0011187742078467109,0.001563690571460807,-1.6603368342350644
-0.2922122317021158,1.088224970261031,0.003346480241324153,0.23536689721009044,0.0028031767539584526,0.0016111593259185294,0.0009837551036313286,0.0018242344217831003,0.018462629960802644
-0.2904073500709399,1.0888837370668807,0.003588532043565356,0.23536113267489675,0.0031964519337448977,0.0014003105276601511,0.0010100303384848839,0.001748596046893331,-0.694667791212995
-0.28698825823077195,1.100977854930521,0.00298328462023357,0.23534329580105634,0.0019045049558450604,0.0021548915559343384,0.001083653919332218,0.001647691573124994,-2.119024625720653
-0.30987820034309366,1.0934281756436166,0.00296919117899849,0.23538792249716436,0.004246371158009597,0.0009756417477595346,0.0009747406561421213,0.002105112512742755,1.1270137533670153
-0.3261262475687688,1.0936671288570885,0.002869655585720534,0.23540236169371964,0.004878542049669665,0.0008252805022061617,0.0013227110453151417,0.005535103900117532,1.0283396976671684
-0.2948817017768924,1.0838704904150562,0.0028711551637282382,0.23536468387722828,0.004171243542400545,0.0007978230160660912,0.0010925958863383716,0.0024158661096466325,1.440929406222022
-0.3316793053124919,1.1186248133592422,0.0027778064084907246,0.23540692038814487,0.005138730921456704,0.0007195921816915493,0.0024662120848209304,0.016889918526263727,1.0752650022453507
-0.3434445448446518,1.1264707211202512,0.0030146186066346355,0.23542876475367103,0.005680676688978249,0.0006446647513534659,0.001655334066641113,0.010392652408695545,0.5746907539399275
-0.3050201094846201,1.0848536264368487,0.0019763950743464905,0.235369711166043,0.0037192400558380334,0.0008778794126701878,0.0010255937653166122,0.0018600845822435415,-0.0485928648280119
-0.3454704829139436,1.1250116316383925,0.0026156634794604456,0.23542463584609882,0.005737559366194112,0.000549758471963757,0.0027247079471481184,0.028141321128979734,-0.732516591632457
-0.2978464451198948,1.0792275767142117,0.002945498152313667,0.2353662129630564,0.004219769495489717,0.0005870614695734593,0.0010269514075796084,0.0019506731671244558,1.1304226604736007
-0.3174456845506958,1.103686954009815,0.002928331654741378,0.235392089920371,0.0036676030529368938,0.001301302216826217,0.0010599861871152206,0.0027197156484202174,-0.5329060502831902
-0.29064921844721586,1.0946832026891544,0.003307408375482557,0.23535536254196496,0.0034851483946271903,0.000646215757247415,0.001022144793627142,0.0016685792319437375,-1.0929411732739458
-0.29591547402991697,1.0840095577912707,0.0031342890375892565,0.23536089897539317,0.0022558296854965068,0.001021951943854705,0.0010676209664044318,0.0014567978998585385,-1.971706243000938
-0.2743793652644431,1.0876652225968113,0.0035088420349916423,0.23533571639883372,0.0008390013318022865,0.0019359399625430462,0.0011340220592842086,0.0014696923847786322,-2.1970689694884142
-0.2837404380986717,1.0878692594127384,0.0036541195797184065,0.23535128796637234,0.0019487619692213612,0.0019061423306319342,0.001092621656376812,0.0016468167285767308,-2.150947650117799
-0.28667770808953613,1.0640330850543434,0.0031276868764660765,0.23536354386209626,0.0020875060624542473,0.0019938205517639825,0.001115066109927722,0.0017729091383370684,-1.6206767542421365
-0.2788637769217668,1.0825161552972513,0.003423329447433732,0.2353464098025951,0.0016221064725993656,0.0022465558065022824,0.0010285617811445881,0.001744099034375612,0.15262516539025822
-0.22751189508919262,1.087172524220878,0.0033110429384939606,0.23526480155632534,0.0019181542509675074,0.000624664262885175,0.0011546239589728517,0.0015151259842016052,-1.64023692160404
-0.2836959278060208,1.0927248859973053,0.0022086326124183386,0.23534172616183469,0.0011017628844816514,0.002182945440199897,0.001124344198105819,0.0015798188385005873,-1.8713798851990966
-0.29006382956366533,1.0854249112177703,0.0029842089244996716,0.23535871099454642,0.003495780878533727,0.0009762322933859255,0.000978102905375902,0.0016706515148076802,-0.3742626294583911
-0.2977864007605986,1.1061673428327663,0.0030799327521347114,0.23536381089324568,0.004238499939946059,0.0003767271960866529,0.000990875225774867,0.0020292518885698784,0.8951090083044214
-0.3394034891491563,1.1172496169075636,0.0024898247859627427,0.2354175559501852,0.005288787864882113,0.0008735367292095991,0.001452061079563099,0.008190956386164492,-0.14983436258503413
-0.27354184910524804,1.0813106100785257,0.002954845262339059,0.23533001340002163,0.0026608151062673794,0.0016087979431815118,0.0010340093475060552,0.0015871940592263518,-1.6004129060038361
-0.2828620360160924,1.078231846006996,0.0032610250854489564,0.23534708916528263,0.0024119626538340734,0.0017282591223787777,0.0010649744658662369,0.0016486269542454902,-1.7654702466255627
-0.30804520896166393,1.1043475809627061,0.00302217807598177,0.23537759880248077,0.004195282716734731,0.00109589070686895,0.0010572220765109345,0.002759032021591101,0.5435205396387522
-0.2863051355962214,1.091366145561693,0.003081819695978873,0.23534464290678872,0.0011857692631165899,0.002012121483250171,0.0011592481550443752,0.001603226470387551,-2.046205066850269
-0.2993888557003712,1.0941498132081273,0.0031775192395349025,0.2353646018242838,0.0034751009068040807,0.0009576306396516495,0.0009760694551288327,0.0016641570916679452,-0.6899817788729475
-0.3039722117444534,1.093997659582788,0.002828640397937074,0.23537379389147337,0.004876538468793229,0.0006796353877407748,0.0012531800763807526,0.004448977569588243,1.7327743565310247
-0.30064902887793965,1.0818780784785234,0.0030386314933411973,0.23537527395121463,0.0027311812170095857,0.00165030527544266,0.0010686630809378813,0.0016876732556975814,-1.760199522080418
-0.2975463920823996,1.0828827569220325,0.0030160803186272825,0.23536742968737417,0.0018570897253334445,0.0012604568641472157,0.0011113546269053583,0.0015150976345957524,-2.159511746021533
-0.22274489829377495,1.0888358029329406,0.0035262846633899894,0.2352559683953357,0.0008718074596700663,0.00162272499818263,0.0011411648642769387,0.0013984395283228594,-1.7533060411134285
-0.2784489198224172,1.0931993497945167,0.00315386371546308,0.23534268297523375,0.001448230065499372,0.0018818297362329516,0.0010911017993382988,0.001541623327194736,-2.089660881035776
-0.2765903738443268,1.1053810869912837,0.002542951418750006,0.23531876366697413,0.0006696970367690013,0.0024037141047156254,0.001108884651497217,0.0014839305051456725,-1.8967193127236277
-0.30834003565290297,1.0915882227662321,0.0025357773406795743,0.23537923045336312,0.003335676654119053,0.0007097580292164259,0.0009577266058548821,0.0015699478861181137,-1.2835718639486144
-0.3011053496853413,1.1105289811257555,0.0032106420037299917,0.23536791685192274,0.002971230359213248,0.0012958233281103767,0.0009532974533166099,0.0016230811532500946,0.084177233186793
-0.25875744896332425,1.0687740543395747,0.002730642568172478,0.23531141535625522,0.0011617016899667966,0.00207324891213068,0.0011244636441719701,0.001587182724510463,-1.9815231041796046
-0.28171959626337184,1.0796527852406717,0.002446505705536301,0.23534900691975613,0.001207432928686418,0.00180572173929843,0.0010955082188479537,0.0014874479315379705,-2.053477855545056
-0.2657626790039131,1.0816060209821294,0.002908983195641876,0.23532086095119265,0.0011618304741219988,0.0020924545814684998,0.0010944017587142597,0.0014960029794208506,-1.9640210002729728
-0.2943298088798535,1.0916733968739063,0.0027313384359277503,0.23536044911594042,0.002464546356763875,0.0015345935607264214,0.0010834281199774125,0.0016350198769225581,-2.0608425081953214
-0.29417796236601546,1.098135158400025,0.002816030538873369,0.2353518827965474,0.0030665484609755703,0.0014171576951710727,0.0009795258603583943,0.0016554790356323827,-1.1966831690933097
-0.3143803980901858,1.0975748900662816,0.002779957822108917,0.23539255568145104,0.005168136650484987,0.000807405717469356,0.0012306245387410017,0.004186703598027463,2.206796467489989
-0.293557501100232,1.0850487833749318,0.0022968909696769223,0.23535350920144563,0.0008259251600702198,0.002167322923673939,0.0011006139229410745,0.0014009824774276782,-2.0032884578507444
-0.25858561695399696,1.0896525556658967,0.003472283180831763,0.2353100165936363,0.000697320233654253,0.0022123722711302283,0.00107870250727008,0.0014788199557797083,-2.084552954940652
-0.3206508253619457,1.105591179810045,0.0026914347078026853,0.23539731678648976,0.005249441542900755,0.0005676563249650351,0.0014298098924222242,0.007662840614286614,1.5369850620659868
-0.3291029552066567,1.0984145382794728,0.0027072609309248233,0.23541528228230274,0.005616519102991652,0.0004968400862482914,0.0014012194192001923,0.005348580727841998,2.0415503983842846
-0.27741054048562624,1.1032217288289141,0.003557640117197489,0.23533847138427083,0.001471200069709687,0.0013501218319063979,0.0010233299804577325,0.0014681333603825694,0.1562664794629981
-0.2921504992522088,1.0849970877990036,0.003305213361624445,0.23536037496698198,0.0025925120014703147,0.001708514897114274,0.0010753596905208249,0.0017137077288179113,-1.9478650145693044
-0.2558991581519356,1.0736388413275617,0.0033155005673039463,0.23531119718418175,0.0011488309972017092,0.0016218537339201468,0.0011380820205313987,0.0015126640853452603,-1.9594324090534758
-0.3043779145258405,1.1076063317113771,0.002844751733511127,0.2353694746031948,0.0017746698438529218,0.001599819927531038,0.0010301778616502817,0.0015018600766980193,0.1611289656505451
-0.2986834884732764,1.0943459774197166,0.0033410514325643357,0.2353797444718309,0.0026350240718799166,0.0018698002796337042,0.001189089542091146,0.0021715905317689207,-1.7016873221666273
-0.24549962889883914,1.0636237359266982,0.0037185472809585242,0.23530674002817986,0.0009159598899374927,0.0016545146584368508,0.0011588708963154483,0.0014718404198359731,0.10318807877415813
-0.3023010571635613,1.0889455960566177,0.002821215938189756,0.23537566348339806,0.003831834383975859,0.0007354359983679879,0.0010438902728124014,0.001884301835762751,0.5386680539975017
-0.29915957753884037,1.0975887402393096,0.003092941083673344,0.23537106592693496,0.0029733083853085954,0.0014583743855222139,0.001032827729181955,0.0017420225344751275,-1.4142808968249831
-0.3587992096204307,1.1482279714982657,0.0025173117597176997,0.23543901794717756,0.005641178756371868,0.0007280569643804233,0.004466284081045433,0.05199781791795894,-0.2645381370833647
-0.30970182550275316,1.0826968781344424,0.002792349959189217,0.23538684821636516,0.0024951819014671366,0.001898771248625802,0.0010748446805475941,0.0017911055627898085,-1.5220238996882987
-0.3073486475662478,1.0978456091258328,0.002858274711755535,0.23538300703726675,0.004660062331355869,0.000697545719900184,0.0012896311232301325,0.004240456549885358,1.4728214456219206
