0.03882142773184747,0.042798130702188845,0.0021610557860349306,0.00016075514662748197,0.001027710191769064,0.00038288505000344455,0.0014054945282699935,0.0074509500296071176,1.907493842312998
0.0480079519952473,0.03996501988059832,0.002196689075741816,0.0001981934118242339,0.0007754227782765706,0.0005940348612936308,0.002084495407878168,0.012275398180928408,1.4096012960835291
0.03978308278845085,0.04263032038758615,0.0025205088772372367,0.0001636648485788241,0.0008321020204346509,0.0005878278243170239,0.0017018810416708663,0.010005574157945547,1.7261043560192513
0.04362098077761924,0.04138110518754739,0.0027816363370072876,0.00019648126872514015,0.0014198517006445872,0.0007722720775682763,0.0013047981588590362,0.006266520353419314,2.68259709288847
0.03453900531298072,0.04073802153037729,0.0022071248570678975,0.0001511312780124266,0.0006830932092524246,0.0003544121967956915,0.00032782326395525575,0.001492129219881998,2.4005699869268953
0.050890412652145285,0.040657084402991074,0.0026149763589470567,0.00022755689336643689,0.0011789167878059113,0.0004053318085465125,0.0010016306391770228,0.007146223575171958,2.5361465461887036
0.033588915148011406,0.03881401135315818,0.002174957923555591,0.00014716545296359582,0.0006883044318657278,0.0003418055751992928,0.00018571390603962107,0.0016672637972256646,0.26556240343361454
0.042932426211219274,0.04162924408791618,0.002242875917958444,0.0001881156071212283,0.001185703061202496,0.00040935507618048995,0.0003505676646448129,0.00197353453831171,2.6582671924670573
0.040725479141269,0.044374072108673134,0.002441708966006538,0.00017911574922708804,0.0005353094276688016,0.0002505584074597104,0.00030032730503182844,0.000682846902009369,2.858358360245038
0.045908785564544925,0.0381663579662878,0.0023451339291074074,0.0001907696200906213,0.0009314032609975404,0.000715355587917197,0.0017269974295516968,0.004080983017453568,1.8580570026594747
0.042261100814029263,0.04002649979814748,0.0025436516363190153,0.00018444518356912492,0.0008072094473751903,0.0006392810392173726,0.0015831969010936544,0.006629266266738569,2.0669530552295035
0.04961235339836837,0.04144807060362276,0.002302858107319991,0.0002155370629995591,0.0011178285101334702,0.0004522505445746695,0.0011579117709640174,0.009226007676145018,2.218490406125314
0.03694584732013769,0.036695694570560856,0.002184617908032811,0.00015939035750751803,0.0006665681084774606,0.00040950581377026656,0.000705164651369842,0.0038928845129340747,2.218843299357536
0.04467984622257425,0.04250347397952861,0.0025864615042201803,0.00018492409100249107,0.0008921340378211532,0.0005084468121882564,0.0016984497682009535,0.012387825656228554,1.3969404576039655
0.04315130423740673,0.04519489670697864,0.0024260343397019095,0.00018629640348887813,0.0013349390193452188,0.0006046584656395766,0.0007531765623070856,0.00797222481493466,2.34714570104654
0.04218849888734033,0.0437766714464176,0.002473290365220521,0.0001747591844105239,0.0005207542540670475,0.0005904158289055004,0.0005991594228311773,0.0013393333321550516,2.567934066371168
0.04072697336321807,0.037526431905165414,0.0024647569545802454,0.00017436160867331617,0.0006820728799880944,0.0005138057649511083,0.0022638342614256794,0.010560296233112068,1.7637727667055
0.04377054355883762,0.039854408599666435,0.002399567205250099,0.00018630201495543027,0.0006468711454076078,0.0005116722704101233,0.0003428178789237819,0.0013205274921214078,2.8752704866493057
0.03781147201928138,0.042887001409218854,0.0022895144863409357,0.00016362000655295225,0.0004479463714559244,0.0006472859340368873,0.0005202714266566627,0.0016705285081573852,2.680460136883566
0.03694562587977624,0.04244766541636468,0.0021984208139387154,0.00016499359669557614,0.000534564941157335,0.0003254884869909424,0.0003947347169258464,0.0008837379578160964,2.183005047701986
0.03669551649634085,0.03777230227553555,0.002957144503237765,0.00016160404153101664,0.0006586354686678044,0.00040462354161170466,0.0004648031419115479,0.001399323259631553,2.8871414536362754
0.03972109175805176,0.03849572561995644,0.0023743560625649114,0.00017018785386506527,0.0009583229717582041,0.0007361319048938144,0.0016441404170797172,0.010780915617650572,2.206211209264083
0.05046685665783851,0.04229219870907374,0.0025606020172589793,0.00022729733450522916,0.0010820179951501374,0.0004560131122482775,0.0017576796449740664,0.009126302829185345,1.5270046046718955
0.0332484606238623,0.043900741754263006,0.002477771108024016,0.00015263318549207014,0.0006521981493863903,0.00035201209116243537,0.00041040849770862796,0.0012989906101179996,1.5626918196001474
0.041508337157806774,0.04038398494072007,0.002522051543169225,0.00017696547893786654,0.0004663335290209482,0.0005060297157347293,0.0002671648668258143,0.0007938148153581594,2.5250713895352885
0.03566679409789508,0.04579514784345735,0.0026559572741264538,0.00015730845136732524,0.00021636201418110502,0.00035426602634755115,0.00040927916839057283,0.0009348241131058549,2.0596568487446345
0.03388575085778235,0.04060380699496628,0.002330681737951386,0.00014907924486942976,0.00045826887746870155,0.00029831665483024664,0.0003024821751313523,0.0009504305077707624,1.7780140545282872
0.033150746904656386,0.04035157753772654,0.002420209732021122,0.0001414596077553493,0.0007769905191646114,0.00027860670142094735,0.00026188173719425637,0.0008669409797777369,2.281894761021689
0.03719422086054725,0.04007474887816529,0.002525192201754086,0.00016194472907351144,0.000815009584255982,0.0006083344747949756,0.0009224064805240022,0.004268022177307358,2.2603957881085077
0.04208968070327183,0.03977201896653688,0.0025232187576092907,0.00017681223366511537,0.0008807635790536584,0.0006226747320864362,0.0018127439350478114,0.006960284582552709,1.7813189742477642
0.04338253080093608,0.03814905798619876,0.002348660198115087,0.00017868119504940388,0.0009279986328971245,0.0007773390336666985,0.0023373822755300352,0.013232526089074029,1.5526789240963597
0.04100774558439485,0.038270225680725495,0.00230703710676364,0.0001811933803721378,0.0012328997192881822,0.00045361845748646454,0.0003852795656043545,0.002870932917882293,2.8696879902376136
0.044673822668319964,0.038632952289806996,0.002196824532834618,0.0001920130742638985,0.0008354761905461844,0.0006019416191825568,0.001086794165326736,0.006365395220772686,1.1505362720048882
0.042114822197443946,0.0422068552841172,0.0023313470591833233,0.00018230499755930133,0.0011331783953322622,0.0005091775237191905,0.0006985498033455387,0.005447481750657511,2.638459301639855
0.03940642753050518,0.04569358372666334,0.00236136904514673,0.000167760808105599,0.0007128044412345471,0.0005555379577978626,0.0002983019651386449,0.0008346102310760158,2.2749768122709204
0.030859426474416373,0.040507483802845835,0.002704796553764175,0.000140757038193197,0.0007135706897239173,0.00025137478580647887,0.00017932255206161313,0.0008989278367174519,1.8530001501909112
0.0379863713278975,0.039780446196518965,0.0025548315255347833,0.00016751168903368155,0.00045839255725349726,0.0005495840510648892,0.0006064060786332005,0.0019617624860731007,2.6603893611127005
0.04323876762687386,0.040378511324834214,0.0024116315877008195,0.00018795511041449294,0.0007499946458471081,0.0004958067631401205,0.002049638480830237,0.012193186695921518,1.590039452310339
0.04850275978516091,0.03955737564806091,0.0023443724442285836,0.0002147584239169682,0.0006681958631776257,0.00043525809842956945,0.001735056386989762,0.005914615039975007,1.8424805582472499
0.04325095646897066,0.04032903970773994,0.0023285531538078785,0.0001848876182005143,0.0011379231439047571,0.0009280292511755143,0.0016053994541956871,0.006958022589962201,1.638037410852925
0.040879711025818846,0.04164691973232974,0.002648058579648122,0.0001833168545867107,0.0011203140976734412,0.0006963564536853228,0.0018370063135808037,0.01630402358628405,2.2460571982885917
0.04077297819024007,0.03905336584668262,0.0025974846662994745,0.00017373122745301158,0.0007731764700966948,0.0005776229678214069,0.001702540127290626,0.005681405914102084,1.5167092531816173
0.040934175002427964,0.037759831913438506,0.002326822284898872,0.00017126244017995896,0.0009330657468880402,0.0005138134897109637,0.0013725644684510231,0.0068710303121557,1.3201402229604582
0.03924787743956285,0.03774112650292797,0.002500446280927345,0.00016606093450430325,0.0008894842153401442,0.0008158977445267514,0.0028361691930994253,0.013295505472826123,1.7656391475584257
0.03923297944536507,0.03944657153773292,0.0023069045773147175,0.00017057692999467903,0.0005983089616655897,0.0004455633185065003,0.0018432473516422816,0.007768215311467277,1.7223659254855557
0.0457968918890732,0.04290289901446451,0.002188582082918642,0.00019625031913475565,0.0009407715616131304,0.000566266828653197,0.0004176558236334333,0.0022170088019169295,2.6116826618465807
0.045189350019716926,0.041974833890722714,0.0023504855970768916,0.00019657910665320848,0.0013175463549354894,0.0006163369227081345,0.0004262743998419275,0.0023752650468526586,2.680455692730254
0.041724177633686264,0.04026368232166288,0.00231360209795769,0.00017460062617040547,0.0009153888023820404,0.0007907993702153098,0.0015255217718380854,0.006655994616904991,1.3053618854901523
0.04631887367663635,0.039290236585215035,0.002270071519781978,0.00019501794418098691,0.0008798376312810346,0.0006759084554209281,0.0017740781552757446,0.0049653145592975225,1.4395672671177964
0.03713527936556943,0.045549161808685755,0.0023950176839436445,0.00016517596776107992,0.00030089517337780503,0.00038666575678811743,0.00030148338311256073,0.0007067493208052454,2.0799805204164814
0.03542948461402138,0.045827788067659476,0.002415637527577909,0.00015048313314270845,0.0006900043067076532,0.0003696753797077942,0.0004773548978175278,0.0012392995184107856,2.725223137950594
0.038968081108209526,0.04003780950151657,0.00250227533215963,0.0001641237161253565,0.0008712355581509756,0.0007343503350242017,0.0025097003271726944,0.018522379255809535,1.570202274737296
0.0401558542815334,0.0398749070495534,0.0025298468709289224,0.00017279111351853983,0.00038555050059844304,0.0004943011221169513,0.0003301505428326204,0.0007457745921600118,2.4352030842931756
0.03446434503935786,0.041973948462792655,0.002257923749225567,0.0001580430920480499,0.0004663010501818659,0.0006042307052721455,0.00035621040976919,0.0012455110092008984,2.842106215067619
0.03799156404564913,0.040468091564817794,0.0022677508542817463,0.0001584630701386858,0.0007580424355757439,0.0007302451649233815,0.0003563883963558968,0.0016291068668245765,2.546556441814357
0.03169602728703895,0.044758820620548666,0.0028605634215561585,0.0001375928021245692,0.0005743015572216326,0.0005572469905979159,0.0002770435474288397,0.0010485385735310951,1.9114884599196311
0.03747620535882202,0.04518601371025384,0.002370750617621876,0.00015289272372820772,0.0007238852172059303,0.0004945892946511514,0.0005207866022637924,0.0012660741779365345,1.8898156027103046
0.034805883611904016,0.03901467800866024,0.0023406875545152997,0.00016835641593847427,0.0005701628713183415,0.0005449883191272016,0.00037389008440471893,0.0011114473064379692,1.7366855007471753
0.028791145995420393,0.04747705319217577,0.0026769983707579884,0.00011718504098972286,0.00037700853328106695,0.00030496864613211935,0.00030671448267793395,0.0006754031995350923,2.0658028256197194
0.04333475111312435,0.03712976499617592,0.0021991632286356973,0.0001923350206761383,0.0003725288427669765,0.00033376358382620585,0.00021278801593249997,0.001005449249051335,0.2951195569206799
0.03348817857983009,0.0443325708126028,0.0026884660247954192,0.00014356549326295862,0.000344286034269846,0.00043679004472929405,0.000389167735204922,0.000935954547707105,1.6394625601234194
0.04199421342510706,0.0372192509227059,0.0022502253392796,0.00017729056766052702,0.0009160958353040549,0.0007879515946273116,0.0016538655647029016,0.005059190153632293,1.6036023661860157
0.038873540832334956,0.03962502087820852,0.0022581148711998374,0.0001625181120471846,0.0010173039498479009,0.0008156981278497027,0.002472689646985764,0.013818403461721404,1.820519076377362
0.04628244126869329,0.040696438505587226,0.002405771328545026,0.00020804583167337821,0.0010031833737634821,0.00047611664265997,0.0014256503723136095,0.007488578706558737,2.0276396213767183
0.038902746424995596,0.04082109981556203,0.002553413822118404,0.00017241549393466347,0.000789863060574805,0.0005840982622722036,0.0008542984711421103,0.004504319091958329,1.5313721129465792
0.043811411277702134,0.03879547472344623,0.0025843746869301234,0.0001893367854060876,0.001126109331440098,0.00062417700714861,0.0012581782175917022,0.006764536881909765,2.0041054740279463
0.03933068192696168,0.0437662269402841,0.002550794061787117,0.00015977536882278177,0.0004251374986271398,0.00038684015155701027,0.00030736514229854267,0.0006409041923051035,1.669000290164983
0.04303202129340223,0.04347121010694315,0.0023921098503249592,0.0001936047371404326,0.0008828675434823657,0.00037139555159184414,0.00033117169171443796,0.0010698433576209485,2.9309503278259648
0.04204713517349022,0.03852283228040439,0.0023238977712239993,0.000193487174062339,0.0009412135460084794,0.0003672109036648127,0.0005447878002761156,0.0038323341185525447,2.7933998362576875
0.031423534637074986,0.038703632671752815,0.002422894356493111,0.00013936663977645244,0.00045658549220097287,0.00044647916331427346,0.00034879555215624683,0.0011346139137278267,2.029466635557436
0.04236048028724766,0.04106408736052996,0.0027432319472344775,0.00018868509502988456,0.0006199572125476569,0.0008104845454267301,0.0005497915826466994,0.001644605783301492,2.785952886987459
0.040075857970311955,0.039306332838660675,0.0027409846357343533,0.00017856399672907343,0.0010691879426162028,0.00048294668537606536,0.0011297751072193054,0.00545385582330554,2.6412540129792506
0.036563081931651184,0.038841217062457314,0.0024093813546633954,0.00015709023018592712,0.0011119825458568043,0.0006181276022172669,0.0010618169431236982,0.007159622602196181,2.521036347923203
0.047386308876449575,0.04132462493574659,0.0027432058393878824,0.00020162437690727787,0.0009930762816146806,0.0005057911174982795,0.0016792673465257845,0.008431336810250245,2.180883843775585
0.03830121579903616,0.043229755893943414,0.0022469243436024603,0.00015894548121470097,0.00041148605547808347,0.0006116228297481515,0.0005042326591039827,0.0014294009259074548,2.1825515673728946
0.03862974173156315,0.03554972901606259,0.0023673716759910444,0.00017219406291920072,0.0006916234953226602,0.0005844140609962345,0.0016329726690654924,0.003080530520422536,1.1714722561747577
0.03966094106002594,0.03684824283523732,0.0021793941960051764,0.0001704479328753474,0.0008115644566629796,0.0006620359344173654,0.0015779663017945948,0.0073172456000821515,0.8370692283899883
0.04465822535728429,0.04125941653603917,0.0023729901725520787,0.00019308831474589296,0.0005459429659693418,0.00038730933011910774,0.0003446725575958996,0.0016402821716081555,2.6141721969564693
0.03504960492768349,0.04188079911494204,0.0025447521865175843,0.0001519976809516877,0.00044482889987425007,0.00048762450340280716,0.00041058657535868274,0.0020304243641668983,2.520329275220817
0.04250527983344732,0.041977468081821574,0.0025182815443154233,0.00018535922395586247,0.0005392115012775857,0.0005684203190193331,0.00047747270219426345,0.0014197425040524954,2.26265891939606
0.04742952704482353,0.04108189944867624,0.0023667388681858545,0.00020830730189384854,0.0007492840787018917,0.0006258676851313825,0.0014591509965651995,0.005953080006857906,1.6715413010350508
0.035611798171951974,0.037420931072112106,0.0024146034769590968,0.0001535634615132868,0.00038056938984029517,0.0003308927957087516,0.00026332247160876416,0.001187071966664118,2.0778232346404777
0.03670945249352367,0.03987619415714882,0.0024598312189542423,0.00014886221644280006,0.0002703793456008239,0.0004911827630923203,0.00023468403661157164,0.0010757114045195023,2.3714951198637744
0.04681034653145266,0.04178633775018207,0.0024033951263218935,0.00020407953868579974,0.001066814260991437,0.0005019207815855231,0.0006721173753993248,0.003949793584554528,1.882626283336047
0.0374700847484293,0.043819995934358306,0.0023606809203417637,0.00016212453734408726,0.0009412727014255814,0.0005071506991246339,0.0005364957829587017,0.0024134143510457238,2.6359050937584008
0.0365257173362599,0.04195469313497113,0.002405784715752039,0.00015622649408325576,0.000533906532934823,0.0005697262840074583,0.00030707480005817586,0.0009099026351504915,2.109932397480098
0.048364911460624944,0.044283164863196035,0.002660577739553323,0.00021291080846177893,0.001087125718730334,0.0004505504543945303,0.0005837539836495427,0.003904757122382739,2.6888891455090347
0.03660475824732752,0.04440096818846022,0.00314359707068541,0.00016091084368433163,0.0006686516325096268,0.000321455225138023,0.0018135159006214454,0.009530804318598488,1.674827529861834
0.04399615337696593,0.04163653001333807,0.0026670271899373265,0.00018842823333475764,0.0008513253787801674,0.0006226750002218202,0.0015320004782361186,0.009747661069590687,1.3608181519167195
0.04307492659440948,0.0410455204809006,0.0026930138448005517,0.00018725984834361544,0.0009893607863231152,0.0002804397348166803,0.00041674362186129533,0.0016157883720361143,2.8764540353634214
0.03486341483451222,0.044928894170352465,0.0025507122555060184,0.00015867908991262138,0.0002789490027903378,0.0004840777140795067,0.000318646406866002,0.0007354431833648871,1.8423297595194268
0.0414690099182116,0.03737163621532287,0.002274527142327405,0.00018009608448488657,0.0007224771556401237,0.0005315479789296708,0.0026344267960776067,0.014513141852517963,1.6224972890810148
0.033197815542839966,0.041951803626046794,0.0026069271911765427,0.0001415944814586196,0.0006303456797760051,0.0004450596888005406,0.00029797256989493975,0.0013339427115002548,2.665193141567303
0.0387376242307978,0.03936771621510637,0.002394560788138188,0.0001711852685195753,0.0009201758356565307,0.0005692208861835568,0.0009565591279820793,0.0056649025706693905,2.3814824979955382
0.04491833597237275,0.0404913505127565,0.002351832439519055,0.00019638887927848878,0.0006301260669562498,0.0003682032027911864,0.001642135944034996,0.0032570964041727583,1.4907482841715214
0.03880096652429342,0.04057978209128625,0.0026344298600584743,0.0001708693577780483,0.00042975865795883577,0.00032608871496910837,0.00022469578778361147,0.001230560547213564,2.7913645724112817
0.04159346781402166,0.041008867825276345,0.0028569383692271405,0.0001702988726781728,0.0009203986741153022,0.0007577098292942767,0.0019952170919501286,0.011476222342154705,1.3609868424924074
0.040438897804126316,0.04347909451693358,0.002202509414564901,0.00017420626166171437,0.0010134289476131674,0.0003779557611994922,0.00046087579938886854,0.0022246413876142877,2.731565832336891
0.03802598114272249,0.03920197497406913,0.002371342298620377,0.00016398981583387915,0.0007258127134204367,0.000596763805938476,0.0017120615730000922,0.006053432189643901,1.885791787460116
0.03737033224909503,0.04091988786852257,0.002356750892075279,0.00016328702500201359,0.00047556264943075555,0.0006611373456068083,0.0002487169030371445,0.002345781973053284,2.324593744378464
0.047523286509372833,0.040269644231298175,0.002338940213833711,0.0002071468641497533,0.0009169173297928346,0.000670820941311447,0.0007814037628523335,0.004256641808275572,1.6491506195418395
0.032739172169683216,0.040026918344681625,0.002566886874764952,0.00013506565784235198,0.0004496947471217614,0.00030913672570549597,0.00021868418824911491,0.0007339550407355029,1.6008678935229608
0.03523594662349377,0.038260896143721954,0.0023603404366845863,0.00015364958056416438,0.0004798340224300626,0.0006904279020874564,0.0002546111135322947,0.002376745871751464,0.38221285956447476
0.04849756923792228,0.04131220619527176,0.0024673663601676304,0.00021218314662813217,0.001148124362579235,0.00044065123783779207,0.001478860703705338,0.007691059136135043,1.6853644343296077
0.04514351897797261,0.03935179843394491,0.002216498399871403,0.00019587156504018526,0.0008588883467203481,0.0005497756964875195,0.0007781795369469558,0.010101769167186065,2.1232600372500876
0.03802699479010063,0.03905246115123464,0.0023158628244909648,0.00016126247483043706,0.0007892329264007748,0.0005873219468846204,0.001712587210243643,0.0030382032228434353,1.5226249041585045
0.03531691810360709,0.04006164131981953,0.0025344908574880696,0.000163041114896216,0.000697774695717484,0.0004193599818993892,0.0004959906190705398,0.0009357266052181742,2.784097410219076
0.032915960229626104,0.037301921241944966,0.002542392427786284,0.00015079564318136606,0.0005101839286936321,0.0004859539491152593,0.0002568387531662437,0.0013838092195012732,2.4395786651823492
0.03624224442720756,0.03903943992840344,0.0024908648565630017,0.00015941128059693556,0.00036661474487159753,0.0005402345958109147,0.0003363353953104675,0.0011334999686516173,2.7350638352617933
0.043306220912696314,0.043397051992762496,0.002221703670598162,0.00018830910278508066,0.0004654815355426124,0.00039664848485588,0.00036463726608936345,0.0011223888157478805,2.310607813428402
0.04421156179889995,0.04310488503041404,0.002473711035352447,0.00019349744241947323,0.0005383864611931378,0.00034312241674446024,0.0003468520582955191,0.0009238179481284241,2.6226669307900226
0.043764462235902336,0.0376492742665583,0.0027904271072097453,0.00018142935582882304,0.0007718120793694265,0.0005517059022498985,0.004409579220737833,0.01611036978883188,1.7986968234231515
0.04336253292656622,0.0406388676213233,0.0023237864588512977,0.00019193407097817396,0.0007728461136686033,0.0006947352118604801,0.0015170612163442217,0.005754791282242177,1.0905326249979925
0.04321884079185886,0.04043452414857834,0.002339952404788402,0.00018575586224154958,0.0008143379514097824,0.0006368037403838585,0.0016073830793867368,0.005659446903555683,2.1125406293160234
0.03935876317082822,0.04191058177508189,0.0023025541122135267,0.00016898569810705586,0.0010946859776726804,0.00065069127655006,0.0011965949402244363,0.005322364049908393,2.6739943334900875
0.039414677937066774,0.04510259161871553,0.002213105771454783,0.00017029835939783708,0.0007694831688340239,0.0005029543811017818,0.00057911697857144,0.0014175058107577581,2.673328659939446
0.04672776192988449,0.04137850071823441,0.0021931097071721884,0.00019492754206196526,0.000795232037302352,0.0005950464513055503,0.0018615113524434652,0.005788022996189764,1.6979051075719387
0.030865311381294145,0.03874878524899163,0.0026393913749456683,0.00014621160803408555,0.0006462741067335887,0.00024140812923820348,0.00029339530010942863,0.0006782688283387294,2.6837633495621143
0.03493972972602239,0.04122747498318476,0.002154183355492925,0.00015161522460874866,0.0008124145701077155,0.0004834716465308641,0.0006977568214738699,0.0025707949304569814,2.397359927638195
0.039487649050351716,0.04052383636112849,0.002513039307272771,0.00016950589119984634,0.0008054145966004593,0.0006282991172957858,0.0016793956453552896,0.007220926414578761,1.8800836824803366
0.03937042715270816,0.04128450729962319,0.002334661309150529,0.00017181509791197195,0.000960153340873956,0.0004888455551675655,0.00029249722711520605,0.0009343098326690468,2.820686786086139
0.047074287969739045,0.04352085394412912,0.002731511522477747,0.00021439428200290095,0.0008467457755608695,0.0006046764046305388,0.0003256625731378033,0.0008915586576118071,2.9353243325682588
0.03399971878430902,0.041079757376808385,0.0024019189692460535,0.000144838967923011,0.00041443165253942635,0.00035755255950906757,0.00035282155742534694,0.0010547058275181469,1.671338395610716
0.04527717436826492,0.040111781055002994,0.002241263502886766,0.0001933773303260081,0.0007396622573478143,0.0005473692097807254,0.00202340523063952,0.008715737913947525,1.5467289924490204
0.04214497435954734,0.03972320458525438,0.0024369940716291007,0.0001903004187490866,0.0007664805725403878,0.0005168367740454169,0.00040922215330400024,0.0012027782738803783,2.758535039495275
0.04338014930704076,0.04046139634376704,0.002364563315084784,0.00018972734027113735,0.0006916311029682489,0.00048499270719073366,0.0014478929982968236,0.004969876895585271,1.803317366515894
0.03421035533896348,0.04086406547175805,0.0023357568522517063,0.0001480330152435009,0.00031193570252007266,0.0003355720052264436,0.00048681138656847674,0.0010462567766920028,1.9834472736956592
0.03701554659476759,0.042736836502512796,0.0025040052123189234,0.00015708968919332693,0.0008194458509464109,0.0003485447660064694,0.0004973645031866975,0.0013894035114310065,2.1214924053613684
0.04583512782272599,0.04143773173269809,0.0026518781819040702,0.00020027144923911904,0.0011412181991790886,0.00043242049872108926,0.0005603993186079421,0.0037717725269349528,2.2641771723697284
0.04485859159214922,0.042945379877268854,0.0028187431490483165,0.00019798374692977762,0.0012528945771285197,0.0006501554076090014,0.00038989138871571165,0.0017591460921779212,2.403268977065533
0.041819618086674254,0.043710485428206436,0.0024733157260145647,0.00018081230987425874,0.0005399997965263367,0.0005890147735844577,0.000333476216082958,0.0011232603853468452,2.7889118790757754
0.03764053651105917,0.04030158073961981,0.0024312747081398486,0.00016326259379092359,0.0005109345428608217,0.00022877994535595712,0.00017427843453042557,0.0005784582020749627,0.19857512950363948
0.046336796730850324,0.04021548799177912,0.0021854314079663255,0.00019293488191467109,0.0012304080958289128,0.0010048677525261306,0.0018400126836703595,0.0075252991962022646,1.4011664490235116
0.035508188838868214,0.04564237556996432,0.0025213574181502593,0.00015270333991569427,0.00036367148891103864,0.0004999319713060986,0.00045668078645886504,0.0011538067221423896,2.251794863973389
0.04830710032463609,0.0431646961748831,0.0023679119809171035,0.00021027541240967613,0.0008299383027701686,0.0006023129276720009,0.001502980565537244,0.01075684333293128,1.9537370796498235
0.04605449344877292,0.046032542573114364,0.002755726988547377,0.00019829649170283428,0.0006671349458320827,0.0004056604025671764,0.002462152833186837,0.013108427436781568,1.7961601737045563
0.03620587328205212,0.041377362371093726,0.0026482258028373527,0.00015905150421261654,0.0005463317655340064,0.00034399369891037354,0.00022003021128615653,0.0010310510627589804,2.215260770808412
0.038150167982083656,0.040282277319810246,0.002600815026166561,0.0001642436663912098,0.0002840711557148219,0.0004043855192160022,0.00038487444435646834,0.0010127028787578793,2.1868627629857813
0.040507678896390474,0.038753702887269016,0.0024329395566519223,0.00017800747923658877,0.0007840686388412592,0.0006699524592576916,0.0011177470640226183,0.006377547329235152,1.2364334203796032
0.044270720880084886,0.04134026387561986,0.0023779619005357073,0.00020173551172896826,0.0010349735709168262,0.0003860778408332862,0.000545846908549044,0.0036933392849868795,2.694336778550308
0.03007240266667519,0.04255628362837652,0.0025192618519953368,0.00012794413597810232,0.0007518687908237878,0.0005410798028980928,0.0004949639107116916,0.0011196830440492222,1.890888837066266
0.03373526838213981,0.04044931095591111,0.0024503001207870027,0.0001487321930331532,0.0004688218637867716,0.0004555278542539649,0.00034325186566972534,0.0007678776068566494,2.108713274723975
0.04503636455241587,0.04294663907353156,0.002319982675779755,0.00018244701610160182,0.0010968118619587033,0.0008490812882637689,0.0017321724280440138,0.0031047146092472028,1.764025512810858
0.04279541000509627,0.041299791929257534,0.002601261699798242,0.00019835979892789091,0.0011539314976819705,0.0004802120856634929,0.0005849509976338816,0.002120277341827312,2.7831468361851837
0.03836789792410812,0.04049044200530671,0.0023128405433799543,0.00017515365052343866,0.00096029220865869,0.00045991172432144144,0.0004070180628862812,0.0021452228663186926,2.5127427067943247
0.03521494158287345,0.03987403725488892,0.0024845908967563715,0.00014362170574733947,0.0005063498953153361,0.00032303616073417783,0.0005513676629091364,0.0023157810419155637,2.3440185425181412
0.04317523354603707,0.04028028668117531,0.002520295501467368,0.00017507883069335233,0.0008583627903910841,0.0007207641472845209,0.0019714912903862126,0.009599466796191343,1.878802546933526
0.0334366384467484,0.03942711001703285,0.0026856801294064475,0.00014395465443248968,0.0004780302595170495,0.0003063227220117906,0.0003062091679229447,0.0010676108127799905,1.9330906257082152
0.04535379680634886,0.04163871444471043,0.002417941313511227,0.00020094708200198277,0.0007986483212300996,0.0005890390211351438,0.0017483876025260825,0.010865058631572362,1.7914022511112788
0.030472396048739765,0.041728255885930376,0.0023323981618396683,0.00013525038117953936,0.0004943164698142366,0.0006296526116757519,0.00044174658454771445,0.0012990226556969218,2.2063648770263082
0.03072653649462174,0.04208181215905731,0.0023789174913178258,0.00012367569716745873,0.00042287787599016295,0.00028812295194108925,0.0003072316219093936,0.0013021417164866852,2.024001071953309
0.03684704885553233,0.04354989599357978,0.0024380591833479638,0.00015167572274348508,0.00043483748399072075,0.00031849686250278326,0.00028406188121851835,0.000904667645585703,2.762067781878668
0.04613018759455829,0.04235796161449034,0.002577851893507591,0.00020376803334089814,0.0006661879194539374,0.0005218838919103802,0.0017203701434020213,0.004979646018466737,1.6546711583154299
0.04492743416174917,0.04064593072541277,0.002462106710750521,0.00019295073229049102,0.0009551323906197065,0.0007544427513379178,0.0013272219838164412,0.004978221794866048,1.7333136955378046
0.040965507451902874,0.038332021376143145,0.0024373573484072434,0.0001708279457498873,0.0007969436952344396,0.0005327897833771685,0.0016802845616385653,0.008072145029379092,2.209143169240025
0.036944218113768676,0.04479120326533619,0.0024483733500842613,0.00015428187124644102,0.00045874159917298535,0.0008578477220441808,0.0005312836395749304,0.0019485756390948319,0.6908229304021298
0.044167742779754215,0.04409201619570933,0.002613990051367095,0.00019334808979860253,0.0014165390085007204,0.0004097392117693652,0.0013016708553030961,0.011205221418927267,2.5048159161889254
0.03729649061221943,0.04124423871085925,0.002527243340357423,0.0001571999345179108,0.0008071923124148414,0.0005371119022583217,0.001641105822180595,0.0078093226924765835,2.212299194406864
0.0364495967599149,0.03873581033524897,0.00237881916809451,0.000154864398619593,0.0006814453205101672,0.0005418778709789233,0.0019383221974932584,0.007544535707247932,1.402940573895815
0.04457401415517012,0.042250842493502326,0.002308706070160132,0.00018318920528508873,0.00100635942553547,0.0008113749589761474,0.001966752630985786,0.009137935578173165,1.2566274470180934
0.039601292685587375,0.03934081106691105,0.0022471380663604346,0.00017746689723109054,0.0006360986108602547,0.000491890126611378,0.0003151324050460441,0.001355489537749482,2.830104296413132
0.038831988472851936,0.038523800174966094,0.0023431363487875596,0.00017056439040387565,0.0006731122239641237,0.0005078503170476327,0.001846744444036491,0.005257157350819693,1.4294418059069744
0.04385177811927102,0.04381677567130434,0.0021862359080357394,0.00018715340780157112,0.0009696266105510065,0.0003842920698248895,0.0005386866876675606,0.0030255474538862064,2.6480188713273924
0.027895574739098383,0.04055914610354215,0.0024102891531451527,0.00011059099995990345,0.0006215193567079636,0.0005775269058092636,0.0004548334682143606,0.001785610852071522,0.3920322170628455
0.04109605649520806,0.042269394551834115,0.002232016791921775,0.0001733608402789442,0.0009212857024018581,0.0007421771803207115,0.0016853382346253185,0.006520254787087266,1.2840335126569276
0.04318126233208104,0.045056103271229,0.0025929032152869408,0.00018098866802477415,0.000807043841948506,0.000550072547659651,0.0017093888017865756,0.004476693486463157,0.9931929338931899
0.037922509755199396,0.043080860338334005,0.002721251172894905,0.00016267966559540265,0.0007485661879540315,0.0004441192478463064,0.000830347337294031,0.002251895091782959,1.522024664612124
0.039336331446276476,0.0403082825286152,0.0022448025693029587,0.00016640343721029512,0.0007547963619258332,0.0006105733882929987,0.0005861626986626261,0.0019498646440481418,2.68340048424433
0.030983192858992734,0.04331062919233405,0.002366341731581842,0.00013650058754053837,0.0004227533978443041,0.0002974763385624531,0.0002835151979980595,0.0007270942292937468,1.8122411006550494
0.041705560453560886,0.04423628311479507,0.00231087598805146,0.0001869380558573732,0.0003382356439031106,0.0003193616401669825,0.0003386442713091177,0.0008939807923992188,2.72309968347314
0.031479266300644425,0.04167010240037808,0.0026001976226431487,0.00014075502167882795,0.0006568211919080901,0.0003378923040212495,0.00035788361459566595,0.0012352423623631177,1.6677263035598275
0.04270166953138742,0.04068802155391912,0.0022353223362092996,0.00018038056710283437,0.0007641308554852055,0.0006159112996882243,0.0016907611172240614,0.006543352907044637,1.4629775461421988
0.047514588053185564,0.040785207961324184,0.002512133745638227,0.00020211180223344034,0.0009534505208043929,0.0008749782945882676,0.0017208307065751589,0.006149013847726636,1.5399224671227638
0.0416954213097984,0.039227800229067813,0.002230529895111752,0.000182220232566651,0.0007687263035963722,0.000594687338341881,0.0016173876601527919,0.005337670045057278,1.277161524753234
0.04593198001682642,0.0394550859901115,0.0026160688579855407,0.00019689389091931574,0.0008584684920133951,0.0006246773903057201,0.001636700174405178,0.009973681795275916,1.6204526440122073
0.04364167203109324,0.04258728149587006,0.0022626660911929854,0.00018517804372562003,0.0011715560032383443,0.0009870262490552764,0.0015942809030239852,0.005474346279669429,1.7874528921728825
0.038191983409364916,0.038084210985118085,0.0023907564743106723,0.00016630358304125766,0.0005502368021775287,0.00039407574220441736,0.00037986592350184516,0.002901240499290121,0.49455191855670044
0.036291078138846924,0.04198223168782773,0.0023194591209176603,0.00014917001301904616,0.000604089617674315,0.000740882667735918,0.00045079432882109554,0.0013958523258117339,2.297269800369741
0.04125218539739135,0.04338381748012293,0.002598961430701848,0.00017845351760067417,0.0009636773300131042,0.0008367013370866591,0.0037616603393033523,0.013561498424088117,1.4608915627276962
0.03607533377119636,0.040754554956249654,0.002309275603150863,0.00015579171988048735,0.0005555067096014412,0.00026547924034952164,0.0002742486239950058,0.0009629959320758425,2.5179343152882168
0.029994336127270364,0.042197894471558105,0.0022296365759360837,0.00012942327431191293,0.0002670476748325543,0.0003805311566269665,0.00031056139625503014,0.0009791236544426556,1.7277977312659114
0.03943549492428325,0.03643372572193594,0.002337658382985844,0.00017784194289035282,0.0004918557812187312,0.00048484192256224206,0.00024882679420341685,0.001202802297185516,2.4021130753745363
0.03988651054071277,0.04210539345551724,0.002242305282813647,0.00017278737116122468,0.0011836268366118322,0.0007824161684899045,0.00047409877950660846,0.0025746601803419526,2.5721189846575276
0.046449827236139676,0.04262466120582257,0.002505285695889323,0.00019656078106317955,0.0010422597423053312,0.0008914774302078781,0.001333498691111171,0.0022535309118964916,1.6495287478273886
0.0394326538839338,0.03749595845868744,0.0024418364415026697,0.00017620038871000258,0.0007447290655950837,0.0007471557064609917,0.0018182294236730062,0.010070363173916224,1.0766426379830882
0.048013350765552146,0.04071982497650784,0.0022305423732796896,0.00020757983727044555,0.0011850145148231729,0.0007319748692902188,0.0014413158414806509,0.010990063937393216,1.3448783236783408
0.03894548816016249,0.04435290096914916,0.0026199306511022332,0.00017087648328865108,0.0007459440111220552,0.0006164715127408315,0.0016474349758367006,0.005880939607026027,1.5723143625889038
0.042819361278938595,0.04236389067236388,0.00250398551497017,0.00018978272244452715,0.0005399920935499266,0.00034189282783662954,0.00040277658003566135,0.0012730823490957764,2.8669892669881456
0.039080665534293166,0.0395775663915803,0.0023543078265826495,0.00016584719518418023,0.0007804619983530118,0.0005680459317233798,0.001301629685127889,0.00571167696011313,1.2831340712494372
0.04075642281126587,0.04401762834628685,0.0024848466901182644,0.00017684041270165163,0.0003123666789911637,0.00031261049894084014,0.00040904287602535835,0.0010190196165114362,1.9255651180417217
0.03902105220198938,0.04025564213096504,0.00227241205424403,0.0001670716886935869,0.00035213707681278945,0.0005516859046869459,0.0005586715058622354,0.0026633775468735783,2.515032530393556
0.03321314734203787,0.038090829075856376,0.0023826478139202583,0.00013687974145557165,0.0009347116623172502,0.00041248221155283383,0.00035689722695951955,0.0023639211664471162,0.539925553552106
0.043291238031266374,0.04364668157725267,0.0024502503306421354,0.00019393219576024592,0.0008479600204167195,0.0004617945261670989,0.0009118996418388617,0.0045772644138656485,2.71797463685701
0.04186246252440185,0.040182131387701506,0.0023624769956641215,0.0001796275667913839,0.0008559421744591553,0.000557054485751989,0.00219849810851689,0.015072761217505854,2.0254768927060205
0.04071953855145112,0.04563928187193741,0.002633639256483568,0.0001703239237947563,0.0004483490429296231,0.00036552435734234153,0.0004834827265546893,0.0015483026566408687,2.4601843452237087
0.03784905847505423,0.04565778570944592,0.0022829974608085967,0.00016103137596696317,0.0010724560973384423,0.0006541507942043097,0.0006306179930535242,0.0033225936645035897,1.0806569133876698
0.042841926974651084,0.043802644258966225,0.002718778071657688,0.00018182679025061075,0.0008073386911409229,0.0006418258861788441,0.0016114219833739732,0.006186588494391725,1.38050390247449
0.040702545246589845,0.03829656197241016,0.002307293397214189,0.0001716404851573948,0.0012739848261017644,0.0007785338856795171,0.0009482197049898046,0.004900591041736572,2.489571091953131
0.03636021049392572,0.040715843165879215,0.002371963032849044,0.00016175645712880783,0.0006162497906456408,0.0003185399819495319,0.0003533107889460074,0.0015383281357233816,2.6352929486658327
0.04364194123866718,0.04186454336411321,0.002284568909400601,0.0001899783379412311,0.0008483008575684494,0.0005215656867809806,0.0011744196725679108,0.005576288133389594,1.8847883523606614
0.046208399178198176,0.04127509665821916,0.0022586860552674163,0.00019436684208308478,0.0008426781851250319,0.0006097131903923258,0.0016856580356022666,0.007245973027257066,1.75565935878312
0.03336360829962369,0.04122307356893377,0.002329501217436595,0.000144371004071271,0.0003515193693662073,0.0004830800275122851,0.0003792723849980878,0.0012820635896173898,2.051589036275058
0.04555436215217955,0.04327329861823344,0.0025816757464005237,0.00021110544572725687,0.0012884599003929803,0.00047330037954273883,0.0005969760905081609,0.003950142959703652,2.68879621545523
0.04903605857491199,0.04324178514514847,0.0023586386999875724,0.00021082890893390626,0.0010966840293085687,0.0006653879062883186,0.0016436445075712477,0.008989752345949073,1.4147985368230247
0.04061038827823226,0.036949088435689455,0.0022908040197014675,0.00017996519032938808,0.0002782041981149184,0.00040366663822128545,0.00019310898803360276,0.0010276654763663464,0.26138420183695477
0.041677564999729834,0.0412799263596367,0.0022693709059649833,0.00018376957424727885,0.0006530524529197807,0.0005119258185699311,0.00025404541869385405,0.0007400959115985817,2.4452984258135615
0.04745149931326225,0.03697922401931235,0.0026341178122084837,0.0002201837713160468,0.0009414926725577861,0.0003358234597965205,0.0008799628287825753,0.005707428768639256,2.6282010798818582
0.04159948530175833,0.042553814140513714,0.0028381707234484102,0.00017071377295397534,0.0005468664268004587,0.0005117584191968071,0.00038718794998238935,0.0016401121658905402,2.801155971274839
0.031251591748457236,0.038115703418986055,0.0023109335371585536,0.0001364910479740726,0.000565728900246459,0.0004279394661137923,0.0002122471983196629,0.002240875674798408,1.9777045858350542
0.043673206786469104,0.04240253081256658,0.002750870246997609,0.0001885902591349064,0.0005637054199836236,0.00039361808409946815,0.0002981763525345548,0.0007811715578626868,2.5650799316283215
0.03728795125841425,0.04086563945722696,0.0021746465710594403,0.00016207352759025357,0.0010410475425936178,0.0005026207479821906,0.0011312119480828436,0.005225426899623862,2.6318909963894823
0.0384910872144365,0.0378416136319912,0.0021503014211259504,0.0001649187620983703,0.0004936719136494223,0.0004016485080935941,0.0002861421754321159,0.0013166240903776235,2.474152438530059
0.041773655593246785,0.04186343577033586,0.002667007919858268,0.0001835792502983865,0.0016937232212760895,0.0007793136669503083,0.0011335356907065772,0.006844600347245997,2.557154917359766
0.036415772619220674,0.04505179098770299,0.002864916110987672,0.00015204001511494558,0.0004198183544665975,0.00043031212268769396,0.00033565739042433425,0.0007304609570836323,1.96246948801765
0.04679681292596317,0.03939194052045946,0.0022899830303085523,0.00020046232462423263,0.001044640457588942,0.0008951958266532334,0.0015374171331624638,0.002232111113635664,0.5648384563672866
0.02870081241600752,0.04105785809886349,0.0026520779998974973,0.0001203295613717018,0.0005129782195505943,0.00027519942054334316,0.00031416213737149346,0.0010201145350675345,1.872519044282089
0.03768081305983922,0.04149524235778861,0.002402209708210398,0.00018029270670978902,0.0010104102751242183,0.0003607299951867138,0.00091599267251011,0.005840355549066849,2.4594318675652955
0.04165982236050876,0.04016718174904153,0.0023320485288252967,0.00018118175461953967,0.000818860429749835,0.0006955516917735515,0.0016206240792458215,0.00696828164236063,1.4345263580276424
0.03344807854980157,0.04208013737462486,0.002362108413588415,0.00013829244486468373,0.0007050511956692143,0.00030927729798400395,0.000376197223413173,0.0012056173893833207,2.1261329056998672
0.04148946504062474,0.0413955724717355,0.0024248266344807736,0.0001837683937547183,0.0009799188816929972,0.0006904141589319489,0.00047634065476110743,0.00261524091124487,2.771750488974284
0.035035515815560164,0.03889331084604518,0.0023296106377210524,0.00015033866879395562,0.0004652130673081363,0.0003722234679837214,0.0005447025595261756,0.0016087909264925016,2.8576646790161275
0.04315492421262867,0.04161425543837289,0.0022719953532434776,0.0001906501458444088,0.0010213285058803707,0.0003469759678315277,0.00044232276231194484,0.002305738968007211,2.670747813388664
0.0375401935703973,0.044288596681189674,0.002301598387638227,0.00016674599686539748,0.0005074715988375073,0.0003344140804082042,0.0005096810893404472,0.0011427688481301654,2.081946085728173
0.04292367524113338,0.039797582524004706,0.0026698805420979407,0.00018555554961404325,0.0009092788305186413,0.00060272567183879,0.0003696610051847227,0.0032683985325337155,2.769025126654986
0.047307918554423026,0.03977445754657336,0.0022415218455248335,0.00020111038768432806,0.0013352034069831044,0.0007239121404730662,0.0017895566043518414,0.00934124082465285,1.2768979734361081
0.04026242260597758,0.039312871698332204,0.0024308132841107913,0.00017487790396144358,0.000871879469831503,0.000595829567167032,0.0005238704761918308,0.004138464609597843,2.3759109562534366
0.041999028683071205,0.04018696973352351,0.0023360472567504945,0.00017184437610676958,0.0010131753058336297,0.0008916890969116296,0.0021927324604768075,0.008221127100781088,1.3368650382471845
0.0346830398900563,0.03602882206335473,0.0025161448005329217,0.00015702332309188287,0.0005192303988539546,0.0003288480695928899,0.0003334254841746263,0.0010345415115845032,2.7649517146854645
0.03702395177000424,0.039010433958655055,0.0023387301376377504,0.0001532068268298733,0.00045511459662215447,0.0005789315830901573,0.00027501619700317175,0.0023568440152876057,2.2930211395354347
0.03946654374645078,0.04085954135930683,0.002277424131383363,0.00017335483288862235,0.0008670592165814307,0.0006378471131218248,0.0006348312846770882,0.003778734035326028,2.7277217057475305
0.040339550181641814,0.04167259811197059,0.0021752239009429886,0.0001690915001085153,0.000643105241055533,0.0004836802079326675,0.0003670121354129648,0.0011143855820656475,2.2875172454352084
0.04286464243051922,0.04097292212994727,0.002529056871356426,0.0001899372910950614,0.0006026474210888972,0.00021811123712473903,0.00022526785416866958,0.0010335922420761873,0.2737265649907277
0.04136442509763666,0.042388925778627046,0.0023834875103462727,0.0001648307230128874,0.0005464277835608157,0.0005147736019851206,0.0003353895776412832,0.0022745101403266856,1.470855922709198
0.0436756867933909,0.04245959235601863,0.0025740984323017204,0.0001966596253005187,0.0011206793613103352,0.0006713896113711746,0.001220151710979312,0.00661407836962692,2.5861653944874288
0.04579380573882403,0.039967837863654015,0.002244667989706595,0.0001941997486198521,0.0009586393748156493,0.0008291890489666447,0.0037301470814845705,0.020155519953768807,1.5441044025500676
0.04218687371043429,0.04132964680247022,0.002634096216442227,0.0001806812075020634,0.0004215135560961273,0.0003023899748994318,0.00023712286433614908,0.0008357992960268742,2.363248525375043
0.03569714164938087,0.04101029605925312,0.0022134376806259948,0.00015300219911003319,0.0006934283650868702,0.0007755606089200521,0.0006680134610636784,0.001927061088577451,2.2417436471096757
0.035747882847743606,0.04174357906677218,0.002271075946624305,0.00015439317252110898,0.0008382143608086719,0.00045765488542949957,0.0004037246185180374,0.002398583229945045,0.5284752280829993
0.04786841428429028,0.043771076827783306,0.0024971504645578883,0.00020913636127414549,0.0012321433333151851,0.00025896839524980423,0.0016824042363240551,0.008089433307762973,2.3778325069259614
0.033564054709370836,0.0396903274556126,0.0024394151599310666,0.00013966484552806245,0.0005748326275702313,0.000435773710658757,0.0004890326931693144,0.0010763205656878563,2.4313807702520314
0.04015235446934201,0.0421272634966021,0.002273862549825872,0.00017130913027118964,0.0011325584033196243,0.0006212340769492631,0.001335988978900237,0.006958024779515155,2.33845325497207
0.041984873279371886,0.046051292016931596,0.002943302814318797,0.00018922932035459725,0.00038370086558477026,0.00039264769100775545,0.0005194955063038286,0.001051843151139675,2.5488214921445875
0.04070222801085606,0.040527491331466235,0.00224940982660278,0.00017362579107691776,0.0008637659744218104,0.000751414771880584,0.0017647660074829518,0.0053744905718061155,1.70512910877078
0.030190090625481367,0.044432569649920546,0.002879933520512584,0.0001230540186965738,0.0004261222902798431,0.00031065596239270076,0.0003029078087111306,0.000679305451413706,1.9765136316464025
0.041765351382083996,0.04693231781363198,0.002370480138249783,0.0001777484409715201,0.00047696015896935793,0.00044580928503890684,0.0003230211725332697,0.0007464147907594013,2.4758277377409357
0.03588989972921207,0.04449843128645864,0.0024683571182842062,0.00015388658640165087,0.0004873061502212891,0.0006426777222581058,0.00031969785826336687,0.0007648396652289442,2.7329665284944897
0.04625792134954454,0.040188256488734246,0.0022186286585362865,0.00020447379825661057,0.001326668171545784,0.0006290070610246662,0.0011903384669326726,0.01147186390784094,2.3016485220023037
0.04085282958721358,0.040164363083297384,0.0025114296022505757,0.00018294263562085915,0.0004764124701334705,0.0005121354342908673,0.00047247799496142896,0.0012288381652651027,2.757274671555913
0.04177496756702682,0.04011912652033561,0.00236155711645788,0.00018720344412625516,0.0005682706584721669,0.00034779249330922364,0.0002463128779921866,0.001390028108440678,2.718933076318532
0.04290685009258401,0.03962179155479323,0.0024602325105387325,0.00018361679824919694,0.0006695816290056933,0.00042826599471586035,0.001676209869821319,0.004342820889457732,1.5474652113515766
0.03938432870666388,0.03655715170098429,0.0024189914062277395,0.000168350774889794,0.0008562784867959715,0.0006538057451192746,0.0016096206528539024,0.00462759754989427,1.247609336161619
0.043848486233117,0.03834086480206409,0.00251889709641109,0.00019191716677273752,0.0009369744067590161,0.000797495999783112,0.0030327411399789822,0.021936221948390157,1.688801223912365
0.0445428128937746,0.03896181029619619,0.0025004474096674703,0.00019807665178899958,0.0013230943794052665,0.000748852711599992,0.0004725798430594477,0.0038262414412016436,2.463173403807789
0.04574089243903557,0.03887895647361543,0.002396388945963308,0.00020010604768487872,0.0009784744901743334,0.0006453952880075648,0.0016101725172753478,0.007706221143416232,0.9378856493836636
0.033934347304984194,0.03802000300642831,0.0023802771936243623,0.0001451673720756184,0.00043359307776565483,0.0006948977438930411,0.00022419116788349085,0.0013939921059919888,2.4744509446712772
0.043514514795630815,0.039819437515678416,0.002283504769934695,0.00017871451668646383,0.0009356277332295909,0.0007094943434973463,0.0019199859017308347,0.010537035354391105,1.7171638245659906
0.037630830393479295,0.040014990258581226,0.0023773644188554406,0.0001623802517056661,0.0008065806046504787,0.0007159956112051201,0.0016696745127985082,0.0065074116048614355,1.3159350016485898
0.04210722746220027,0.041478365788614587,0.002350709621522086,0.00017963394035278935,0.00091973349556144,0.0008064542729094362,0.0015482735198071322,0.003942295469690893,0.9611653395958873
0.03926712641704539,0.04162842816794876,0.0022484842281623217,0.00016691517994951732,0.0010975296024593542,0.0004786638453991424,0.0011207033903079824,0.010631485923146194,1.000387547410199
0.03274297032346181,0.04135383483135179,0.00254159608909625,0.0001317745249652816,0.0007394300309906416,0.0006276786295941809,0.00045284877368758313,0.0010760461180485106,1.9006365934228076
0.03973451410225957,0.04284390612214756,0.002525740637479908,0.00017339946288479004,0.0009297430117434542,0.0006957988865307861,0.0006340021116255323,0.003931916987769524,2.5069790061287547
0.038264118753396074,0.04011276635260924,0.002417089530137313,0.00017046726660055486,0.0007579830515546029,0.00044934049689148375,0.00043852369134046135,0.0016790543524383545,2.8141565341395505
0.03984649052991594,0.04267679479585644,0.002722370826523285,0.00017558178278774056,0.0006560115017133481,0.00038175547874210673,0.0002881893601695722,0.0009066379954860474,2.562944587340008
0.04340507727083151,0.044352019313432064,0.002579555548603103,0.00018129085495834053,0.000924042338554014,0.0006269113426875384,0.0016491504907503514,0.006693196873515215,1.4510155194035959
0.037075662601763995,0.041502470742737704,0.002156490056069021,0.00015716817568749242,0.0005177275256209744,0.0004916950422356548,0.00043275731226684745,0.0013631882474918074,2.0254991054932425
0.03477036867488143,0.04549227475098183,0.0026517028262918354,0.00013893873357035945,0.0007642023903939627,0.0005696004508842558,0.0005168921361968612,0.0012850411874780344,2.2866521087024787
0.042404064810420986,0.03839362962662275,0.002347309943276182,0.00019517825491176718,0.0008893839555748901,0.000591343400729837,0.0015362714168026693,0.007832922576414783,1.651320990426272
0.04266649013653969,0.039862832977080175,0.002407053241172968,0.00018550048179886083,0.0009413239526496721,0.0008061645012564653,0.0016544481556233488,0.0060914287743666475,1.785053357668264
0.03610787442294514,0.04058195777929493,0.0025041658027601006,0.0001589556135700122,0.0003675480723275642,0.0003395748686330993,0.0004470453618775925,0.0012695222721635048,2.613665544538892
0.04704996803853086,0.0414811562640472,0.002446210132866033,0.0002169753290631123,0.0012968069510961187,0.0006035164829067808,0.00046762074822737467,0.003226793944414839,2.494612813588251
0.04117832881910952,0.03814843087226268,0.0022078400871628754,0.00017818072640267768,0.0009422190915978496,0.0008374859695930171,0.0009412161601910978,0.0037325423117881215,1.1964706376008296
0.04258852325458443,0.03858702745472757,0.0024861353033566306,0.0001853631395328526,0.0006019722032055769,0.00036995116192008003,0.00035450070109679525,0.0012310631168954266,2.593237787699468
0.042834522557055936,0.03890267224691449,0.002377812439675798,0.00018952586909674844,0.00028869905272707716,0.0004920486630212725,0.000266592696976603,0.0006960536035900097,2.792031340409324
0.04263547211040962,0.042182137625557406,0.0022817447702672042,0.00017643653202353905,0.0009531070121527265,0.0007810072878708203,0.0023178260268689366,0.009154660173827408,1.8444310424818344
0.02801264922156041,0.040266839256594085,0.0024229905595501734,0.00012210070400052323,0.00036866491029060775,0.00036358124122421045,0.00022670280850885672,0.0007919775115606872,2.0258368518575995
0.04326783125781875,0.046537563865618886,0.0025275966498871415,0.00020108636955257545,0.0008028505370732882,0.0005962664503244579,0.00036237144474510316,0.001513081181679085,2.838108772469795
0.04711569619503593,0.03736361939660781,0.0022872518276650655,0.00019805459183178144,0.0009606798939584793,0.0009051861546063757,0.0016538657937822973,0.007638178414979162,1.6673602466751096
0.038954302088637274,0.04343180337726882,0.002592799171978672,0.00016341171618992014,0.00021781829060895213,0.0004690443963345875,0.0003149301978242406,0.000721565329290724,2.3219793213697972
0.03533728553733773,0.04145675494898059,0.002386092178705511,0.0001564722995586465,0.0003539756008313582,0.0005246858305551749,0.0004307468338826203,0.0009221996316955236,2.3125823523906504
0.03863263638139081,0.04168135232499025,0.0023885747614079303,0.00017112639388533016,0.0008928771339446855,0.00033866081708758164,0.00036894418573152175,0.0012411359977008711,2.360304485334123
0.040781872641860464,0.038275069670330494,0.00219962095010475,0.00017915649266070266,0.0007992178154650914,0.0007010379541906205,0.0016598793730094653,0.007177082653014796,1.7426641706471977
0.04297267855743331,0.04087568734497029,0.002248413525324689,0.0001894470283275882,0.0004912825277165344,0.0004770495222022194,0.00030517384696227776,0.0010939243747831902,2.3698512351269594
0.04263464377328823,0.044724411067108255,0.002318697935517828,0.00019231342872239764,0.0008033608355976327,0.00041584844074525704,0.0004101878121651016,0.0013423406520660843,2.8263862673565687
0.04145066056726916,0.03874299311093835,0.002365005160227107,0.00017635048690696137,0.000912106737084779,0.0008204003883100767,0.004669555018737894,0.017375642598312594,1.5526865443010092
0.038993214930780874,0.03739058071807238,0.0025668890445897556,0.00017095789773064423,0.0007362546832477808,0.0006334040116832673,0.0017410076874234972,0.011652237607716968,1.4661745376282267
0.04610930442973328,0.0405389949913011,0.00225910875399773,0.00019551259754966338,0.0010506938945143108,0.0005236650810887092,0.001678957134876983,0.008108834030009665,2.4914362024355565
0.044901739391501445,0.03804801622942697,0.00221645543328088,0.00019259199382622508,0.0008557493504593606,0.0006991373326435729,0.0013054880873874508,0.0067969215399713125,1.706147667510127
0.03882163650627126,0.037581977212620785,0.0027043076537768065,0.00017769925535230055,0.0008011524755979272,0.0004432381195689664,0.0003371760366311794,0.0016790414070708118,2.7198536462789256
0.04261045135892491,0.04257694862689853,0.0028582211361203344,0.00018553904725980257,0.0010027704978887476,0.0006804167501619081,0.0013903503823187514,0.005994011709759126,1.942082528044941
0.040925807794525815,0.03859458265987803,0.0023044383706086087,0.00016878677651054123,0.0008221273198648238,0.0006470712151482622,0.0015435562587170978,0.005926089254749884,1.5233721816014414
0.027436013654881963,0.039725988145297236,0.0022493594787715136,0.00011333681943742474,0.0005529197418811411,0.0006324078797408952,0.0005346550141640494,0.0015294484280973075,1.7586937652710495
0.03992842735670814,0.042267607848363455,0.002706094196910688,0.0001793139934784885,0.0010483464294572026,0.0006502647586579924,0.0009421446974538824,0.006093469908620515,2.2792133814429225
0.03907311448601518,0.043026420798170845,0.002397960854843089,0.00016405609065148533,0.0003854341790414745,0.0008492673929107354,0.0004299826404701697,0.0011593805228625148,2.6281697632124508
0.03206527845142417,0.04170724140699125,0.0025678139353872164,0.00014297409302821347,0.00020999683143400864,0.0005397506137157182,0.0004226858459464207,0.0009411703068673604,1.2702742002782363
0.041140983029482825,0.0405708129901721,0.002148183675261791,0.0001804240709279518,0.0007210634338991815,0.0004841533901275966,0.00043302398398251774,0.0013668822638476224,2.596752260670339
0.03356553019667216,0.04370599408449543,0.002574147183046284,0.00014646225392452044,0.0005240555334394865,0.0006183232814676552,0.0003100658959905527,0.0010054270023599726,1.8705393293486066
0.0432130325418194,0.03911821443953178,0.002216151456401848,0.0001851167152783108,0.0007804917549227489,0.0005213055650223209,0.0017497683177097277,0.007801484137060326,0.879024498171621
0.0340834082846494,0.03808687655640412,0.0023023556507430908,0.00014291933958633985,0.0006877351974615744,0.00037982571141752795,0.00020738471645794225,0.0011962484260963056,1.897448170013061
0.04850229629598143,0.039050109685392936,0.002293030055551247,0.00020927511969633423,0.0009279533638669496,0.0003945783750495834,0.0015934643965563812,0.008134713979712261,2.04303420708798
0.0532171555282097,0.04140771609257619,0.0025216174790322417,0.00023236829067103961,0.0012256013958861776,0.0007007990881444184,0.0004869503168974774,0.0036214126581441456,2.802506110418437
0.04375276502698843,0.04007729204705874,0.0022146280363930363,0.0001820674989753344,0.0008334749493610738,0.0006464526489695668,0.001687335387833203,0.005574444930736895,1.5419741231119963
0.04025000639575678,0.03970475079290089,0.0025312404149078344,0.00017210724501443166,0.000898743245153169,0.0008191970075949588,0.0016943261284109393,0.006494869872571323,1.743763900367774
0.046827091300594204,0.04511894068341894,0.0022594853797725093,0.0001961125271059022,0.0004527575716584248,0.0007909450947256776,0.000326177411498229,0.0010002228165687669,2.631574210300866
0.04331305324657033,0.04125357605047993,0.00254149909234704,0.00018340897119009374,0.0007152364152676082,0.00027156889983449454,0.0003563550064189247,0.0014590289422888852,2.4377100280952733
0.0419122135340074,0.04448899249827554,0.002578428965400003,0.00017489730699473468,0.0005616909515580435,0.0004437289760228985,0.0005966849139678302,0.0018165551557139147,2.461879576727573
