0.033827216471503524,0.02803420390121465,0.0022419253055522715,0.00014457742059031448,0.0007178006529334179,0.0006176021903461992,0.0017928032389359417,0.01024804916325969,2.0211001133998368
0.03573138355578969,0.031966568815478234,0.002112347773608887,0.00015399838856335768,0.0016259645516460317,0.00046796113086847423,0.0012971264364178342,0.014128988576034113,2.186199381020116
0.031762075404821795,0.030644661416230862,0.0022718581857668345,0.00013198494777707837,0.0006209335796206333,0.0005861583592847043,0.002641676260053876,0.023553212841869994,1.6074748858487988
0.03198241956001369,0.03006536020298565,0.0021261939684132634,0.00013173022634529972,0.0007377348818653417,0.0007993204410751136,0.0002772022288932679,0.00127937039211036,2.2487770639093276
0.035060489937607506,0.03094500983851058,0.002350479641149639,0.0001473669368240913,0.0013241761336781825,0.0007385783467424302,0.001498153146493923,0.016576369661044043,2.189022334838172
0.03340834944227582,0.02751208980008371,0.002188247821385395,0.0001429187046904074,0.0006969397089018736,0.0006763762207317407,0.002168550803223529,0.014188369192378503,1.8590310488017525
0.03590941749457572,0.030508529942896198,0.002361491696493056,0.0001456478016393918,0.0007262362909702114,0.0006182241448540939,0.0017584051835488259,0.008377387162803245,1.5824068891700762
0.03316286268951839,0.028952613981283015,0.002155038267390649,0.0001411838504424326,0.00041453169071854556,0.000573404909209613,0.00022808464103934824,0.0011906903142411423,0.2859500897248443
0.029729297849108938,0.029972671848652228,0.0023126375121581386,0.0001235951217681689,0.0005770942243140511,0.0005296845908867151,0.0022707630841312105,0.011347608200240573,1.6467622268613415
0.03626693094772743,0.03202834846034837,0.002317988944089261,0.00015983025929277567,0.00024391958698760145,0.0005062878762859775,0.0001962227347388774,0.0005587215457040708,1.5320324027635748
0.0331358297892062,0.029908678736933484,0.002216339590150302,0.00013328963251965967,0.000682226171842718,0.0005855544644003552,0.0027516083629108568,0.010381713314769133,1.6804943102521526
0.03980325663652367,0.03140531917116266,0.002230663254563987,0.00018058946410878012,0.00043416833769213995,0.0006481805312643221,0.0002131528867144022,0.0005646893937464062,1.546973187282531
0.03144209379903796,0.03016354505511387,0.0021657695123306845,0.00013218237367898362,0.0006416026015815295,0.0006142894238537143,0.0031561744271775276,0.013905788703571892,1.936997097653959
0.046906259018915195,0.031249229896350567,0.0024983884370187994,0.000203288418180537,0.0014820378569668305,0.00046989129851673407,0.0015717897854892653,0.011324714458682642,1.2605207866339998
0.03085215727143569,0.029557985586940005,0.002201731489689534,0.00013150027581315034,0.0007977135751387142,0.000762586770992258,0.001838397747054471,0.012985798718004472,2.0839899021670636
0.04269499603871426,0.035601000843445724,0.002361163080016414,0.00018497845790585332,0.0012770989128926406,0.0007349649326044382,0.0016204243099543988,0.00782876283796877,2.220629474604067
0.03597035613021161,0.03154074474889526,0.0021409190356803057,0.00015150658545552497,0.0007782623285684078,0.0007088518934416692,0.001825400540033381,0.009530866098438095,1.8371529904945314
0.02981437768950381,0.029959995451969992,0.0024221947156181436,0.00013079359325985027,0.0005696064418848863,0.0006725982309508297,0.00017145312836435548,0.0008501095453615061,1.080658523674772
0.030274930365788783,0.02727256930048747,0.0020831515262204284,0.00012243173292352558,0.0006657580952438718,0.000581550731481734,0.0023105444599998176,0.012403818358550549,1.6725077811582898
0.037316046310601925,0.02972012225228442,0.002182655763113679,0.00015896181284638593,0.0007969465585976277,0.0004081759787025354,0.00048189613223052427,0.0025745503226158794,2.263424105908863
0.03659821997800392,0.03411046178714729,0.002468962848404022,0.00015984537472114405,0.0006806047201282738,0.0005160215406471565,0.0021049143084786205,0.018482146232613676,1.7937774605627552
0.03515753551291169,0.03218256896341702,0.0021644692423349672,0.00015088527783734077,0.000539813578144788,0.00040798033871643636,0.00245233584105818,0.015778832698744784,1.9987418018027114
0.03266085119222995,0.030085825670955444,0.002299721227955614,0.00014411740445150698,0.0009983592657002488,0.0004976519668119306,0.00023105165562940265,0.001433116306355631,0.36398076234251436
0.040068191093612086,0.03186694560823625,0.002251291241895923,0.0001762360236281277,0.0008508485796176489,0.0006003597917338125,0.00023784102212572782,0.001272082735500827,2.0411766343669786
0.03757801001877402,0.033283557958551674,0.0022121860350407226,0.00017286247531945507,0.0009764419562354746,0.0006623398781848521,0.0002833917996543441,0.000746245818912349,1.7432154449805741
0.036292546158338254,0.03031191027596296,0.002313262692549415,0.0001521506097320515,0.0007971082169213985,0.0004998001744108566,0.0018424873411506326,0.009993349847356173,1.88450208898084
0.028740419873764893,0.031178857415369923,0.0020759417211207113,0.00012233399616262984,0.0014615556485836935,0.0007749087656434342,0.0005371574856273223,0.003560431650488008,2.346912876236464
0.035382757575501037,0.029725313413377186,0.002223495924029727,0.00015728185454301453,0.0011834719867593441,0.00046481016167426975,0.00021870659457415414,0.0010384627241384126,0.35540680638362726
0.03942658950801557,0.030768758672767384,0.002358467830391088,0.00017604794745555523,0.0006049998722401124,0.0004663656589891825,0.00017691044813112657,0.0006472726812155088,1.4999727088951593
0.030027372956974118,0.03030315925036644,0.0021680635195786037,0.00013021294404407085,0.0006026448424678499,0.0005807319234234329,0.0015974158388632209,0.0050340797129176515,1.7246408840649339
0.03125296373151816,0.03162628780389624,0.0022156866296926068,0.0001358859017371077,0.0004033439958333668,0.0003114078632767168,0.0002886425428883183,0.0007464896643695108,1.5353987089954209
0.03676994597177868,0.02897130720158891,0.00221425627702269,0.0001644968103542706,0.00105737434221634,0.0008576401900414497,0.0009698218467118986,0.005529566594974952,1.9487403289760972
0.03317431445828661,0.032573220685282726,0.002230952420015093,0.00014379357858618737,0.0009529475560998536,0.00041412442523553877,0.00030974076991629177,0.0008204809600056702,1.8762137267994379
0.04165035416012863,0.03193466147313539,0.0022257000093721386,0.00019099648396844163,0.0010697845114625256,0.00034471310710763517,0.00045812999995286036,0.003149162934080366,2.4019081511515923
0.032170378324622856,0.03180930550186569,0.0022265503953449897,0.00013892543404228158,0.0005974329591781166,0.000517890080794776,0.0006032932043454658,0.002132513556929411,2.072042611693732
0.03269853475839024,0.03237922581383612,0.0021338197784206672,0.0001403261847542274,0.0005422358415733507,0.0004156402269739958,0.002208635363132185,0.017137426633999073,1.893091853650619
0.03165444639481524,0.03096125884015964,0.0023092310822630884,0.00013855271921203393,0.00048062155666138043,0.0006831240783565722,0.0003042566409776897,0.0008781015660529317,1.594584670854243
0.03220993533429581,0.031350808247508924,0.002002104168326791,0.0001361968669382736,0.0005329987612694083,0.0005210977379499069,0.001701230222608592,0.005761565970242436,1.6393074369319827
0.0342615425150308,0.029127163445272955,0.0021230876878992684,0.00014342066870106106,0.0006592420894638476,0.0006211661918168957,0.0018435647566824808,0.007405725561270826,1.7527642628439533
0.03390597822357943,0.03201729116219329,0.002167408727608963,0.0001375682592578901,0.0008000966243726134,0.000710226849805107,0.0020204650158663503,0.012180875175223019,1.5848891491006838
0.030433905434464174,0.03188577996694249,0.0021686956247811743,0.00013889193731213544,0.000528729149355838,0.0004895342242428667,0.0019087315192890429,0.011517791140818944,1.6198502816537084
0.035011350861868934,0.029017300047501922,0.0022825321724780526,0.0001498856993221871,0.0005432302381924988,0.0004992470266879939,0.0024536701880375393,0.01576471278230328,1.6533284441233216
0.03648994574854739,0.030218453703219565,0.002246418074524623,0.00015058951808911392,0.0008422896451417186,0.0007323061088219142,0.004206704965906213,0.022007633583735677,1.676672814535085
0.034791902047994414,0.03049125581080673,0.002226318611172663,0.00013790111529076585,0.000622877579845654,0.00048574184995967825,0.0021157956796330596,0.011337873628405703,1.6370630451956807
0.037098379928956315,0.031018126200550503,0.002253262611039855,0.0001619937703610645,0.0009409317524495967,0.0004821983265920336,0.0011475055935058055,0.00557023443091367,1.8535056699252126
0.03233939881380756,0.031038998531936222,0.002208585045121054,0.00014357716145217263,0.000514903700031071,0.0004966802926021185,0.002173837455287932,0.012486164079488537,1.6213635586825075
0.03287657668142573,0.029599590356167365,0.002072336568556153,0.00014134817865134352,0.0006362524395730579,0.0005720003496537696,0.001957236624810696,0.011499449793016715,1.6495439128121356
0.034788927220977754,0.03084033500806481,0.0021283352571553594,0.0001543690900734969,0.001550473705529506,0.0005089865571468771,0.00099297308926112,0.00660524094551001,2.4442409872656943
0.031676175623295555,0.03128825065542685,0.002219445920386706,0.0001393998784363746,0.00040278155352953027,0.0004276028845017292,0.00024881348151184983,0.0006754655228648121,2.236673805682268
0.03241123522069604,0.03137829505478155,0.0021953869826098447,0.0001417590195960229,0.0008751862327088354,0.0004184345243402286,0.00046926219228065344,0.0025357587072799156,2.712342852461522
0.03630957036195127,0.03230903072160218,0.002318225837179032,0.0001533085071004808,0.0012623030069103141,0.0007418241970743489,0.0016016865709217495,0.014681582281912476,2.4049727832791445
0.032750430786817254,0.031430780088754336,0.0022647080063712692,0.00014001017955755514,0.0007378445140097504,0.0006562043538093331,0.0016892651440548725,0.009215242158477062,2.129199651933554
0.042959381237057184,0.030794861050984477,0.0022828927176732007,0.00018997327631850228,0.001295262565901815,0.0005702833001889286,0.0008262096924938873,0.004558256809789003,0.505382953344157
0.040516821040254794,0.032883347493212915,0.002377603017652893,0.00018249576757666227,0.0015343936681049112,0.0009229452448688854,0.0008745710504407732,0.00556939236469615,2.4557281864415774
0.04314787555524844,0.033778135336268285,0.002167955649296973,0.00019259660306284802,0.0012279442138160492,0.000467381635909122,0.0014305263151196633,0.0076981381108304,2.361912742010728
0.03692378255889976,0.029592259593331397,0.0020771275485935606,0.00016021372487150015,0.001184194872435352,0.0007639761295578446,0.000548601467508978,0.004257978866120465,2.340514357396619
0.031086574919751322,0.028329664006835436,0.0021327052096440325,0.00013814622334463696,0.0006669791710224949,0.0005854534349410499,0.00018921955242760612,0.0009387315171778243,1.9807719442966165
0.033398290560796524,0.02885204387440388,0.002096378961135992,0.00014373438126806913,0.0005298225548736953,0.00046663357122048177,0.003339679763496975,0.015197906798339366,1.5198728629367453
0.033367060590573615,0.028630792212983598,0.0020622164845411194,0.00013852195017645137,0.0006486946813584767,0.0005851225642790048,0.003779045191373146,0.013511200953725197,1.8248204776133772
0.0349053181074508,0.031557324785749366,0.002305811549732679,0.0001494213116391323,0.0004761984715052007,0.0003351950054834459,0.00021739766426531068,0.0007712739681527766,1.655165385607531
0.03236430612784087,0.028297310006856306,0.002390242976602628,0.00013861857862409657,0.0005368317267572034,0.0004877808131268782,0.002024465141568363,0.008963420057013586,1.811613029862571
0.03386037384103469,0.030960127492167384,0.002244839094864262,0.00015065619355352286,0.0006560232448982408,0.0004691464433320758,0.00019249043929956092,0.0007525792749294905,0.28344126041206125
0.03079498675736024,0.028441108187723566,0.002152807221644248,0.00012945675989149322,0.0006497351085134255,0.0006132226350081211,0.0019180730042944222,0.008169560556900969,1.6859574558954151
0.03348766386870664,0.02896775572189428,0.0021336695558649703,0.00014511002920055563,0.0009100901293630169,0.0005698078523430572,0.0015286212339780782,0.0076354037694027965,2.2908912650986912
0.03265557715620605,0.030051410900573238,0.0021769471452116086,0.00013812735223784633,0.0005910927577767622,0.0004819077133894098,0.004073124410815175,0.014193276639699845,1.6000395299547268
0.03287018047717279,0.028018509129820825,0.0022411652784257853,0.0001363003675149469,0.0006216008396494561,0.0005021231701217176,0.00257752287083423,0.013897773297550809,1.6944744488887207
0.02912640674961699,0.031485075564213066,0.0021492594958121766,0.00011775730445640928,0.0007125973720337059,0.0005903741692660391,0.00023931679297926116,0.0016347011818121481,0.32267494788880313
0.029896783130176623,0.029250132418124793,0.0022174779654836416,0.00013036643470705343,0.00030580948218984387,0.00044282264451095204,0.0001902689221137061,0.0007663915487738468,1.378178458415051
0.039272123082984625,0.030633662516244456,0.0023950091811786958,0.00016642357660723222,0.0009956339367033563,0.0006203040742266774,0.0036508730218525083,0.025422465730102067,1.7829202880274113
0.033317819744958566,0.030364193723071628,0.002383377007969947,0.00014296318687401647,0.0005935015906743153,0.0005629379218986983,0.0020070791306642005,0.01089258941243627,1.599942923588673
0.03289109754503318,0.029276124338123512,0.0022110133214558454,0.00014092075117865487,0.0009169401329932141,0.0005786426028663054,0.0013995901650071905,0.008927611667638181,0.9846541064846677
0.040504123938981264,0.03134325431977221,0.0021973488199528383,0.00018383440630117786,0.0013390380753913287,0.0005546433958108236,0.001138937851319516,0.008088754646944087,2.3202857156712047
0.037386401694049456,0.0300463444229084,0.0022328741632520327,0.00016207880216414383,0.0006233965113035092,0.0005578141062380569,0.00032674824524842527,0.0015191668522508966,2.6245139414079994
0.03533110691020706,0.029750177313565298,0.002129892077731373,0.00015130932630371335,0.0006645595623681111,0.0005442134018005294,0.0003845033643946652,0.000920140947274259,2.355164225936583
0.030047708766072368,0.029107280631677175,0.002395779941513553,0.00012549883448530677,0.0006940482430681887,0.000531872124145657,0.001847979089424027,0.012073676372543087,1.7222805047094905
0.04262982439914619,0.031499329669943524,0.0024396159420324794,0.00019473102544302178,0.0007772387673866507,0.0008760438258763375,0.00023900801687217483,0.0019200003198356363,0.5107815606398912
0.031667875192576245,0.030905338075882534,0.0022133228619242848,0.00013379976657708567,0.0007647821839561634,0.00043567837895304657,0.0004158211252653035,0.0011640225029616233,2.5335985801566965
0.031181742937058915,0.031636024617956726,0.002156401596301889,0.00013196339278297,0.0008817757152240917,0.0004679689443711492,0.001885939773482622,0.014946160767388344,2.376238242856085
0.03214380322578745,0.029051695828068474,0.002129831378972572,0.0001333341036726589,0.0007544767264442749,0.0006572594307388507,0.001985263261503734,0.011839875313996481,1.7788889329901636
0.038667920047968686,0.0318711604739837,0.0023991084265258616,0.00017408802511747725,0.0009068715175265711,0.0005496458571477704,0.0008042836491817887,0.005143686444782784,2.212686667234194
0.0417231691345602,0.03285846137231053,0.002235399021119322,0.00018267674047940714,0.0013311498187501853,0.0006363761213485507,0.00169541909875617,0.011413968140289273,2.13594119986354
0.031222045116598582,0.027524534961576468,0.002043277178070922,0.00012853995527794155,0.0006198392986123174,0.0005276361933827991,0.0016565410044368431,0.008542728303526556,1.5338911029321822
0.03465030480835101,0.032385981583776965,0.0021092127154378115,0.00015255997079104694,0.0005262798439864749,0.0005895186154936302,0.00038248287393221014,0.0010498636521306412,1.5827608515767178
0.030613685885399495,0.030204230780516254,0.0022108366828722864,0.0001305263393364697,0.0005854165745921261,0.0003744763699982661,0.0002984104434457273,0.0010636357024886279,1.282997302037476
0.03427865928708254,0.029542160531746593,0.0024248976892479466,0.00016217573317459195,0.0006556259537812085,0.0005549381872181001,0.00018179686088920242,0.0006151774480120647,1.5398782855785211
0.032279394094932023,0.03072532232962053,0.002266252907162068,0.0001326167788214764,0.0008984241940212477,0.0005722941778140095,0.0003569251474004959,0.0016880632449302237,1.8413207207139008
0.03226595412591521,0.02958142985058031,0.002189378430687227,0.0001387208184340925,0.00048437683188911094,0.0004693284363244559,0.001696074122829154,0.007611696254631876,1.7111701336806904
0.033631508541092724,0.028391133595814484,0.002203610193313672,0.0001444338836597544,0.000552203605517403,0.0004812720729953172,0.002643749403793332,0.016196125522302433,1.507967367629527
0.033804719099520215,0.030089425883466442,0.0022016474102220084,0.00014313199779713236,0.0006238902997880016,0.0005292308407287252,0.00308287680565415,0.01918936830931592,1.4332754332383568
0.03392416806388697,0.029397621781371747,0.0021122633942725006,0.00013549386276358257,0.0009430210096171169,0.0007868223548175416,0.0016194883482090127,0.005135130557513192,1.524602436587832
0.036900310000753625,0.02775340777676718,0.0021618286103838153,0.0001526178217877809,0.0006686262504328221,0.0006614170166397413,0.0025271110171479682,0.014082691048286543,1.967944261071619
0.03513556913591892,0.030316567106163348,0.002312593328454486,0.00015268177010716212,0.001993762813669949,0.0007494986963561858,0.001614773129317219,0.012734228333846381,2.379857564196661
0.032086257448245,0.030650300889688852,0.0022026554942138703,0.0001357512504495334,0.0006269824505165801,0.0005905338388539185,0.003934077332516203,0.019701421422907598,1.5909377047959692
0.0400848356620633,0.030103195205702035,0.002351211769379762,0.00017465353732104127,0.0015689337137510754,0.0006815608480701636,0.0017493579642902434,0.014364750121745444,2.265522475060585
0.03403567462367517,0.032135029139676204,0.0021414830385653857,0.00014994554333344704,0.001259259223986752,0.0006743901192769613,0.0004188732656222031,0.002754548327294285,2.5281982314697844
0.035349514018971774,0.028259551264411216,0.002216898459412286,0.00014829832385350965,0.0005339884792714753,0.0004647808984874373,0.0039733214734777415,0.029400506433319186,1.6101082835243368
0.03528866323432677,0.028053958796726744,0.002232295471641047,0.00015163307521996107,0.0010196081017572673,0.000670830805797471,0.001792499397043584,0.01156193227996272,2.374614324617815
0.03399615264135066,0.03115416206109162,0.002209277172276547,0.00014966292649584852,0.00033939312948640967,0.0006633616481661949,0.0003082081597238617,0.0007549225693194946,1.9857627618596532
0.02993341636695192,0.031828806814993026,0.0022255844574084883,0.00012579402050977764,0.000600211875605683,0.00032784076392277316,0.0004053166600164283,0.0011455984691927967,1.419809898634305
0.03884681776135927,0.027617306641272318,0.0021982478799426977,0.00016438501237758197,0.0009662731993315775,0.0005556287764832043,0.0018053570976164447,0.015641158662731434,2.1396139434984645
0.03771710567442726,0.031787931836005215,0.0021841771407520327,0.00016485393633886982,0.0012473472820036875,0.0006219959587180127,0.0015516439586603134,0.009437953902974213,2.261465286083409
0.03876590292951117,0.03264289677420458,0.0022696348286657523,0.0001662933840898906,0.0005812373913113229,0.0004922582309571262,0.00022717792056402227,0.0006161042072007928,1.7531264274627905
0.03731861683752214,0.029139499936665585,0.002140689256801444,0.00016327669731857255,0.001083322668264152,0.00047529939151719095,0.002012139384700744,0.01863401744583471,2.1616092151774122
0.0342883755845784,0.030767329013292186,0.002095891923508992,0.00013946298420965147,0.0007542839500041132,0.0006313835689874322,0.0030546046844811,0.027179621869845808,1.895445253792661
0.03348615982842188,0.031479736601453735,0.0021273555036728726,0.0001419274377643129,0.0005746992936148375,0.0004817855209555951,0.00024046304388243423,0.0008412323364926578,1.120129837798934
0.035757736385151485,0.030193950234010874,0.0021484208321977884,0.0001503289253475614,0.0006496968473676419,0.0006007380347752779,0.004146475618133409,0.028021000333452516,1.9021616360009224
0.03266120190488951,0.03424868202655925,0.0023912662181684945,0.00013137951247826034,0.0005126937345185085,0.0003954058592661533,0.0001872453004698307,0.0006327218625762847,0.2700677190683882
0.03130314991058447,0.031107046222157392,0.0022936290293970713,0.00013097815915606915,0.000524997945885403,0.000374260823555189,0.0021696523228702086,0.01258323772065699,1.7979323903951168
0.03360867105910874,0.029300797753495436,0.002130388978532649,0.00014743897234235893,0.0005704093128128067,0.000858332849145825,0.00023526730290192516,0.002008596516965729,0.4569188575184414
0.038823139204858685,0.03149652628058319,0.0022476306521324544,0.0001687977252286568,0.0008760131865425732,0.00042459194054425407,0.0018155290632736727,0.010046277234476823,2.154229022630262
0.03976601897161876,0.029332234972955725,0.0020550101249406662,0.0001705763873218473,0.0011287983364396794,0.0005338745677131547,0.0017138436381018967,0.015625903403177578,2.3309387159972377
0.03216238412517384,0.029941544417697627,0.002320005912177211,0.0001335203471321715,0.0006203400031687484,0.0005310664953224444,0.0029992579847175757,0.027310533064713097,1.7923768339490314
0.03143977645541607,0.026317906726976373,0.002234836926583922,0.00013881883358640436,0.0011763506951683127,0.0005203054732852373,0.0001794448593211321,0.001363202045240946,1.5724031234841713
0.03695972623832527,0.03298561196280871,0.0021918412943819137,0.00015789625439552633,0.0005038023965562847,0.00042733126620276825,0.00025232503897163204,0.0007337920242996994,1.921842387097223
0.038276624576808915,0.030098117762607825,0.0021210009759666925,0.00016683754980691598,0.000744434465408574,0.00043516171027839354,0.0020704274361098675,0.01752865339056379,1.7420530554972322
0.040881857071478116,0.03052181569917896,0.0022849557987644764,0.00018218322363825528,0.0013935652978541984,0.0004999699597287046,0.0013235761303604008,0.006961837982339741,2.265699047098253
0.03512650029110742,0.02818956418709957,0.002132600231684709,0.00014924233250636387,0.000802722051817176,0.00047027027694361833,0.002084638599537282,0.013563048420054515,1.7869278084165163
0.03163648744899524,0.030801316095950118,0.002170120334791254,0.0001418521752068413,0.001058903354172817,0.0005696642598310635,0.0004873739500880826,0.003415808647482121,2.5971573969294517
0.03449137799370331,0.03022909870206873,0.002084569116701148,0.00015022164943756037,0.0007841944943691306,0.0005186022279606298,0.002451012369073966,0.016354827503087175,1.6383927793663113
0.03349379782650677,0.03188056853851197,0.002134068533567648,0.00014729419277656518,0.001423309376914392,0.0007625992788471496,0.000921822731632254,0.005586037306384673,2.244640113691779
0.03756201516865327,0.03191228209839843,0.002114531719887892,0.00016315832108602027,0.0006335888205862428,0.0004615313123414536,0.0018558702628723044,0.006855248648254167,1.9604851389107063
0.03604437263020297,0.03435563734936481,0.0023857942129467246,0.0001510169639984058,0.0008068090115985783,0.00039139705187991094,0.00028930315419858677,0.0006761269503007605,1.7633085833663724
0.03400179491900924,0.02936062063044385,0.0022787904060452254,0.00014541952959311026,0.0008088816961500234,0.0005525546610018806,0.0018262133731851795,0.016802521029000626,1.940714326850539
0.03063760764153113,0.027755942635937867,0.002333427611634437,0.00013123022390528882,0.0004708225990477619,0.00040250415412949647,0.00023676672552102893,0.0012039913423280044,2.4396213685928987
0.03722980872227429,0.03102132122195429,0.0021314563867805415,0.00015667365522715955,0.0009725829607045726,0.000700102633375102,0.0019484534691378923,0.013893948152640912,1.479649369870749
0.030176403123090306,0.030931583393305068,0.0023178820548631763,0.0001264473818814596,0.000480493049871416,0.00043610552446432814,0.0018723851220474735,0.009404584036593125,1.5277930427671722
0.031159885875241176,0.026870929981892864,0.002152289547515925,0.00013667089603437306,0.0005002059979374372,0.0005320772253118809,0.002183115307407354,0.016510237775584864,1.6275681109119966
0.031092992918845295,0.029985434772114752,0.0022064372719348886,0.0001340053264076461,0.0006772690726222831,0.0006511656929492548,0.0038085356740483935,0.015149402183671267,1.7747775295379224
0.03338261198280165,0.028841169965366002,0.0023263309078281236,0.00015413569201868564,0.0006614284613658366,0.0007136106334026242,0.00030404909335659576,0.0007176095148305944,2.195036945961524
0.032233094351755684,0.02847419304181034,0.0022494662796761506,0.00013512925875938604,0.0006210360818090933,0.0005276441804550793,0.0016939956494545132,0.00829580180977095,1.7325759972413322
0.03402217252873581,0.03195340105371402,0.0021964501394498488,0.00014925558059443545,0.0006890161944678477,0.0006223291992950158,0.0017839424058758019,0.006080936749685039,1.504307790606846
0.03692202940168727,0.030091995850020384,0.0022150089466552226,0.00016186354438474322,0.0008385721209892682,0.0005120688446733242,0.0010145589893364596,0.005132510494766289,1.9941797019220968
0.041558711113207955,0.031751448902314204,0.002398267507770714,0.00018169689320881005,0.0007260076979263451,0.000561865697664115,0.0002938532142937027,0.0008462764140483251,2.5914727969887976
0.0375031674896686,0.02744724755199583,0.0020964068239465415,0.0001624285784719211,0.0008371841628377096,0.000533140767483101,0.0015632397119051226,0.009373555238891614,1.6617947611009454
0.03646657351835811,0.03218512263693828,0.0022295206925703726,0.00015578082321971606,0.0003547551301867054,0.0003572194658697233,0.0003179789425692562,0.0007347408031438981,1.8888383531376958
0.03789287415100122,0.028778381820994903,0.002221745102271303,0.000164179742496371,0.0010913395762147916,0.0005603743673009467,0.0014750013579000396,0.007967335779949214,2.248097632220128
0.032284260112423954,0.028354068708098194,0.0021775346706174752,0.00013933895239511175,0.0010102433111664779,0.0006331456325958335,0.0011231437120901892,0.0063495330942926545,2.306296189403891
0.03307370908704124,0.03236888417356997,0.0023115289989971716,0.00013819478813972485,0.0005383170442585257,0.0004572890597325522,0.0017158323154578216,0.007904775801047837,1.2403378765294477
0.03934308130654026,0.03119189758403917,0.002260403625403898,0.0001651829676428686,0.0009967319867644155,0.0005168905279857692,0.0017541985345034881,0.013497049685262276,2.1657426724261417
0.044476164148573735,0.034443724496598195,0.0021753102196846283,0.0001995117353842909,0.0008536382158239358,0.0007863762462148852,0.000311176900911313,0.0011382039301182788,2.4846760862807393
0.03330433153250019,0.031561541769887375,0.0023260891168332544,0.00013894796432354167,0.0005841193029858289,0.000439072347599157,0.001969547651827831,0.010776852570653613,1.7479112549309652
0.04217500012004656,0.03361085867880846,0.002469564941644657,0.00018518722830040054,0.000535241767836091,0.0006563410469596503,0.00022127386461357097,0.0005931387835997035,1.6843765282954748
0.04641410314308701,0.033346494951581165,0.0023639573168932814,0.0001963597296935604,0.001845850207754335,0.0003984504206861724,0.0013958064020731912,0.009908003547340765,2.160283779379922
0.0304124810941422,0.03113138445573192,0.0021706237988935507,0.00012964751433788005,0.000435234408396806,0.0004955297477881617,0.0003366214283972219,0.001323659282965277,2.189418881508462
0.03947908239133628,0.03160520502667014,0.0021999277466732262,0.00017809904584822314,0.0009575061991361842,0.0006221352921489523,0.0015741515131353788,0.008600474758887902,2.0538852807062846
0.03528132488340128,0.030442665339212905,0.002103949521566368,0.00015623139097379552,0.0015841147193949743,0.000875582423724499,0.0011875141292885813,0.006549641605054808,2.4439121866159543
0.029537496672747986,0.02987198751259874,0.0022642790945926077,0.00012273940806008208,0.0005133335602721006,0.0004853562864449281,0.0024438705346331076,0.016678393612516183,1.960811725595904
0.03354410607363246,0.030483422918734064,0.002201126054572502,0.00014361751649943704,0.0007052811530442858,0.0007194269647426123,0.00028430538786688243,0.0018370483850430489,1.9129368387354184
0.03602103778675155,0.028993040872221407,0.002174751819083927,0.00015631441577567196,0.0006940769332276242,0.0006412842632926807,0.0019355739143907423,0.013160374752424462,1.4840268367920166
0.034913838983422756,0.029229283744409574,0.002193026174490312,0.00015372129452892574,0.0008510009008793233,0.0005746811585340719,0.0002572098042681739,0.0009296494754545059,1.4059442116076173
0.03235201695989672,0.030077489410126244,0.0020989084151461107,0.00013946511268441805,0.0006395577509095777,0.0006206034180417713,0.0017908298972261348,0.008094265847089223,1.420667570986497
0.032155830281151994,0.027412186724621552,0.0021374366492212665,0.00013514903609008236,0.0005439869447082563,0.0005679197199967905,0.005071503948902658,0.015132573041512486,1.6508961920997474
0.031037242887805225,0.02962164207726637,0.0021898508509856935,0.0001283823343708422,0.0005591930045051705,0.00044359759614139786,0.003908459894336895,0.016793821853265545,1.7221907757081463
0.03887469100267034,0.03024795840038547,0.002120212029202757,0.00016624601830351684,0.0008607070274572201,0.0005990890877930976,0.00128680831242897,0.006875566430555076,1.9683338186681978
0.042643656179469705,0.03130452241409324,0.0021134694781456383,0.0001838795830656614,0.000986305398445586,0.0005543987189689666,0.0015997271066580253,0.00948829634636924,1.6314259428468998
0.03976595485109201,0.029067116496992514,0.002148382439889577,0.00017208356906822447,0.0009778899751447378,0.0004677210492209419,0.0017417568896467056,0.012331380925583606,2.2494966820517934
0.034125303063820264,0.03116427767211855,0.0021939839161699156,0.00014337508906917662,0.0008640460431454539,0.00032740706986137503,0.0029873816606995197,0.022373757902255716,2.0073063872009373
0.036945045833887906,0.03166602789876456,0.0021344692538455665,0.00015753967081493853,0.0006880924704348914,0.0005666973877856409,0.0017344696860812614,0.008476608014084348,1.534812859236719
0.03172985848894107,0.02809649773047657,0.002231501681984133,0.00013520212668384558,0.0007480980142272735,0.0006679903360465963,0.0020224876194595265,0.01757394566539757,1.7908939889456756
0.03328946048511231,0.02946944058989054,0.002208596313495886,0.00014495646245077728,0.000526576615168893,0.0005576825157317216,0.00023475242940026864,0.0006945838065010564,1.5908359314840366
0.030655294730135674,0.02892590627928199,0.0021170450901078436,0.0001292956891429697,0.0005201544901160864,0.0004620068623582109,0.0001685467330851977,0.0009057648088472156,0.2724009825092859
0.035661472583980974,0.03058906054233241,0.002259289222943804,0.00015675878886557863,0.0008896333148884448,0.0005979350349924723,0.00020063791919211244,0.0009400022621525345,1.7302983698713097
0.034756352458458734,0.030244827556242918,0.002137727237555229,0.00015103778560018245,0.0010465292383271152,0.0005759713065195284,0.00146736443659759,0.011268853022948567,2.2324662830830353
0.032083329086857744,0.02789998333662603,0.002132290842206387,0.0001390308623393233,0.0007323982745801637,0.0005481528470671678,0.002371899878782095,0.02293637286140481,1.322162553743001
0.03988970927949606,0.028977164621242665,0.0021343231234238896,0.00017725144961412215,0.0016767509947791651,0.0008606521042186892,0.0018568164608023384,0.012180621773535452,2.150798784779335
0.03230512369453057,0.02831489381800094,0.002188354116162493,0.00013321444534849695,0.0006403631240602311,0.0005540291899246366,0.0017460802623220383,0.006175430482132708,1.7199990132391256
0.03182548857178048,0.03182663894455001,0.002096680003130063,0.00013768434308456643,0.0004609506885239997,0.0004522322417923117,0.00040185892776585286,0.001156027203639759,2.2339434136306497
0.03540210876209373,0.027954321930645048,0.0023102569210939135,0.00015338442182666285,0.0005243918737690076,0.00045819322304621054,0.0017595761729178323,0.007756066504118215,1.8799963815974297
0.031741570218957016,0.028361542519010317,0.00247103975984906,0.00013656356106765655,0.0005144481507597022,0.0004589579174540436,0.00024273594402467042,0.0007279030801599989,2.3787831374940565
0.03135419286927279,0.028129653358653625,0.0022779191797230505,0.00013301621701807006,0.0006418415034201157,0.0005940419749729404,0.0015639665987247963,0.011843642546865317,1.953732621433694
0.03353760856907093,0.03134076509121479,0.0022474018646238816,0.0001483783323544843,0.0005029334962695896,0.0005234651031734478,0.00036011242709742784,0.0011485364407312273,1.713420670455562
0.03512720326521264,0.030170045928420167,0.0022419501389669234,0.0001473395336407169,0.0007332715688156385,0.0005753629863093763,0.002057563059769082,0.012708459777414851,1.6275194086257463
0.03408116588359659,0.02860353600392131,0.0024395983853407726,0.00014625838581467843,0.0009132857564225101,0.0007007447993656978,0.0017813678015996227,0.007532098995341276,1.655644047708232
0.033118924189851615,0.03304392421188597,0.0022364586917600834,0.00014389031820154663,0.0008981268729204262,0.0005893204204962191,0.0003873305575867349,0.0010653741026062757,2.1803541095675927
0.04248735133983511,0.030903843723606737,0.0021106103731621403,0.00018555072149820359,0.0008987020407355709,0.0005137358961534135,0.0022668975507874186,0.024595073182468563,1.9322195285983583
0.03408103043767501,0.02897659057532966,0.0020461625278726746,0.00013839855069025747,0.0006083819949711161,0.0005412723665386398,0.0018253959846743794,0.008183714288346073,1.8400270424088456
0.02965176359627217,0.03038727778717651,0.0021333703867080795,0.00012617312756313243,0.0005291646719910096,0.0006072099337261159,0.00019594819818859424,0.0010657934091903257,1.7338328947719641
0.03655397707250333,0.030255183903724166,0.0021252086519917765,0.00016137199106578727,0.0007788553310641385,0.00035849913649360984,0.00033740447178063433,0.0008082503301975229,1.4126593281304716
0.03320206029151899,0.03077207013902909,0.002176563387552959,0.0001397752820518492,0.0007094173028295249,0.0003974531981504916,0.0018032756244651177,0.011077052144042143,1.7575812012956196
0.032805903553697155,0.03052303807340236,0.0021158046973233733,0.000138050539748872,0.0005548331468242481,0.0004397012807788338,0.001859746633456022,0.0065456340934560145,1.6001614283874144
0.03560136560130395,0.030609622421031494,0.002161905215782429,0.0001522769941818876,0.0007066667817785963,0.0005378053729322787,0.0017669929270401519,0.0098835606115599,1.9604283771535203
0.033856828244550406,0.03239156738173756,0.0022132955739723615,0.0001369584071852316,0.0007045000139183604,0.0005409976276251007,0.0017971818037492825,0.007838480097280514,1.7186258593948218
0.03320931706680999,0.028852118078821338,0.002078029165028896,0.0001438483071096796,0.0007350621140464265,0.0005105707779034359,0.0017614988758941086,0.01176093631982669,2.033963455528434
0.03623828230698119,0.026372401609819695,0.0021599522909450056,0.00015494949818949203,0.0008863451459065733,0.0006119514946073316,0.001614124835282363,0.008506516344689229,1.4891655946543945
0.035070163242594904,0.03211250368481431,0.002184127885524445,0.0001524490328250219,0.0009038031086532668,0.0003489433759403354,0.0003241703830043778,0.0011262868244917036,2.2242278436029026
0.03112404862973899,0.029757741020839605,0.0022644789815772443,0.00013914983974173994,0.0008738118816629773,0.00036661941195292646,0.00036162186616918457,0.0013236229314733934,2.625819509465589
0.04324253454084827,0.033054772990062556,0.00239890019880148,0.0001968111163183593,0.0007031712369714634,0.0007036849937492007,0.000272761727507214,0.000654371273073982,2.4126145170510194
0.032983902889235334,0.029513503975611664,0.0024440442311582477,0.00014380014233389752,0.0013958454435769204,0.0005982417603592068,0.0018213982638897032,0.012300045317718191,2.2649844790444202
0.035372792535884844,0.03167407448615064,0.0022492476399192706,0.00015294347465637223,0.00047778551554768966,0.0005543367678764169,0.00020343018233040115,0.0007458355418249468,1.463422173420619
0.035890391426633785,0.03178225479790056,0.002091398437251046,0.00015203707017727656,0.0009352850896013416,0.0006007048800288937,0.0019967236847725093,0.010816841997281007,2.0371179382653506
0.036780270247581244,0.02918962925072428,0.002314681259256993,0.00015363206121541076,0.0006725256795996454,0.0004249261000402981,0.0022994970245479728,0.014737953895778741,1.7673057832624468
0.035536894595956235,0.03472064406274857,0.002356406220240829,0.00015352187630903063,0.0005494789557189758,0.00045686509886416554,0.00022717558012899498,0.0006082770708831761,1.222019263482086
0.038509962344119984,0.033598000033097056,0.002452186921394237,0.0001638199935464812,0.00101230247665544,0.0004089735479935889,0.0003944875910313116,0.0017110324843251207,2.604555566753924
0.03266213452055474,0.027648294558523186,0.0022662985571022904,0.00013599328115802226,0.0007075383915977855,0.0006542076435707737,0.002862979384155249,0.0197707900153278,1.702788665062914
0.02975872489248644,0.0316123122153899,0.0023313057070404575,0.00012989627347048685,0.0009198289723262443,0.000559176663605941,0.00024582695032769977,0.000862507950512652,1.4193343719807054
0.0419143661619057,0.03294257228416955,0.002291812727498305,0.00019092480183342982,0.0013251491920898222,0.0005186558981799131,0.0017802910454744862,0.00804301644068628,2.174993942580694
0.03347189221669644,0.02834514610505372,0.0020650732873003803,0.00014483614771084892,0.00048192495804104347,0.00046357008016454103,0.001690269207075694,0.009645019965917377,1.5919314537216274
0.03261032279009017,0.030812949244819227,0.0021992935060663353,0.0001392544139303434,0.0005411191905703275,0.0005094258612858202,0.00016642926165379157,0.0005610376488151598,1.2209019882634553
0.03219862743126557,0.02824511253746279,0.002164711477833705,0.0001393689291530146,0.000596103689279604,0.0005606179172883366,0.0017664977823474938,0.006492897621898504,2.0603683628041938
0.03367226670276423,0.028047680870320685,0.002187824136524319,0.00014334601166231335,0.0004988946228065041,0.00041111001476866027,0.004763200697113386,0.013609986632371777,1.7196000819707742
