0.028056642797971137,0.03176642730379566,0.0015776221786759465,0.00013609716020168653,0.0005221600126068638,0.00044463067300422966,0.00024710033257056,0.0006041171470574287,2.674596098142083
0.023266890601826858,0.030010459922179263,0.0016146115552917587,0.00011277304023998804,0.0008044181424236033,0.0006338148674085562,0.0005453436046440166,0.002247240277634107,1.4102198857743198
0.03797155993686628,0.033791071840389916,0.0016582506099626514,0.00018346890527185406,0.0005376890837076134,0.000518238257221012,0.00021135837281505376,0.0005958464775530356,2.8088134631351136
0.03187737324764618,0.028233131677491495,0.001554557787478346,0.00014983503803438387,0.00047608401153229106,0.0004650823568942782,0.00030001954000113604,0.001008765235471514,2.8531010526429856
0.032816006804242515,0.029281342634516618,0.0015715707579462878,0.00015315792008239844,0.00024678841389804275,0.0006300701975889083,0.00022566210785273437,0.0005772225122653949,2.5757375874205586
0.03316774939778785,0.029178414235799578,0.0015286847650009586,0.0001588408765402228,0.00047743164876500683,0.0002896993173223258,0.00025217679250177905,0.0006283470537115228,2.840674019922806
0.030860943551408743,0.027533659534582606,0.0014993079635210475,0.0001472381252632233,0.0012138504963362681,0.0005033747870676218,0.0003189077481430405,0.0018523326474683428,1.5578687723638904
0.027610284095985264,0.02945606817886107,0.0015408870785927854,0.00013346451803247715,0.0012198798870406082,0.0007827635891808994,0.0004130381762124699,0.0028403063309238932,1.756379480583018
0.0268092945537342,0.028750655219026686,0.0016564764372205291,0.00012611474849152801,0.00042270293010050985,0.0006465577858478768,0.00016925784877403524,0.0010801177430160686,2.9815511576847475
0.030590448734688566,0.028040494994357776,0.0015623368341339022,0.00014696146797935633,0.0006268979932635898,0.0003869062016436665,0.0002416620794594786,0.0016780851195048923,2.738410745678978
0.032583037340216774,0.02958441898922614,0.001504249471136162,0.00014493799249884533,0.0006194149643747186,0.000556683817908966,0.0037322596221590165,0.022381988339766044,1.9434839788329608
0.03071773587267586,0.029831193654630585,0.0015887040698568356,0.0001475843874377917,0.0007223190259870716,0.00035037358419817395,0.0002144356997397837,0.0009391054205410489,2.913052293814134
0.026243247437172004,0.029637301528827233,0.0015156227226227428,0.0001231798630079625,0.0009046353448530313,0.0003037166763651758,0.0003877383052358267,0.001255379110535579,2.448888544651717
0.02888676010410043,0.029157825157921372,0.0015699978994367346,0.00012904266751916869,0.0006626486023560037,0.0006432745231173128,0.001598562216557331,0.00814012908435398,1.7278033294116033
0.03314173364828758,0.03056346442810006,0.001626587755945191,0.00015538868883894298,0.0009274482746090159,0.0004928398457513999,0.0002460350735769572,0.001158241209861565,2.7062627453662054
0.028727157419835107,0.02895487162250865,0.0016196984398728213,0.00013654987580976114,0.0009479908053610718,0.0006783685752071534,0.0004276632429283465,0.0017358433342338046,2.4672250262145354
0.02942480302414288,0.026865173562884273,0.001609208611049069,0.00013856174941369662,0.0010524726978345064,0.0006612696865732524,0.00037277581627132787,0.0021126068799616577,1.1041133152490372
0.036573935658142195,0.03132155731082882,0.001611944621309811,0.00017585515615543178,0.0017230169143602695,0.0007829138724604121,0.0003084186158710371,0.0018245946294922154,0.5740851314105027
0.027131640689108956,0.02715817463767896,0.0014867414135396216,0.0001251689858293991,0.0007684368085119738,0.0006521398941361505,0.0005186669282552603,0.004855415509706555,0.6686111773134394
0.03331193327855409,0.029287873023335194,0.0015632714779516249,0.0001639580560043491,0.0008411741884961092,0.0003866297399059293,0.0004315046641882101,0.0014310445250458699,2.086008219213856
0.0327804132819245,0.03063157542617003,0.0015590761084120972,0.00015581592002438115,0.0006121779404292941,0.0003820157966070629,0.00021417188662407847,0.0006000226121529889,2.5650813855307337
0.03839461819046425,0.03340141650587153,0.0016183165938818875,0.00018795945492158426,0.0005582929293047211,0.0005342153578543955,0.0001655753014598013,0.0004566378298343373,2.400492877662446
0.02813378659493573,0.027089005710121784,0.001478183173104938,0.00013147455153274427,0.00029234954799157965,0.0005393263979596117,0.00014378866463048124,0.000772843092731118,2.8308329122090345
0.02846054850158633,0.03138564389616027,0.0015086607005046354,0.0001255079799491983,0.0006264083057751945,0.0005590676394958877,0.0030794314120220104,0.023847889584543674,1.69294191703757
0.027734268585480823,0.026606406153412098,0.0015415153511348242,0.000135849810262236,0.0004383146009062135,0.0003501782828556939,0.0003756181990549008,0.001185092457536966,2.993748060311333
0.02762969641231566,0.02627522255481238,0.001551040498410875,0.00013024622910115757,0.0006233061774610374,0.0005780069801115778,0.00039601342779843184,0.002718840466205496,0.5149999158436723
0.0309368213853489,0.02989005711056416,0.0015332899586348245,0.00014598582994198504,0.0007052952653991738,0.0005642701648728342,0.00022305155521533266,0.0006268879108176185,1.964906774750066
0.03463271457623551,0.02929821993756541,0.0015950079115500215,0.00016976630938502288,0.00047963237533104887,0.0005003603675364486,0.0002478067608050877,0.0005785905393234944,2.8509006603502427
0.03439132645323168,0.03079919927420359,0.0017171506128004263,0.00016885416713791613,0.0013213619128008695,0.0007444484030322205,0.00029470053644702385,0.0017479884942412291,2.1638739572081818
0.028403068520659182,0.03045645087820289,0.0014794941157285336,0.00013058409080430436,0.0009443641414582309,0.0008234955513285314,0.0006867405543124238,0.007546238012221385,1.3011025657716255
0.03055205394208388,0.02794190176399878,0.001480230670898511,0.00014729906731980822,0.0009389717460594628,0.0005298883362657358,0.0003561133824526149,0.0020209721773796086,0.5481146001102036
0.03185035591904138,0.02997147040401122,0.001699962540301155,0.0001523779986793357,0.0003743882348949513,0.000535269880082654,0.00021586019698443808,0.0006639773781870211,2.2593719591559616
0.03578823624959637,0.032006598414489974,0.0015944317797494524,0.00017442513799038596,0.0005630986923239037,0.00046710912267273384,0.0002280316544144111,0.00063619552980874,2.6600458538567877
0.04109178349079475,0.03262518155661086,0.0017729390996022688,0.0001913062688498253,0.00044394833839635727,0.00044107792151551006,0.0001945305371046315,0.0005441660662720452,2.477103685316197
0.031263154276771565,0.02911439347963385,0.001591703273487073,0.00014380816461972087,0.00034896559104656696,0.0005027435107326956,0.00016199168754695852,0.0007277592608907235,2.3473283511035667
0.03294885002886055,0.029539306627351398,0.001536315536440311,0.00016404946065827668,0.000990066621962055,0.0005090154863645576,0.00030356763113254675,0.0014242833335370406,0.7660398262119988
0.03242507448669596,0.029451143875990928,0.0016250186819202128,0.0001547846610265599,0.0006271858191910225,0.00041359542974719974,0.00043486806528574256,0.0013166376040604727,2.094841921673639
0.026787096502283687,0.028364357453485575,0.0015362712827023403,0.00011832092993457957,0.0005877704960881941,0.000561141315869628,0.0023591743682553072,0.013543781949291085,1.7113830853870267
0.03410177655907334,0.030983634752206755,0.001516359208360889,0.00015999937078672313,0.00030602013889363797,0.00034197312809382057,0.00025766522935417196,0.0005128729535769933,2.182661841164328
0.028206337217211042,0.026588094583714975,0.0015287519683860908,0.00013637534503069826,0.0007428455945167251,0.0006827733976930209,0.00041821289163443973,0.0032277742082094905,0.7451880767488237
0.026837030412057226,0.029387218648606665,0.0014950925435929243,0.0001249860410971668,0.0005710810190694854,0.0004574965744119131,0.0006640749539070777,0.004660558398131343,1.049706955294725
0.03435263100343886,0.030497864777805864,0.0014757564903413122,0.00016434108350345605,0.0010888489059283886,0.000526555529910926,0.0003783843298556612,0.0017799391587434656,0.6607514433361232
0.028988739741006124,0.02499778259893236,0.0014580509204782921,0.00013301156592172608,0.0006383864025584664,0.0003690404853936322,0.00014863050890360653,0.0011834051252387235,2.771074831698014
0.03186686401470814,0.0318291396236377,0.0015385712667092433,0.0001554247635635726,0.0004096743344489178,0.00039401675080512853,0.00027894561814690487,0.000632390639782546,2.578168749405928
0.03012838871829776,0.02798492150188721,0.0014787561024281342,0.00014350942672915114,0.0004376755054506639,0.00036111213045047743,0.00032698333519759856,0.0009468890744156085,2.67892879655399
0.03047450242801524,0.028167582123473554,0.001513266695430082,0.00014698527797669378,0.0013776634079619785,0.0007243992732361665,0.0004017029527625515,0.0018411646300234225,2.4904710499612266
0.03611880759681311,0.029114777768239723,0.0016182967599067857,0.00017501594940490595,0.00038692871175936616,0.00036586435659626145,0.0001903670655739637,0.0005335697865346575,2.965666226602969
0.030948831891742915,0.02811180695097018,0.0014624552867855576,0.00014910071323272732,0.0006222157423116174,0.00041252165025033486,0.00020726960920399584,0.000585103109658572,2.9427043237230617
0.03674479574306424,0.02828073453065735,0.0014784884542029298,0.00017803584549245285,0.000541973499446441,0.0003453400052546564,0.0002038973246081713,0.0006137657050219835,2.9895405808193765
0.03300482215419406,0.03054830344983147,0.0016003211213153703,0.00016193665291537962,0.0008345193638811345,0.00037663296296518953,0.00024767859683456016,0.0008414189949668947,2.272281046056982
0.028562638012934894,0.028332993062717044,0.0014878724961215311,0.00013641672552248447,0.0003833233779600819,0.0002952133233874415,0.0003093447055760582,0.0012051216155095422,2.758765704641539
0.022903194608067386,0.028057362852849314,0.001571401395983725,0.00011189281641618256,0.0004981614215804065,0.0004685833660643461,0.0005124660174804249,0.004883943788022593,0.7344219263640337
0.030373388840061164,0.029956789661272635,0.0015433999487971045,0.00013096014526172215,0.0007802436970324414,0.0006799829401170725,0.0028490900513117954,0.02332737695753429,1.6764700455990176
0.028716789234113367,0.02631248660439474,0.0014336994493031588,0.00013405009566064892,0.0004067990920738857,0.0007926822778290203,0.00034824333454654935,0.0018738192615692438,2.360157622465269
0.03380374514415472,0.028083866927455455,0.0015422774694962744,0.00015914500011088108,0.0010734679270032687,0.000443672579631878,0.00029653405957817816,0.0009646468711918195,2.7296228200862225
0.034474814615029326,0.02983856132802039,0.0016282382474830603,0.00016631020442485703,0.0004479720695671151,0.0004367759010423182,0.0001889665577403448,0.000630358240913152,2.924513655631128
0.030101740025239996,0.028679305746330475,0.0015948285201003727,0.00014542063311086655,0.000895153668233597,0.00045827762153688103,0.00024647194390312635,0.0006619718109663868,2.990048804005392
0.03249087674558369,0.030491217331603343,0.0016390150678299107,0.00015686111838149403,0.0005642431156041701,0.00035063795175925517,0.00025301907243487537,0.0005518182607589685,2.563770116029451
0.030371592969768952,0.029307978812164927,0.0015097740814682872,0.00014658479691785753,0.0006918672624207297,0.0005141222847406588,0.0002303882205687349,0.0007574585792025249,2.3151816750047773
0.035543251508446776,0.032725784128526586,0.001591241142541065,0.00016938600723691812,0.0004236840119305224,0.0006111239934945876,0.00036194531789166575,0.0006432518547862949,2.991189215486425
0.028944683000077197,0.027909899087599395,0.0015552478648241316,0.00013655048436291706,0.0009032926369989087,0.0003982463931783756,0.0005153641381422504,0.0022350192155399825,0.6879557714060267
0.02683433088748277,0.02707151278161032,0.0015665379551058753,0.00012412704258517426,0.0008094763920805903,0.0005761857607429437,0.0001749515727102937,0.0009850521795426496,2.6013645200926194
0.034147467981049735,0.030513359355741846,0.0015189154286609368,0.00016216779455081586,0.0008213323040474553,0.0004091913276978773,0.00031824685415469,0.0011118009234737573,2.9277188635244635
0.03710105001048246,0.03212199369790179,0.0016032370255689048,0.0001790994255177702,0.0003647309394670822,0.00032219358750062147,0.00024810477544248504,0.0006975955737468125,2.506315406276645
0.03498121047523748,0.03049969813990498,0.0015812804658489443,0.0001683957584567473,0.0012662317262639722,0.0004404298558697078,0.0003744930185048289,0.0019525100992742303,1.4742182006119122
0.029026425458163228,0.025317708873143007,0.0015883197480770143,0.00013592681086870042,0.0007396960631564388,0.0003790558128244242,0.00018959449540168594,0.0018274117028671687,2.9475324852326756
0.03294130054175522,0.030001228426288527,0.0015798345974602109,0.00016411677719137943,0.000839384844701359,0.0005010626159963008,0.0004436025428652849,0.001695303909742962,0.564332938558146
0.03036952374607759,0.027979605142670155,0.0015536434897642096,0.0001475751771854096,0.0007777111749784055,0.0004772458034093735,0.00024642629097239755,0.0005162890901587159,3.0218233364734655
0.029549524893900957,0.028378163568751374,0.0014692019979355292,0.00014323318490821273,0.0005019120899317592,0.0003536804976860374,0.000343807854415922,0.0011196020671083774,2.99064630707211
0.03119444441436091,0.02851228151099928,0.0014937676111617068,0.00014767913764896382,0.0012828756607950013,0.0004529443950508192,0.00041114060236565117,0.0021393707488112355,2.385454506849311
0.03713456729950922,0.032880934400861005,0.0016216459830112782,0.0001792430857635742,0.0011064666093916753,0.0006192338557400875,0.00035620011056717725,0.0014780424364035697,1.4251517968372924
0.025011605633966805,0.028489940823551038,0.0015488566291272496,0.00011847249032219177,0.0003540107998028157,0.00036551232094575377,0.00041501402326380414,0.0015113131986513651,0.2833669352318907
0.028511565565483097,0.026024648091924618,0.001440288406004838,0.00013664066241597666,0.0008841964571902892,0.0005045062227742199,0.00047090771231600876,0.0021197613148614953,0.6103957997192014
0.026240845344526288,0.027405805105478142,0.0015102534609876693,0.0001260615044840331,0.0006030803677121355,0.0005711089884717317,0.00047982996892189175,0.0027204467684267958,0.5326858969154346
0.03099999069492928,0.03186953971110521,0.0015553764954590278,0.00014973585326139198,0.0005384996789012229,0.00047372692808972665,0.0003292494501458769,0.0006043189582395606,2.701101002042854
0.026650254754974997,0.03032330082876293,0.001520220241141488,0.00011979271274477124,0.0004829903536748775,0.0004480773705317636,0.0012748017097020251,0.011244256954464961,1.5500063911000728
0.02737353519284135,0.02991427780593234,0.0015469425903837665,0.0001302606880239549,0.0008686137601460231,0.0006444224944672204,0.0005287778058637865,0.0032745379758793505,0.92057817021824
0.03326670406722565,0.030500557986518302,0.0015460889865819144,0.00015895984882753514,0.001176205106467863,0.0004832560390925962,0.00024401862108501331,0.0007685864187613921,2.868341984151855
0.02818686679918495,0.02912667550523635,0.00150113502058499,0.00013741163333212987,0.0004074383720388172,0.0002807723570528999,0.00021942076992186342,0.0006985374449304452,2.9647400025423654
0.030477490485996662,0.029332073030195728,0.0015505562990978912,0.0001444221650137095,0.0010118050824775755,0.0005478578509785965,0.0003458325857419501,0.0018667244016019827,0.9471850583541324
0.03542291185619675,0.03669622894459457,0.0019294784819617065,0.00017226846445941103,0.00040027983673535805,0.00031052772227991904,0.0002559257874674521,0.0004355215275284309,1.9054974090317687
0.03446002768110956,0.02662801852752061,0.001526586504236753,0.0001697845294235178,0.001068579164409996,0.0005696626747996107,0.0003232836337213998,0.0016349385148068274,0.6190028846071942
0.024060112057822203,0.02669307282943734,0.0017294380911861136,0.00011645132960981008,0.000579964238712302,0.00041267970356037044,0.00047089672815869583,0.0028938919318444514,0.6237812219656111
0.033186579950107646,0.02900434041832615,0.0015002447252839574,0.00015978441480428088,0.0004775863183756048,0.00035416505609353334,0.00034466018792910305,0.0008019426826010309,2.7639948945234036
0.03513301858628585,0.033537676937939555,0.001519380361607374,0.0001666094988940851,0.00043879668355995027,0.0003501974816005756,0.0002810127070822232,0.00046056195188294634,3.0264037873206555
0.03222938923655224,0.030751522959200923,0.0015312468905325863,0.00015449626792874,0.0004804407965650404,0.0003605516945937087,0.0003289343797916474,0.0010311894445288936,2.9369128182225013
0.03253253425371105,0.028572996660679337,0.0014908031175500437,0.00016085690262332558,0.0010387619543048,0.0006110925559994055,0.0003347163013404548,0.0014004948571360422,1.162686462160809
0.034722990324087655,0.028592347027756374,0.0015910461653649572,0.00016803544684639628,0.0008808189002701205,0.000311532802056137,0.0001898746878623397,0.00104813495087967,2.8008353430526647
0.027311763168436014,0.027804252909841922,0.0015080902172508958,0.00013073672151689455,0.0004895782195241212,0.00032584669749279824,0.0004966019569505508,0.001709732891860034,0.3521625674484464
0.03303901192905176,0.029719808888871317,0.0015603169691398087,0.00015805734675949034,0.0013135064780057247,0.0007187395278436476,0.0004091406651799987,0.002053871338563821,1.54424185597049
0.03033863658931534,0.02594187132677057,0.0014484912259307735,0.00014815920759282181,0.0008745590930199695,0.00042537396615784903,0.0003273810911747443,0.0015792965429171277,1.1275676285257588
0.026921618318635928,0.025779321659651817,0.001468270991947802,0.00012688404744243837,0.000683508112589944,0.00045658658957566583,0.00046155819871310065,0.002360543361786358,0.4887928838400049
0.04072484097225126,0.0294931291661983,0.0016164709630622398,0.00019695088594178236,0.0014912560076411937,0.0003184293727540515,0.00026819469589050784,0.0012620187495685563,2.900405035716737
0.029405606673294643,0.028374405521601746,0.0015874997011899085,0.00014098688519699818,0.00044340158960755295,0.00022401913592111865,0.0003597161458191846,0.0009922280184507524,2.4631904748415945
0.03133371925620134,0.028498349408621452,0.0015045278979576111,0.00014898894606969211,0.0004792341678395299,0.0003690832571130216,0.0002230940359513721,0.0006292007808978412,2.9749717298569194
0.03386680993041268,0.029351274447381465,0.0015166491999795261,0.0001618411082776142,0.0009922313610689114,0.0005494218094347697,0.0003785848975129237,0.0015790011544568369,2.26257319469655
0.025472290365487302,0.025648766886747856,0.0015448613280699226,0.00012190703829276445,0.0005560987731626839,0.0004602593984599513,0.00039327528122528314,0.0020473688486635903,0.41366010882521514
0.029041168600052965,0.02844912296295801,0.0015374434102450284,0.0001373485463369427,0.000680989073549915,0.0004739285642460198,0.00036334298598461953,0.001660995919027481,0.7346542479857483
0.02684685056687253,0.02759019640460849,0.0015485609860691454,0.00012558738103511956,0.0006410846699584347,0.0005514002049763896,0.0008278705347948581,0.007462053533854986,1.010735103339353
0.02906012689062174,0.027451998439045024,0.001492711840813156,0.00014034617191999456,0.0008104335579439472,0.0005141261515366988,0.0003887344760022437,0.001650366419271929,2.6276093650595986
0.038849537550231024,0.030617709970777885,0.0015636468082711494,0.00018807322679067164,0.0012977464203948587,0.00030704797657492777,0.00028784510001634265,0.0015622773459357379,1.2219944793304953
0.035153412996020074,0.03183464734583698,0.0017305929703753913,0.00016273355351413533,0.00038440294279188335,0.0005731922656566995,0.000248227133664462,0.0005943382153266475,2.452141036625048
0.029117688330322473,0.02866025834579447,0.0015232662682745583,0.00014514750894709195,0.0010309801636785318,0.0006559469782265231,0.0005901881757205069,0.002372133170983786,0.8534324026152172
0.025546502892625857,0.02930535527724161,0.001566935595719431,0.00012318234245234505,0.0006763149558029081,0.0005850916867539612,0.0005789758296696766,0.003479245852204282,1.0847732023936818
0.027505840577460625,0.026748912489517676,0.0014296441282231783,0.00012838549887070385,0.0011606892643766728,0.0006168076918989243,0.0005937913099101331,0.002193097714513442,1.3265772999215928
0.03244301649558482,0.029614563348442025,0.0014578018170805166,0.00015850671451297588,0.00035649813072289303,0.0004770909373426391,0.00023972105412152337,0.0005771603131172139,2.5035094158451487
0.03084244947913324,0.03073567076491006,0.0015368200895039088,0.00014722644827013334,0.0007199744172066381,0.0002513157213168819,0.0002610541657312098,0.0007538033224674498,2.943664061403247
0.032150641263731995,0.028860251586238908,0.0015117689967363518,0.00016107161016635542,0.0003700640519097335,0.0003497684686697516,0.00021674510910292582,0.0006570751907913929,2.88582661713727
0.030752447540871742,0.02687976137295481,0.001533822086396739,0.000146344497122797,0.0006607805855879999,0.00039387077983646515,0.00022737599780711876,0.0010466247536751042,1.9352171594569518
0.03624516201306679,0.030147523292218426,0.0016387178299672113,0.0001788815637579748,0.0011902659054090752,0.00045039631579788924,0.00027342921255713585,0.001663496841111553,2.0047155582772267
0.036088583734471526,0.02992031920708376,0.0015578876275792123,0.00017322559119354255,0.00036104878653972673,0.0006865415983567942,0.00027346774733229555,0.0007434971579167491,3.0097210830514536
0.02483643180388853,0.029185690639416752,0.001577709248231775,0.00011628764750170089,0.0005940042057598976,0.0004960967634896151,0.0006056885217044152,0.004638317530430615,0.8382162281787057
0.032162380882959876,0.029961152911549993,0.0015689491781048222,0.00015296414328000628,0.0011287130698587444,0.0005213744747659874,0.00048723052741749825,0.0024531916426737558,1.9357449594058815
0.04113579678777758,0.032572921564239986,0.0016278010613391264,0.00019772571630786087,0.0014628073731213192,0.0007244350122458563,0.00032857804691303666,0.0016973909648371705,1.7236802526604318
0.03648215930385452,0.02920208863769167,0.001598994508804383,0.0001762111399805978,0.0011887415411257016,0.0004931950315236717,0.0003929231177520247,0.0020040272794269475,0.9152423253333248
0.030713364294259037,0.02622730629088548,0.0016774900752441126,0.0001458623730570538,0.0005892386960381807,0.0002910742688172315,0.00017113166835401432,0.0009179351898455535,0.15772867992424733
0.040374860000178835,0.032774639711562505,0.0015420396317392107,0.0001941157230591097,0.0012458301724832441,0.0004512129566043859,0.0006408599201106545,0.009831099667865204,1.6757305754983371
0.0339463085303086,0.030712316560021023,0.0014948798183840675,0.00016235582965902398,0.00034928764604111296,0.00026216900708978685,0.00023085741784314913,0.0005844007554644156,2.7919460046530884
0.028189599873030987,0.02689179179038685,0.001535147645833906,0.0001351539200139038,0.0007028329681300746,0.0005712387233654514,0.00041588923070635665,0.003136244840365075,0.6856350160304583
0.03145984775404275,0.028193462209121355,0.0014909306703692717,0.00015097900257532757,0.0007521787975628075,0.00038898375436730286,0.00039282247524187984,0.00167740200587368,0.5546015109593888
0.03280108234431168,0.029326701441618204,0.0014763333585520256,0.0001537800760786929,0.0008427774608207748,0.00033580721688800634,0.00026776564276173104,0.0011502121666429172,2.9419152185025594
0.031287650713668964,0.02763677844164038,0.0014934068871372294,0.00015147881252650235,0.0003553988472930712,0.0003645939222400297,0.00024322774498287088,0.0008264469780131706,3.0032338583071403
0.030807554375359147,0.027646831045922415,0.0015058458851541264,0.0001487801349012405,0.0004326962444981439,0.00044157072698572646,0.0003067276047613749,0.001135797586119941,3.0040149423962235
0.031249375889991306,0.02914813861720037,0.001533006486431703,0.0001517823876703708,0.0005292935276717073,0.0003242387890897906,0.0002510183087422792,0.0006714751651710207,2.6024021137572055
0.02946945835008344,0.024572116405959542,0.00150124074005445,0.00014032427988583027,0.0010421062878482512,0.0006753532085567313,0.00027646786182287415,0.0014484914162807908,1.3462407867631656
0.026291377963907295,0.02592114674726125,0.0014022639507238034,0.0001228237129436987,0.0008466605770003424,0.0006037795578723559,0.00033080721010568813,0.002356891392708941,0.5346570571434809
0.023801643240353824,0.027526139540319086,0.0015628347387152718,0.00011208827444462285,0.0005357512291971152,0.00034177961326209666,0.0005123903886089255,0.00207216385830866,0.37393793891347854
0.032729231677940146,0.0279059325479718,0.001602947341910252,0.0001592999311303676,0.000323626002853177,0.0003697810861379534,0.00022696110430089423,0.000588698577183821,3.005299537112199
0.02982450594356932,0.029263857608748004,0.0014404259380634687,0.00014598197249192268,0.0008189421171627908,0.0004212272558696169,0.00028423232333857633,0.0011315097555968322,2.188151581875897
0.03478877774192931,0.032761974661172984,0.0016058204230790084,0.00016940231777965733,0.00029597223294137976,0.00041410594110492837,0.00019649799279278837,0.0004091425638377892,2.4548551917697754
0.029789764501361476,0.02521759885973281,0.0014664639009348837,0.00013715581116611016,0.0005560276243480264,0.0005424647529961883,0.00017022556770390353,0.001255314573898528,2.380200441771052
0.027778514266089877,0.02698987936583047,0.00145105186370014,0.00013282229205367096,0.0009500046912913181,0.0006616288590182606,0.00048275426893192806,0.00252604087297512,1.2978236037558482
0.023444085909764944,0.026078256279169466,0.0014483092974350805,0.00010834006345839552,0.000887832591082414,0.0005524964210616369,0.0004804147831475164,0.002849718942410125,0.7510280186776902
0.025506456350565847,0.027205601218242184,0.0014478136681705918,0.00011842286456652083,0.0006029991989287999,0.000514334703641744,0.0005430572080238657,0.004504785123600366,0.7927368072226921
0.02571514631175341,0.02548127848324769,0.0015455282741840054,0.00012139513111587545,0.0005285566370901252,0.00039887877645804085,0.0003576013949799572,0.0020411114561691333,0.42246728076549633
0.029020365264069616,0.033062301905156945,0.0015962263874597297,0.00012979448117639514,0.0006502343522339023,0.0005470283366783865,0.0012822191138563914,0.012114022259093603,1.4235883983572497
0.03350414136243966,0.03032876615122061,0.0015657527327164144,0.00015920745647298316,0.0011787797066372964,0.0004801095963120901,0.00027241098850153557,0.000985479719029264,1.92792904359882
0.026378036569971376,0.02717121119826726,0.0014397191780572021,0.00012013196768992704,0.000532703087979309,0.0006335592493291271,0.00017128505267155968,0.0010776345678794516,0.23562600117455587
0.02858067265986444,0.027371345836679724,0.0014660224188377006,0.00013509135843743284,0.000899405314383208,0.0006491709608098887,0.0005151077124130226,0.0033504043707886007,1.1185378572779585
0.03618902333294677,0.03323496927219502,0.001555693434322969,0.0001633213876941636,0.00045454110766829484,0.00020464210058991123,0.0001807755570792761,0.0005749081755533268,2.353962252077836
0.028653286279519283,0.0306306492353512,0.0015433822254310634,0.00014023765999754778,0.0012211209205143082,0.0006832765241822574,0.00035903848008612873,0.0014257762126785743,1.6079277322778724
0.03170171762270386,0.030696705530562796,0.0014927563220983459,0.00014826056414078326,0.001031197561866663,0.00030861178211824265,0.00025575099297802013,0.0007689598432877924,2.683102744789069
0.0314974774452328,0.027332888401410276,0.0015627005458225401,0.0001524303290494546,0.0008866120656097717,0.0005358373972075202,0.00033495395953084744,0.0017144657967257731,0.4919496663632455
0.035213901909012114,0.029795291980435897,0.0016247304452781089,0.00016773433195186463,0.00029186423546760713,0.0006804466395733242,0.00026706501922560145,0.0006512155682284866,2.9709640383717857
0.02536110771831338,0.027619042728628362,0.0015489030801041665,0.0001205634555035442,0.0007139222859283026,0.0005438825366769598,0.0006158084385627073,0.004165078822993656,0.9291584096973051
0.03891509121107626,0.03092503818167673,0.0015680789068365638,0.00019043571781691076,0.0014717810612752175,0.0005643076513013937,0.0003727550353792638,0.002155531666615514,1.3353449547831122
0.030400808777341127,0.028417707036199398,0.0015023912661231873,0.000143973775354027,0.00042461729551059984,0.0005637674294129033,0.00019929686682521,0.000770401857749907,2.9214249456140946
0.0312731302701473,0.029413209666222486,0.0014868567272510304,0.00013638923776657064,0.0007604200784122204,0.000693631476698703,0.00199994048782024,0.010944786837830314,1.8093358359637806
0.030013960156050713,0.029567198271062283,0.001467779918381188,0.00013248566951928846,0.0006864095978086741,0.0006383380444960193,0.0030432614669265562,0.021607688300411265,1.9623045361944678
0.03733433513339624,0.03312637586910249,0.0015865634139613082,0.00017667028031028667,0.0003588542542311787,0.00044466825800363615,0.00028089429978918177,0.0005945387140720021,2.374122166402948
0.04082593083068821,0.029304663481035522,0.0016577223254086745,0.00019340621587213652,0.001424233977292847,0.00062100948554637,0.0002504153429917131,0.001382169664964996,2.8898179683176495
0.029357035786448413,0.029106236747152535,0.0016706594262732239,0.00014252303819232404,0.000565287278023021,0.00027905004706427807,0.00021666696478989022,0.0007803915973764947,2.5512077623527554
0.03159717158405565,0.029342757761744085,0.0014949388924429437,0.00015245198976300786,0.0010050824202673572,0.000553587534660905,0.0003726771438300255,0.0018653624601998001,0.9192002060733788
0.03610180389077965,0.030511489124956614,0.0016140097624160982,0.0001687084767156904,0.00032108539604143677,0.00040124387119134527,0.00019856264647426274,0.0005846778246712727,2.9221984661442137
0.033525635970136455,0.028835142228917962,0.0016022365835048715,0.0001605056445415806,0.0006763174836029025,0.0003984044924539027,0.00020308523915779747,0.000597126905693057,2.261654408732372
0.0246874397937238,0.02827597987868008,0.0015164780025124674,0.00011677276259962562,0.0005439456894606796,0.0003639314654325355,0.0004772026833118859,0.0019525898201128377,0.41332036657292753
0.028278483628770022,0.0324411236276675,0.001504759977350731,0.00013216671183179367,0.0006640769992685353,0.0005894249450641305,0.0011576259667869322,0.01079338509574309,1.3696066091985442
0.02668273237649863,0.027012422787141402,0.0016222549552883491,0.00012431808019281742,0.0005598689387649021,0.0005248917168045005,0.0006582136410733156,0.005612586439660212,1.0547414932548163
0.03231755676380915,0.028526834594341795,0.0015258139100028224,0.00015535169498112682,0.0013962480778890052,0.0006111811647546334,0.0003440191022726403,0.0019717285386868823,2.1350400542005024
0.026128840858628183,0.025437003107363635,0.0015432553425338402,0.00012221751675698146,0.0011938735652010242,0.000437179778330097,0.00042080793790783916,0.0023202083124815123,2.127142687118663
0.026550614100941547,0.028625128434226443,0.0015185862785455635,0.00012652692275352917,0.0005783374925115636,0.0004310863341594358,0.0002123601156688745,0.0006787150599043344,2.9433123201673412
0.02692615346456742,0.028338032769937092,0.0015649799132435684,0.00012775798608898647,0.0006768701483652085,0.000638235891096071,0.0007214203661532805,0.007821377525396847,0.7880832709992543
0.029625599330623417,0.029768473733991142,0.0014753313972545397,0.00014547236984013294,0.0009764801024305863,0.00040846857521726395,0.0003559195130703332,0.0016907807919913313,1.005452155052518
0.03031329365789774,0.027033768477928946,0.0016407799867281395,0.00014618228611058508,0.000870755478954602,0.0003349912641618256,0.00022240151010998613,0.000869859282025008,2.9561803382209386
0.029804818242823748,0.03019271206604043,0.001628797297957929,0.00014109975409196126,0.0003974251533727035,0.0003576247913179385,0.000296336213502502,0.0006670786086485121,3.0308932702937
0.029557960545148,0.026618193839109915,0.0014338103248068184,0.0001425529783279903,0.0007492335123918985,0.0004028697899327312,0.00017374586709441116,0.0007762076343137561,0.2301463300271811
0.031448807673546776,0.030796360719551268,0.0015430109431561311,0.00015364418624287844,0.0007558409932146851,0.0004237885078474912,0.0004070956909537757,0.0016414373625198177,0.44556198194100655
0.027077111775052464,0.028456674962191546,0.0014879932353127287,0.00012940714250438113,0.0005365133501629449,0.0003337388131874998,0.00029530253320355753,0.0008300582387235412,2.9955694122002234
0.030317050417801413,0.02708997435386242,0.0016291924445245702,0.00014530486645627385,0.0006478408282900435,0.0005461521299853754,0.000310921839498074,0.0011155817470586166,2.7774900161612432
0.029461199580013225,0.029198047335692607,0.0015982541027401954,0.00014287041514016635,0.000560342110607299,0.00045526159745068305,0.0005906623172509076,0.005920650549943972,0.9810645772961443
0.02879895301059081,0.02851829168719117,0.0015047248949054683,0.0001414236297950392,0.0008655296257226072,0.00041982611053239475,0.00027582548882788046,0.0007094266367986239,2.8708878366931097
0.0386292940473937,0.02747682762926985,0.0015650284143225825,0.0001873954835660167,0.0010930490646938365,0.0003882518577977675,0.00037750099043553514,0.0019746463748851633,0.7040235683058352
0.02768199977460691,0.028013331730766065,0.0015261902062527438,0.00012940264277097632,0.0005780042346506095,0.0004331167859277701,0.0007073290043583817,0.007469945584278607,1.1058911361058572
0.028253530544771668,0.028873064750940054,0.001607862300271292,0.00013593709293373792,0.0008075833390209065,0.0005314303530535529,0.00035399067159307514,0.0012341862466283841,2.5216300421767532
0.03383931270952661,0.027866968102099644,0.001478518945311944,0.0001620740405379243,0.0013221807435398237,0.0005227318897844489,0.00027974782089785783,0.0015335063711046772,1.8446135385753373
0.03270882319968134,0.024879279080425025,0.0015542037481928782,0.00015560891346166306,0.0007656856161115464,0.00030877862403181613,0.00018775500020332524,0.0009823836065048662,2.425818669379009
0.033498999401277395,0.029756321372874393,0.001554711249159765,0.00016192817694923232,0.001020632088508266,0.0003633023149648559,0.000258201488947077,0.0006513128996835415,2.591291895694288
0.033624421922242846,0.03269693180587958,0.0016433930775690369,0.00015797091127094548,0.0004965407441873416,0.0003853463036715962,0.00024326356961284834,0.0006684719626470672,2.6783685460974436
0.02949345125283953,0.027601826936117575,0.001512674018337589,0.00014145223807679314,0.0006069161597232361,0.00044166520028447417,0.0003873755756293705,0.0012468408110422812,2.974011398794552
0.026546466426540103,0.030042811907565078,0.0015112451014845578,0.0001239828608907502,0.0007186682432304184,0.0006524222384271024,0.0007205869897988504,0.006560627983554202,0.8319757993591477
0.026760049703827754,0.026561359066892685,0.0015947871655156989,0.00012496988786961014,0.0010027098178939887,0.00026418570107322454,0.00021987253885340772,0.0011981839635961844,2.851878372918027
0.03422175705903606,0.030641624277016957,0.0016544730660987207,0.00016612240240731563,0.0004319883811701297,0.0003996249177659923,0.00032030545353657733,0.0006270515280386198,2.5115536015931053
0.030685508462252698,0.02574561595986982,0.0015921209126301683,0.00014700977443797645,0.0009172753231023714,0.0006210363984952904,0.0003811375802487178,0.002679782635056761,0.5088356014295028
0.030273710482135844,0.02761132252945271,0.001471411630174453,0.00014087911215125714,0.00044618556705160374,0.0005257539598738218,0.00042716403438139536,0.0016547561138663324,0.35877751609141456
0.029350634123106383,0.027102726565719555,0.001451997464759492,0.00013970776756933446,0.0005641585784195612,0.0008896177306655171,0.0002720510702454484,0.0012207326795885974,3.0166775026351638
0.02905535597295891,0.03025981639070445,0.0015630409313785879,0.00014372185636826387,0.0008204198802619513,0.0004941327366855639,0.00046093846234740974,0.001905255584342921,0.9722569775039102
0.02948891185358217,0.025801701759453104,0.0014721883210844808,0.00014172656873008972,0.0009192775370341924,0.0004968395765909566,0.0003630780751197906,0.0017489429847124115,0.8856605907708389
0.029632768212803324,0.026515311184316777,0.0014972909693524235,0.00014130932350285035,0.0006313761194809351,0.00044502205474537197,0.0003831365937171896,0.001626070734649873,0.3672659070290692
0.030188149071840854,0.028330536853764077,0.0015809612442642014,0.0001455343658663782,0.00033465506875259764,0.00036741745561200075,0.0002755999931403121,0.0013532456134526304,2.540176024774828
0.028063412674408036,0.03082262350884987,0.0014846468876113603,0.00013333327657350408,0.0007591498022408548,0.0003774495921626279,0.0002715476883482983,0.000765921515816776,2.8802692855021106
0.031980344645877644,0.028893459998269772,0.0015660182172949533,0.00015437245295165687,0.00030577898321505287,0.0003989721698668051,0.000276737374800334,0.0006486419209163698,2.7834267126622034
0.03192446816033825,0.02937987835762259,0.0015310243497209132,0.0001502905503426688,0.00048263106297993303,0.0003002553717464019,0.000324313907538131,0.0007792997699699417,2.3303677979913107
0.026855621022741985,0.027685682644185094,0.0014562209231649304,0.0001287826052739095,0.0008388669782356066,0.0005184030849861445,0.000522651097592698,0.0023501445977325572,0.7774609738703412
0.03519990559847163,0.03386566862385591,0.0016316628707086342,0.00016377191503795903,0.00037571523303013744,0.0005348842826052782,0.0002505189073654423,0.0005056648376160232,2.4819137237046265
0.025139742035165585,0.026735567808123983,0.0015521508366252094,0.00011751986225796172,0.0007004467820285264,0.0003132244874193317,0.00027594106519686124,0.002216883153624449,2.513440837734615
0.026257599933024605,0.02936489157681706,0.0015255498868289583,0.00012311797521167797,0.0007049726577781235,0.0006264600765808869,0.0009403898135290028,0.009362330361695335,0.8616367918873005
0.034424110614064335,0.030680290242071754,0.0014660470812410023,0.00016429937555240734,0.0005803502572464513,0.0004189388419406369,0.00023178193313272142,0.0006527262964417985,2.539460867968235
0.024372545829497324,0.0272715412011639,0.0014939333092310436,0.0001164003881662679,0.0005096373339903024,0.00033510993550897096,0.0005877489609816217,0.004003105768626682,0.8508092385648346
0.03301577494978106,0.031322150995625575,0.0016100811813848574,0.0001546742514287089,0.000542188970035759,0.0003160923019916939,0.0002637852574193863,0.00048585796889719015,2.1693269500984367
0.03543433763050956,0.028424704290293236,0.0017196709437582705,0.00016657338971672132,0.0005661904153360242,0.000263719026751013,0.00013505317203155973,0.0006161597519080056,1.6827709485989022
