0.1989543748917006,-1.1179898677829854,-0.04675735451699364,0.23533345760533125,0.0006301236366166701,0.002754597846678156,0.001133821272481363,0.0018113972404614034,-2.103900412292309
0.22545712262687762,-1.1239354462351472,-0.045476097792755736,0.23535499138770152,0.003864440511586863,0.0013264418712464864,0.0011468393970174955,0.002896779875829178,0.04730415487601788
0.22842217217885627,-1.1400336764949721,-0.04581626384416948,0.2353478582711994,0.0015752282891961298,0.0020260693491539594,0.0010523000113303615,0.001506772179713958,-1.9404474914160088
0.25575583712420347,-1.1331731132996972,-0.045151857327358456,0.23539881870110754,0.005449070836604063,0.00065802731411004,0.0013698632684296657,0.005352530536090616,2.006046198679768
0.27223308267747415,-1.1533039763512731,-0.04518084188412015,0.23541938990956326,0.0049535489964383,0.0009545713240119773,0.0013754421317821606,0.006067934641475946,0.5440855276540076
0.2149504855216176,-1.1230659700444945,-0.04538706115681099,0.23534003029729506,0.0018350766321991259,0.001686096658778259,0.001085470547824926,0.0015500162684499463,-1.9931165701020297
0.22769503439153935,-1.139197309202817,-0.04524806051073438,0.23534969977210857,0.003278924170921117,0.0012384493100490528,0.0009744744020558896,0.0016883354910356295,-1.5016264368296797
0.22283644991913776,-1.12915240155056,-0.045726414947207465,0.23534950980955974,0.002689670693087241,0.0010294343245842075,0.0010470789806601181,0.0015572323356387557,-1.8343115734773425
0.23072630468704444,-1.1333557850726612,-0.04585571290132578,0.23536222004632867,0.004902714869265814,0.000820187111686702,0.001535870640696028,0.010368881002672976,0.7813560750980855
0.21727768722712157,-1.1174344270854009,-0.04588382175648891,0.23534848474260525,0.0024010204398292887,0.0019250481838406755,0.0010459501880745086,0.0017642166044758642,-1.8292509768908818
0.25327648522085994,-1.133468313157623,-0.045384367059004234,0.23539513490219294,0.0057077990480563605,0.00042191425434227815,0.001563720737700167,0.006278045476666551,1.866857812943663
0.25455352875376497,-1.1318365964084456,-0.04560025973961256,0.2353942192249491,0.005341625777906315,0.0008043548484985099,0.0015902636521638418,0.009024041196230022,0.7131938109544252
0.20484953878668838,-1.1161697875184418,-0.04617184317874919,0.23533241460879628,0.0013291705803889719,0.002406674708793745,0.0010454846809774372,0.0017010044734383754,0.17050483046116516
0.21271435778542414,-1.137818879346273,-0.04576049361371648,0.23532997538232558,0.003181748297952584,0.0012418602342481053,0.0009944700536139769,0.001669088419534492,-1.635151558409508
0.2148434205523199,-1.1144602907363377,-0.04598991768814505,0.2353471823295896,0.002422223292777023,0.0020865498189003105,0.0011068026460270526,0.0019224038507003177,-1.783691166041864
0.2184612206516594,-1.1275794791070668,-0.04592847659711958,0.23534659340648398,0.003093401698213508,0.001633733807576215,0.0010048360726235155,0.0017997246100472032,-1.2562435633325928
0.2253115636774169,-1.125655366936527,-0.04571677057021854,0.2353537539337891,0.0021687479451089437,0.0020412438298239494,0.0010695554343024328,0.0017046828329105356,-2.0506777192498333
0.2063828077616193,-1.105985311923645,-0.04578313011506507,0.2353351238883682,0.002210558436463907,0.0019903257989073667,0.0010760415196654077,0.0016815452561278195,-1.8995790866089057
0.2432723772090315,-1.1316921003232177,-0.04563562662412341,0.23538211250017058,0.004972091405290211,0.00090249752896492,0.001395667398500102,0.0052699003911484965,1.5591011662140264
0.23279520527087702,-1.1337512775848686,-0.04537607404309399,0.23536179664559653,0.0026953228890142854,0.0018867146042328249,0.0010334841984491884,0.0017882168898999313,-2.1290596135166013
0.2278669517293035,-1.1210034340260193,-0.045530359913163586,0.235357700520469,0.0018185319925061152,0.001802146187426362,0.0010399291953274877,0.001527280613917496,-1.695917888124055
0.25421601824637247,-1.1284176743923646,-0.04532513915204002,0.23539285827689585,0.005583016047801568,0.000614524129363441,0.0015453272895591893,0.007263611139661913,0.2572903773615407
0.24251159782629178,-1.151542276166511,-0.04571594293800131,0.23537454378036615,0.0035008954546962272,0.0016597460780277305,0.0009327380308999689,0.0018842719056694813,-0.9869388299805876
0.23275790447853326,-1.1344194092040343,-0.04553755932768717,0.2353603037356702,0.001678729836462926,0.001510595259903685,0.0010049137385569626,0.00140287294922738,0.1842702408866293
0.26643091575079775,-1.1488154866092357,-0.04538589843087925,0.23541239445203407,0.005672100503901569,0.0005692474331765812,0.0014558220984083538,0.006779924579873324,1.7921380544104997
0.2204134919883118,-1.1116015642734645,-0.04545779560518621,0.235352072390289,0.002263744105344362,0.002406373738780213,0.0010871226635818716,0.001971456589354416,-1.7252105394015798
0.20936668563165167,-1.1184915661174657,-0.046090952837470646,0.23533339508460902,0.0015280528476909834,0.0017271856183056402,0.0011072466872039594,0.0015054965789917803,-2.090109363984795
0.23134824733726556,-1.1260369624981792,-0.0454973619761051,0.23536602054611178,0.0019480821053360184,0.002495457296167978,0.001068858050565089,0.0019035702161611478,-2.1396896273809016
0.23377616591791386,-1.1286135753994744,-0.04581769562776439,0.2353702895613167,0.003635586318918844,0.0013443345712977812,0.0009873850645524575,0.002058763246506272,-0.25360800011672635
0.2554205800606223,-1.1326190473732782,-0.045283753466163854,0.23539816891088203,0.005412461648946938,0.0007125063449689294,0.0014160979036680062,0.005720847081640385,0.7550008323114981
0.21674767375896303,-1.1041058888226172,-0.046093109854577916,0.235351644486082,0.0036090919084985017,0.0016111674652938925,0.0011856551807483187,0.0031298264206537675,0.4479165267927741
0.24452290638293045,-1.1379268737895232,-0.04554974419213781,0.23538280629131025,0.004943425579947104,0.0006091750748879318,0.0011508695474659106,0.003704433033814718,1.1875117644742537
0.23140447773687692,-1.129930699653796,-0.04569718955657214,0.2353620925712524,0.004454351542561524,0.0005980160522317306,0.0011457208449857435,0.0031430650565944162,0.6636221205197324
0.23810684076485894,-1.120599349060796,-0.04531295120002144,0.23537572416974917,0.002242142315121395,0.002196170305877777,0.0010492168463011324,0.0018137983421934152,-1.7492563470788522
0.21854419869140868,-1.1145632470649331,-0.045601523854231434,0.23534476687855108,0.0024941851051197496,0.0016062322998755564,0.001058829012587736,0.001660501249263755,-1.894548366237684
0.2164481503848474,-1.1268996621724177,-0.0460684647042234,0.23534740649893843,0.001664949570183544,0.0022831046218253223,0.0010624620541809296,0.0016866669083883611,-1.8248368980053122
0.2100792076482258,-1.1399170378471386,-0.04511264587825529,0.23532147725740132,0.0008960049327673149,0.001749459048782254,0.0010707611404811301,0.0013773662292952907,-2.085181331970677
0.20744650024955857,-1.0939204583770639,-0.04576311175591844,0.2353394133754407,0.0016209253230636273,0.0024819282702762697,0.0011810882978044487,0.0019390179810580518,-1.7933399942089496
0.2265224461913346,-1.1154831447286204,-0.045257588692256975,0.2353591326169515,0.004175934932547014,0.0012589889572818711,0.0013167964893009993,0.004406452119386751,-0.5116016129390599
0.22182994033788017,-1.1295032523335897,-0.045873219210835314,0.2353567036828312,0.0022785226297680045,0.0021092690146536585,0.000985949236968455,0.001767643730524766,0.14292792671359716
0.212586028069254,-1.1361705334948822,-0.046072847586858465,0.235339802789262,0.0019110882372550425,0.0020619312514118093,0.0010384952901053004,0.0018066813757905429,0.1678889309225458
0.23292410721602624,-1.1282650361653108,-0.04545806419504911,0.2353639456597637,0.0030079412072706443,0.0018650639879708266,0.0010230362523011539,0.001942751494496019,-1.2204898708976692
0.2713495752723856,-1.1635813629746459,-0.04558774839561256,0.2354226844639788,0.005691400483413151,0.0005379929108792766,0.0014219457031132612,0.007213841303114848,1.4432179587819665
0.2599250177423783,-1.1472083668245834,-0.0459052394439964,0.23540411597906075,0.005234722119591418,0.0006687690419342652,0.0011939051721337707,0.005144635545545027,1.0835008795208945
0.21905034714701485,-1.1434026097644459,-0.04596799160382254,0.23533897575658733,0.002271364341081539,0.0019326524801522459,0.001007446677763207,0.0016061993738374517,-2.091240442480578
0.22434605805370605,-1.118477648888804,-0.046007925870320356,0.235365645564755,0.002607118152864477,0.0016654195864034107,0.0009743985894298549,0.0018465853521266956,-1.3147321219068935
0.25061340366690676,-1.138651671001828,-0.045566899632266004,0.23538799359806878,0.004941092480517838,0.0005537796424311257,0.0011610888957478752,0.0034213053861134064,1.4566892075297309
0.17858719471632856,-1.1235025725547678,-0.0462656575257525,0.2352826878555894,0.0007743231843036686,0.00214032429268375,0.0011655258034029218,0.0014904656408981098,-1.8530861298490657
0.17644191099949874,-1.1270872296114718,-0.04637442775993276,0.23529198517900035,0.0012396996889971908,0.0017717616038074606,0.0010966332759403008,0.0015256016382339183,-2.35942048485581
0.2417567379482979,-1.1282474056199967,-0.04546467561949409,0.23537843932912425,0.0025140267281101598,0.0022858306435898893,0.0010144544840271694,0.0019258806377119842,-1.7182930905251341
0.25420409798178,-1.1651570378323224,-0.04553931546411659,0.23538186315271534,0.0051032803379504315,0.0006887980959858904,0.002088693243422053,0.02002866309248564,0.0005541414766990233
0.283323957660476,-1.176357626442469,-0.04553661772466011,0.23542767115731086,0.005616525540622381,0.0007143259070822909,0.0020904250276555475,0.019432863912179164,-0.42937365914721787
0.22260111687396653,-1.1339867030138036,-0.04606556575661291,0.23534968902316358,0.0027780049311183553,0.001170869244622003,0.0010131876966690391,0.0016020514158505347,-1.7859764809590861
0.20961355554835406,-1.11752154938816,-0.04600355088489926,0.2353373604330914,0.0022348875379773576,0.0022668721890316107,0.0010628733100522929,0.001800223364801808,-1.9093290939790297
0.223792041675381,-1.130465270341742,-0.04547767294396003,0.23535556736540078,0.0031394951035017236,0.0015725205603475663,0.001016008529374606,0.0018035563026750107,-1.2992761604653462
0.23313002677668254,-1.1429505032203675,-0.04574341260915109,0.23536505824443474,0.002986201951800952,0.0009759059714178997,0.0010049801623619589,0.0015375459859437977,-2.233010380888257
0.20907687456106108,-1.1230885951464757,-0.04563949545951921,0.23533272522879298,0.0022191895523519098,0.001945257371062658,0.0010409727700960562,0.0016765285725351643,-1.7634837038781843
0.19889709381712986,-1.1199222414535124,-0.04594172520921826,0.23532348434033484,0.00343445653761726,0.0012294880734320846,0.001073682723656683,0.0022152386989290804,-0.3994823382722084
0.2185282031368711,-1.1302225126417003,-0.045970135343960244,0.23534705737177977,0.00191519957487033,0.0008447938804753675,0.0010755727067014666,0.0014301972428017184,-2.1761723567278
0.2405530548493594,-1.141973275773482,-0.045476791132217975,0.2353728057514664,0.0041098504210903344,0.0012475829658234736,0.0010471142019178848,0.0027433579817384003,0.5078782295819726
0.2586594699017391,-1.146600674954433,-0.04570893883579923,0.23540141310399923,0.005713606869441113,0.0005147571581808468,0.0016114697148551709,0.0077488870440977145,0.2960817228560984
0.2518666307638882,-1.1331725866007611,-0.04559047122916917,0.23539705142057318,0.005057939133378784,0.0008723263441003669,0.0012177468560776311,0.004549548734506723,1.946246016046431
0.2300656988353285,-1.1414628160463574,-0.045671041414315744,0.2353577563353304,0.002072700157031127,0.002339498458687022,0.0010286008251362607,0.0016856635319299534,-1.920337833594793
0.22004598662447072,-1.1185778668052262,-0.046212552390241114,0.23535221763772549,0.002584201722718083,0.0018904602488629537,0.001054816262975747,0.001792050212619104,-1.7906204733918438
0.23196069379699577,-1.1122875309634794,-0.04561952242833135,0.23536721487869058,0.005247194426119166,0.000689624463538674,0.0014755801387315542,0.005296964130038395,2.0564874015704446
0.28761399485859374,-1.1901285679326694,-0.04528351814013865,0.23542448776368158,0.0056151292692179664,0.000723650661415807,0.004949149365794105,0.05582335908989285,-0.32490998162910667
0.2170407816646561,-1.137223465641079,-0.04590140449663658,0.2353447706738402,0.0027300887528423985,0.0016410668900874283,0.00096082928254931,0.0016136642238232832,0.11868680356410867
0.21293222098008344,-1.1129243653461849,-0.04548812694434381,0.23533852060145719,0.0035003828305006355,0.00173335865960632,0.0011519023384473246,0.0030473462716799544,-0.31932245240128404
0.23369757502657135,-1.1390407968982108,-0.045956366570931946,0.23536287560596372,0.002444360157374119,0.0019646049097374885,0.0010433429115529345,0.0017117014057841191,-1.921111083571442
0.20707562014580344,-1.1343290905598735,-0.045807505307575894,0.23532835803095653,0.0019502070058917474,0.0015426353730334508,0.0010583716575713116,0.0014904160855809337,-1.9486561523707584
0.2555565841546834,-1.1384540555464833,-0.04551360149356582,0.235399441950296,0.005598296871424633,0.00044921252533329926,0.0013764441486970222,0.005501096301182071,2.0256433371481477
0.21843433014167077,-1.1322633908057202,-0.045370210876834745,0.23534167591479682,0.0030398291873682533,0.0016981285373237772,0.0011067162562192537,0.0023791147574775515,-1.2223983960780327
0.2790148963156735,-1.1731310449268022,-0.045518853755270844,0.2354228129250602,0.005586880017349019,0.0006328376104566707,0.0027942399450088767,0.026482855428279814,-0.06481292864868814
0.2802813710512437,-1.1885467692781349,-0.04548101707237127,0.2354178978363181,0.005640192993577407,0.0006233052163442342,0.005580559195754376,0.06906086058879772,0.0007439460627728127
0.2726206285638919,-1.1567143614044082,-0.045678011687401945,0.23542264360018553,0.005726825982175321,0.000547636698722835,0.0017878648040471688,0.008383510627915843,0.08655580133778304
0.2189795046197265,-1.1316914898925412,-0.04559322355823873,0.23534254916551775,0.002543831536229807,0.0015798756773218506,0.0010569778928546962,0.0016386003033382506,-1.5126159207910213
0.26144758856967676,-1.1416216886029722,-0.04533289443767304,0.23540859966351274,0.0056422980887761145,0.00045958324042188987,0.0014415952097339884,0.005768429835043865,1.9917083477684197
0.2384941451858248,-1.1532635428458842,-0.04618403464044487,0.2353666764924941,0.0025707459170973123,0.0020796449704340177,0.0010373278044751725,0.0017681419167345082,-1.9320590387849532
0.25123304438307353,-1.1419220336044424,-0.04550948905921481,0.23539118257381586,0.004856020867010105,0.0008955413183735178,0.0012431980995933768,0.004136946794228651,0.24113294446267627
0.2317654254506417,-1.1379245303253118,-0.04551006847582932,0.23535791223238015,0.0019683625642197165,0.0020627219897531943,0.0010393705873269464,0.0016015550114180225,-2.101940640228306
0.23369342678195193,-1.154537408508515,-0.046124948747772794,0.2353616693651583,0.0026190949415029773,0.001881136060097662,0.0009813664282869808,0.0016744825505639685,-1.7474322934330018
0.22672351613473324,-1.1320906079083835,-0.04582012206389941,0.2353588162276601,0.003132144002016905,0.0008832672192964305,0.0010522806131683699,0.0016975752851867783,-1.6532611820407261
0.2474646682243998,-1.139023506236091,-0.04578700791254055,0.23538541780462632,0.004216591264407262,0.0012251761881757492,0.0010162241393117408,0.00267207428362573,0.030775347301013164
0.22465480323293585,-1.1293268821355915,-0.04563740791011918,0.23534825320398345,0.003762403464803056,0.001594691653005373,0.0009961954403472273,0.002128762427941619,0.046053274742730514
0.213019376597405,-1.1326308555457285,-0.046136720591890786,0.23534293981204082,0.0031776535012172542,0.0013032033297278877,0.0010003782078787209,0.001736256692311597,-1.1726368939468024
0.22796122151634565,-1.1325837962596064,-0.045782742449679406,0.23535595673867168,0.0022234727941564383,0.0022344240944521233,0.0010267137642519244,0.0017477545698241707,-1.6186942490611826
0.24523438517058344,-1.1331460599587948,-0.045331983168957285,0.23538042939697798,0.0027961000556099456,0.0017249466323898033,0.0009643878342188301,0.0016711401176609775,-1.7888670488922687
0.2329107764431624,-1.127774788400167,-0.04591175647953382,0.23536894688174662,0.003380351981925376,0.0014776348002997015,0.0009939540039636307,0.0019474423867135173,-0.779968730571283
0.25493638394238266,-1.1546955078818995,-0.045468026613617284,0.23539112137180268,0.005410553282925575,0.0005129213065190299,0.0016413153870131747,0.010300359585598303,0.5726319210600409
0.23182589774207,-1.130044291100054,-0.04548753495573275,0.23536213008588613,0.002462058587994978,0.001712905221404999,0.0010238149968528106,0.0015969311243635939,-1.6789271814681048
0.20609423756955755,-1.1250662702280219,-0.0455934644513649,0.23532442998311773,0.0020511354894185135,0.0010065767620948728,0.0010700479139495722,0.0014916628614159476,-1.7803516654352267
0.22922673059736853,-1.106446645052713,-0.04601178037556607,0.23537746715133048,0.001480987922997768,0.0019791839702610592,0.0010547872816193374,0.0014924770056237182,-1.9471406288991115
0.23908392006765672,-1.1414578246098752,-0.045823062790060085,0.2353750807818391,0.004832383957965337,0.0008207514323982535,0.0012932037358238662,0.004754156244345555,0.8147864260226604
0.2475445507927509,-1.1405335111104247,-0.04522839215487363,0.23538261062622656,0.004296388303131108,0.0013105596961776411,0.0010949058216042766,0.003079946781905381,0.3876680622240945
0.2527537074338515,-1.128122815593653,-0.04547113383478702,0.23539256531144748,0.005655458703057445,0.0004293589547983168,0.0015790112110549,0.0068542624104928,0.3269051516057843
0.18462743660743128,-1.1030917632529975,-0.04627017278932384,0.23531203827972105,0.0006785727269661258,0.0014620296286925692,0.001151085943235999,0.001476998618194061,-2.3823655925562766
0.26270130197257346,-1.1385390518441385,-0.045456874822651025,0.23540796838459105,0.005622825106950403,0.000480635605182335,0.0015065307109277217,0.006189554554376157,1.9095262632594885
0.22982361250172745,-1.1299757947641837,-0.045816906266450984,0.23536379358864595,0.003691373174939625,0.001455702321350473,0.0009941729038175076,0.0020869736567494662,-0.1634949591237201
0.2500330512077178,-1.1123404864166333,-0.04552515181921204,0.23540149917657377,0.004162589556053126,0.001516810746958293,0.0011827830780427586,0.0036438855612956514,1.2217712723323968
0.210863810291077,-1.1202833850662712,-0.04580063719877616,0.235334018400335,0.0018211671605545348,0.0022929275040090994,0.0010803177773234872,0.0017846208512337217,-2.076437745002711
0.19672224807717054,-1.1410699211247481,-0.046343921557468866,0.23531225308772077,0.000489165536234355,0.0026761538980968843,0.0010334961347462878,0.001576919936987567,-2.2190695951706236
0.24940595893168643,-1.1275211678602926,-0.0454900050516335,0.23539080378503205,0.004856667094878449,0.0009434404334232051,0.0012717152036821027,0.004253405838883429,1.2396268436163957
0.2505593597547013,-1.1320702510176976,-0.045528603398614094,0.23539442183412235,0.005242536281434721,0.0008083361016338268,0.0013296915495973384,0.005055200924102729,1.2256553014312546
0.24399571534026682,-1.1416488890161078,-0.045344059817743136,0.23537945622776194,0.004344718102359308,0.0009399704391416892,0.001059204381878698,0.002529601564570857,0.11573747739239325
0.23487416839394926,-1.1319794563032584,-0.046008600635857946,0.23537022723167228,0.0034089740980371114,0.0009807388496028283,0.001026796251544807,0.002113865223099811,-1.0736236201884997
0.21915832797585427,-1.1229732550363323,-0.04510115794244441,0.23534808463759507,0.002732275246841419,0.0017235055559857106,0.0011290985255782771,0.002460099587338675,-1.221964792563871
0.18235088811275058,-1.1227346375463971,-0.04606797335609133,0.23529677831586748,0.00177322703601777,0.0015410952264289493,0.0011125157991610482,0.001526883541608501,-2.0530540767357106
0.23079908602113347,-1.1400414956376634,-0.04547479237820793,0.23535046124755907,0.0024615005750075283,0.0017644285433802305,0.0010092561270424732,0.0016016700422347302,-1.9135492581673608
0.25156886335530143,-1.1519581609680922,-0.045685536803071504,0.23538744063553468,0.0047315537886172985,0.0009992277919179684,0.001251264565726235,0.005235959604392558,0.38074033431316556
0.23013218418137182,-1.1224372550965875,-0.045598246973379504,0.23536025840672872,0.003167438699874715,0.00203176562935595,0.0009812817102017042,0.0020777129793780654,-0.7382713025081681
0.2507916240088394,-1.1215498373339532,-0.04527073762241138,0.23539303884654952,0.005577495949487224,0.0005626480112879977,0.0015801504743961808,0.006582584105366314,1.8343158185236075
0.21364365272001729,-1.1260915798409867,-0.045575459228136384,0.23533913104127147,0.002696677307608704,0.0017049817111400311,0.00099289439159045,0.0017210038219390943,0.05372674322574663
0.2237512685126079,-1.1193854815457864,-0.0451963530296139,0.23534905774861542,0.0010681275296224007,0.0023242108667938612,0.001100083611434902,0.0015964889179868377,-2.0584621232988902
0.23098490167735053,-1.105794021783159,-0.04508213483356682,0.2353663284076274,0.0017656379830382836,0.002375197259492131,0.001099193831417478,0.0017191368257817145,-1.9804835223482191
0.06692980759779596,-0.9289525572035698,-0.04667129696665112,0.23513853186897551,0.0009118495970142108,0.0005933756806212491,0.001455222311691815,0.001215190172302795,-0.8571153854407209
0.24468777966905852,-1.1229669660758277,-0.04541212843570534,0.2353839855324215,0.0034427405148547427,0.0013278439088032948,0.0009896291196622802,0.001913114577742538,-0.7668033243723877
0.21516844560771908,-1.1259528738061446,-0.04530041513733731,0.23533485781782118,0.0028196270437800815,0.001821911982886626,0.0009256279473424961,0.001713996046419919,0.10801648347556718
0.2119929170928379,-1.1296820829490604,-0.045805125618097194,0.23534132033501923,0.00132235331937097,0.0009843424842558663,0.001103695442183275,0.0014233566209717573,-1.954113664553254
0.23528279592653648,-1.1415460548172838,-0.04585256609737298,0.23536346864991478,0.003247364633042845,0.0014625734393649429,0.0009429447341583009,0.0017394936139080457,-0.880377337210056
0.2688868802802203,-1.166667777317381,-0.04527380636461296,0.2354016921431743,0.005725471611059178,0.000413039349709348,0.0032053854109918792,0.03108007519114456,-0.05195299996603901
0.23339134535963577,-1.1416345633265206,-0.04571233703482038,0.2353642853387103,0.002721553380460601,0.0018449875730220913,0.0010159761831429622,0.0017675731463069055,-1.7270379195220122
0.23119971138165238,-1.127138154710366,-0.0459310402770221,0.23536772026483765,0.0049583637362353265,0.0007085812728084746,0.0012546916844031013,0.004064360394328609,0.7135320384870002
0.23716084383934796,-1.1282590906686218,-0.04557666159898442,0.2353745439449329,0.002010705681007288,0.0023486614356591664,0.0010049856252798647,0.0017146663619225083,0.1890218942291786
0.21682127619439825,-1.1130880155190046,-0.046007260909075184,0.23535201565032055,0.0014971466465683659,0.0024073914672845657,0.0011500426259780944,0.001791879146158004,-1.8769548794998159
0.20691389584845016,-1.122105876217261,-0.04556400183048336,0.2353287465170738,0.0024338967437883986,0.0019360196997522904,0.0010670211116716739,0.0017777916380234827,-1.8167324800125937
0.2505223016754178,-1.1322074505899016,-0.045636341273425814,0.23538978008376163,0.005496181490918288,0.0005592492936962296,0.0014649911923726865,0.005945548394465769,1.8805427167441466
0.23123269533249502,-1.1247965293503828,-0.04572913252115267,0.23536825487723864,0.0030806735605215275,0.0018450060097433634,0.0009971754452127073,0.0018262705374945864,-1.4853453638319973
0.22111922931091282,-1.1416723573137115,-0.045649600281311466,0.23533943971448165,0.0029180819127894607,0.0013232200555936572,0.0009737759511288911,0.001577426695593507,-1.7849242489620312
0.26695719725399464,-1.1466902595730517,-0.04529847413621524,0.23541499159654256,0.005703193642346485,0.0004238174828672219,0.0017318181474468158,0.0068930181883219465,-1.2412729425186704
0.1823638105542523,-1.0767391523509973,-0.04644112213786657,0.23530655333542874,0.0024023009768691034,0.0012097726630589405,0.0010437771186635498,0.0014881264667066043,-1.2675126936007193
0.24706830625579107,-1.1246748785404495,-0.04589532127055252,0.23539295058583543,0.003314718378789721,0.0018124216992096405,0.000986034731763441,0.002020191665444038,-0.44429657842956377
0.18171690867988238,-1.1157920535183852,-0.04614082440135419,0.2353017156791375,0.0016317907375203976,0.0018908225843793007,0.0011073657132876795,0.0016053232718700068,-2.33980391000971
0.20827481356863045,-1.139401005654657,-0.0462352979503596,0.23533513772035816,0.0017512931157538194,0.0018911286600127464,0.0010620971425889588,0.0017883839441061916,0.16595349602103235
0.23597577317934562,-1.1375245301189782,-0.04566948722594959,0.2353651011920971,0.003371500463162712,0.0013294861555951817,0.0009755569644141471,0.0018321919521417523,0.02203529719090325
0.23285374020953611,-1.120678529585168,-0.045592113805664865,0.23537265744378388,0.0029639897515615675,0.0017267948290266343,0.00099992150007525,0.0018273406633771425,-1.138270966328074
0.2200566940995971,-1.1025917612703406,-0.045395765993683286,0.235352792570556,0.0018583374020816554,0.0020668692051270645,0.001104749971618208,0.0017347619992533335,-1.7440952201044049
0.23009417540316066,-1.1379971029507336,-0.04571421393272963,0.23536371864758268,0.002807921839905512,0.0011723253188737088,0.0010489420038835055,0.0019232628775609144,0.07911171209126358
0.2429966404911893,-1.141290823014161,-0.04596336412440129,0.23537661034970067,0.0030932703080834133,0.0009783467516190564,0.0009916146710673447,0.0016067302694713413,-1.7327381605156258
0.22023196971972078,-1.1226174140081682,-0.045490913319220075,0.23535074988494012,0.0011645813267344757,0.0022719619652358403,0.0011107358244302008,0.0016139864858718612,-1.7878759901490069
0.24353853564475308,-1.142349784430534,-0.04531060673576514,0.23537349424914983,0.003307065456795592,0.0010373975090338607,0.0010037329109353393,0.0017063964823897306,-1.8639481673227738
0.2565114875376263,-1.1397062514114502,-0.0454830309254054,0.23539954984441078,0.005646327489236219,0.0005005583756202338,0.0014825242250655988,0.0068818733934941576,1.7916271764123881
0.20212465930995907,-1.1179447584458417,-0.046259137882127495,0.2353237110738605,0.0012657164904891012,0.0011340688860597397,0.001070177561918283,0.0013993858537304138,0.14928934562407245
0.2382550620008405,-1.140898371497399,-0.045570112222276034,0.23537128223055379,0.0040934641109169325,0.001057676276739782,0.0010581715384013763,0.0026145077978776523,0.05791488973758599
0.22083532733023925,-1.1377370042705093,-0.04563963492881257,0.23534817338863478,0.0020344210816249345,0.001745148711892263,0.0010437161887060778,0.0016613206586371652,-2.151619201668164
0.2362502722975748,-1.1375462762280646,-0.04532342600836772,0.23536548261342022,0.0032897099200089952,0.0017104679885926056,0.0009937809100747331,0.001822073886177937,-1.2159905996638412
0.2227476606233495,-1.1180476771450587,-0.04588437879801039,0.23535867806541652,0.0014624060740608966,0.002308682687046181,0.0011055018407973055,0.001675825096367456,-2.218383615339671
0.21942106235036732,-1.1259410602150348,-0.04597052209235565,0.23534319415338253,0.0019389939122737348,0.0017598191575453211,0.00106212553775612,0.0015436445409540687,-2.1014063511218937
0.22018156637967481,-1.1149852801097346,-0.04561983349348448,0.2353548459246802,0.000976072145319774,0.002626765041040314,0.0011300287167454429,0.0017603142610638615,-1.8453267884678715
0.22386812295369551,-1.139671092442096,-0.04555780281158082,0.23534865703804736,0.0024541627351025953,0.0019766370363113765,0.0010579547594750246,0.001748298493995935,-2.1292509558161132
0.24497265297244064,-1.1358575720728399,-0.0454102771720125,0.23538050981011444,0.004673689170994665,0.0006269128065183119,0.0011826970444139486,0.0037961386129487205,0.46373314677116306
0.2236364839572957,-1.1234993638445883,-0.0452817800446718,0.23534643985520182,0.00233757722081489,0.0016430393978079515,0.0010616742031637166,0.001666120718394933,-1.8017958485374315
0.24211008772710654,-1.1192739435148977,-0.04627850735225645,0.23539283777572212,0.0037296677162036575,0.0017714653749268641,0.0010981419226543548,0.002623443753937498,0.2854934167480454
0.23436037897414458,-1.1309628845146045,-0.04567662788169416,0.23536755830068573,0.0043090489549383335,0.0009151979129457805,0.0011738089728481978,0.0033689830625209644,-0.4640921196278171
0.23623532078456128,-1.12472185926715,-0.04569943685987144,0.23537331627639785,0.004691583401072673,0.0011062862877929361,0.001342186729129528,0.005113885509211381,0.5414957635070907
0.2376734137860187,-1.1272542558122338,-0.045583867911295886,0.2353754330583278,0.002771389978881108,0.0017235112687928216,0.001018872483039416,0.0017786193856900632,-1.3666517044889865
0.2300073011562149,-1.135055868605346,-0.045667891134455414,0.2353585977033752,0.001592406813322074,0.0017787178791604105,0.0010330598773393253,0.001452644682192733,-2.1415010092211997
0.2305749806340195,-1.1404033467468668,-0.04540925967261618,0.23535493276849156,0.0031651926732945675,0.0007896244743923846,0.0009530910376113923,0.0015728221528193114,-2.034761368498321
0.25730978450026065,-1.1408031738754183,-0.04483671081399516,0.23539115396837615,0.004915107290843193,0.0005894079485658127,0.0011971310658307982,0.0038445009640043822,0.9018168070243139
0.25446898870307977,-1.1406215576151342,-0.04558236385937686,0.23539873886813456,0.005186152656205313,0.0008493696129733841,0.0013275556321512567,0.005113622733836054,1.927420761851841
0.2521410807441043,-1.1477088627990397,-0.04603815720183188,0.2353967432138509,0.005528387101833116,0.0006855919215378016,0.0012965386456807097,0.005489561341965852,-1.0191925398096986
0.2887962605660547,-1.1908427240638437,-0.04539032725460958,0.23542970186147516,0.005707729817882462,0.0006607152286040207,0.002917158503661324,0.03160203337095506,-0.1574467498921511
0.21714980742886617,-1.1235242534238992,-0.04575922843606507,0.23534047061817082,0.0013780250869716033,0.0023647538037256883,0.0011381098902967877,0.0016836142297457647,-2.0616606842456116
0.18832072897706825,-1.1312000111679201,-0.04611733648855502,0.23530528255349442,0.0017396411141474316,0.0021540754968400813,0.00102288687203541,0.0016677271909129635,0.16467606288944933
0.26103673590618187,-1.138861596218188,-0.04546299065614195,0.23540748595463615,0.005713599455065837,0.00042640292299939945,0.001520427741209256,0.006883038987194067,1.7904877663095826
0.2532785641651945,-1.1440053673016592,-0.045319330792921164,0.23539139214172836,0.0045175319438116235,0.0013198147865115784,0.001229646141621191,0.0040659735673752185,-0.5371208836278211
0.222364311957461,-1.1506236149252365,-0.04561201118100502,0.23534300526977162,0.0017809446917758163,0.001962644343011796,0.0009738228226196566,0.0015479781834148345,-2.061661686291268
0.23574723500354278,-1.1256045221617834,-0.045850250551401926,0.235372155862435,0.003777673409446665,0.0014753119499416921,0.0011702627574378724,0.0030290026498526962,0.0655594803567825
0.22459796234556773,-1.1489593558999591,-0.04609559808251656,0.2353477995376216,0.0034519640835173363,0.0009292569226396399,0.0009726761937427315,0.0016720282300917886,-1.5833317337618529
0.23396186583506412,-1.1248386775154937,-0.04552817709891558,0.23537307771475552,0.004586825451700428,0.0009910633174533652,0.0012941031190444015,0.004379096547756853,1.3588572297127075
0.24815458375221422,-1.13101307762752,-0.04537642554458859,0.2353877850221962,0.0048551487366524934,0.0009177231616045135,0.0012568379577605762,0.004267612764409621,1.2005223929071867
0.23997788157147654,-1.1308430086507164,-0.045800862543853633,0.23537273319159513,0.004397642685499569,0.0012268662492492296,0.0016931731154177165,0.01342972245795191,0.6890476984400015
0.23606709773907364,-1.1291492991428211,-0.04520257114354587,0.2353633347713545,0.0041575281213774495,0.0013766182051582875,0.0013236329231798702,0.004372202479578542,0.4671647799762244
0.23100551601362643,-1.151354467204281,-0.04585811198537345,0.23535563713723426,0.0037148368512074266,0.0007227122869479219,0.0010348456855539272,0.002093353351410275,-0.7377544570405626
0.24075306098035013,-1.1553828951893985,-0.04519450498162556,0.23536670131425375,0.0041161817237448375,0.0007578373839654269,0.0009451056140986339,0.0018452263688998952,-0.4061954010530493
0.22462409830347876,-1.1092485172268178,-0.045504191511514525,0.23536164309102903,0.0011149306626239185,0.002430315203400793,0.0011499987789441407,0.0017072244627559195,-2.032326384548028
0.23590837921754246,-1.1417955104155184,-0.04563510783897864,0.23536750228181938,0.0032815846608749088,0.0016998632149119153,0.001069752286042207,0.0022149108356774084,-1.4940709677144635
0.19859204651428677,-1.108643227286606,-0.04602767473108839,0.235325579327171,0.00046615702451746074,0.0022200257683272495,0.0011423527537618213,0.0015149409108482657,-2.2551791509337464
0.20506015349935158,-1.1368117780802682,-0.045640012112677174,0.23532323588479906,0.0020040962033545206,0.0021667025102178757,0.0010227001374647736,0.001675626245404272,-2.1639433993711834
0.2352791270064842,-1.1410636156456013,-0.045547887937953405,0.23536395493494378,0.0025148638484377072,0.0012230304828058467,0.0010166611256509773,0.0015587606886687338,0.1305552159099353
0.20986680926718312,-1.1218721711743442,-0.04589665444508596,0.2353345045529188,0.003878003022050021,0.0006343707232086248,0.0011657285328696048,0.0029447280848899186,-0.04608578298110489
0.27753535095433235,-1.1707477390477317,-0.045307044985055604,0.23541830702909922,0.00566483580747696,0.0005329814384802413,0.0016842277014805103,0.011857787631035956,0.22335027806084687
0.24065684391958925,-1.133327022144904,-0.04499519462660711,0.23537196150673034,0.004944080465177768,0.0009288811574770699,0.0014441164483077642,0.007185544451626284,1.4363322453399765
0.24514727107435047,-1.1399582024533936,-0.04518253363917459,0.23537537899972794,0.0026315901502197868,0.001537487080786225,0.001007152242998146,0.0015570636197210581,-2.058706069727815
0.2272172715476498,-1.1481714162198866,-0.04608621579694577,0.23535538279710302,0.0023525749452495658,0.001407320034743798,0.0009904235234535893,0.001520825692844229,0.15624911905685374
0.22555333596705074,-1.1400389964156097,-0.0459759544175509,0.23535907495920255,0.0045720183045762615,0.0008639177087741628,0.0012401597026279521,0.003831956012710529,0.7578218597502115
0.2187894582724817,-1.126652823042976,-0.04632872540479994,0.23534917260435367,0.0026859168490230606,0.0019086392968488365,0.0010514458232502178,0.0017848752091414732,-1.509777030174416
0.25144751668873716,-1.1456046027277011,-0.04554693779881821,0.235388165844732,0.004596502649307496,0.000765804924734162,0.0011378022695922626,0.0032535410960242545,0.5053949478686575
0.23441487670460798,-1.1330025928541612,-0.0451859224419726,0.23535890897550843,0.0020323015083224772,0.0021572609314652502,0.0010395598583877708,0.0016662583691795132,0.18538667905411135
0.20141194908573642,-1.1157989070962095,-0.045989626771149615,0.2353285137191187,0.0016635714823134897,0.0018577102141568744,0.001082973227590424,0.0015948054159189004,-2.153620051635233
0.20782741479495714,-1.1268468153627893,-0.045540492978693885,0.23533035239683825,0.0010438520002704886,0.0024997787385408936,0.0011351302082478775,0.0016769124323465147,-2.209787549250766
0.22272240433604143,-1.1330781207079774,-0.04561449487122909,0.2353474988581827,0.0024416974239127895,0.0016824357976167204,0.000964339368794467,0.0016643469261962795,0.12849807248903036
0.22863664190158364,-1.150283369508434,-0.04561377210346298,0.23535600268978993,0.002363930617630053,0.0009287264788254907,0.0009348043686500352,0.0014449355037684927,-1.9808094332817197
0.23893005523664898,-1.1243455400249667,-0.04592737287091189,0.23538252336161097,0.0026429609589613662,0.0020088464636642297,0.0010049616112505035,0.0018424303458693223,-2.0098076131277165
0.24016470203656917,-1.1408046147817397,-0.04553695530848944,0.23537354230010343,0.004024512857380912,0.0013117148871842818,0.0014979994346169384,0.00835539099489935,-0.2130520619208906
0.24882694687195325,-1.1415208949797315,-0.045819135239535194,0.23538528607666018,0.005179658056044706,0.000502038800027612,0.0014226953003172757,0.005336690609352118,1.5870586819653738
0.21352932299238747,-1.1173230008295412,-0.04629294901053015,0.2353514758695856,0.0018696074287226098,0.0022241851879084788,0.001041928633152612,0.0017696726617067167,0.11807717378288345
0.2115425042708683,-1.1274356724065202,-0.045905040104550446,0.23534422753566858,0.0010877002279046713,0.002561355984179104,0.001099321219278307,0.001775130525196327,-2.056465004486859
0.198658887316044,-1.1484835253241887,-0.04567047877833425,0.23530554378717317,0.0006375049882437963,0.0020725299408691496,0.0010682318482199008,0.0014090475135424324,0.2808256813144643
0.2564515454805091,-1.1352717407571151,-0.045530327878167146,0.23540002017682862,0.005397870958580663,0.0006024532539892275,0.0013965448041515993,0.005511068662637006,1.6640095496217722
0.20738528523286032,-1.1319983705327177,-0.045782374514201404,0.23533494338301886,0.0013953484584621637,0.0021984321351411437,0.0009864799025987047,0.0015310640707300975,-2.089287665913804
