0.16669449287521038,-1.0725837564073624,-0.046161640423157,0.23527261742481542,0.0038398073650126024,0.0013939408026782648,0.0012674672273317502,0.0030933647777499056,1.1911528517832948
0.18746200552601625,-1.0712467713427036,-0.045630179379585224,0.23530513016075907,0.0032387248281679115,0.0013513543697039605,0.0011935942687331259,0.0020921350448805435,-0.6007217947234377
0.18921588778057016,-1.0923569244013978,-0.04538418438013836,0.23530743284881417,0.002438146561127536,0.0019126945501118215,0.0010912670659391419,0.0021353090213173604,-1.524886671966655
0.24423612200762493,-1.1354412820244517,-0.045433285688167055,0.2353766073648588,0.005701465940477196,0.00037910497813756845,0.001836784116051208,0.008341459055337936,0.1607646852161624
0.1890864321227303,-1.0937349643860053,-0.045888636906511425,0.23530424876934927,0.0038159229654081395,0.0007540371591463266,0.0011749986300226556,0.002358418807470083,-0.16441014721611927
0.16662613412743021,-1.0460930590397148,-0.046296902524964635,0.2352818613759302,0.002645742163501914,0.0020132157573082036,0.0012846315191175003,0.002265014091694551,0.149427635105471
0.1540263730175668,-1.0681899917494981,-0.04605937010345475,0.23526744058553495,0.001774656834767175,0.0022248705240119895,0.0013102561329176123,0.0021428938439894698,-1.4442250117227209
0.013195806503908102,-0.974150445087785,-0.04804460590279712,0.2350788328505695,0.0011854046733987985,0.0009446462617262449,0.0011946554852098011,0.0015556070979623373,-0.01645984675433455
0.1845887761885145,-1.0954032494727743,-0.04658775239147607,0.23529709995337286,0.0024636166316989987,0.0019074078152769931,0.0012463940317624833,0.002047682658181435,-1.141204041941996
0.14585610825366885,-1.029071400215492,-0.04625698845861928,0.23526136968794992,0.0014833258594945948,0.00230345817748179,0.0011599665096953214,0.001897388440367085,0.020682209158459215
0.16759315499710886,-1.0955853774459734,-0.044992804995070364,0.2352668962409089,0.0032396916964521514,0.0010340024644976415,0.0011773502770652377,0.0020203586731022717,-0.056357694615122966
0.16534205218657813,-1.0699720329779454,-0.04596246914570376,0.23527381569818098,0.0023396817679060098,0.0021583594058636763,0.0013506372047882849,0.002232932164079199,-0.9215248432995287
0.19289959662336842,-1.0521399843683596,-0.04549445054474529,0.23530685436419216,0.004211244777335789,0.001360296889220456,0.0014176124439595295,0.003911728503182477,1.2771226809367564
0.16644578097886092,-1.0431652322248703,-0.04590459872004369,0.23527966084473137,0.002399689039254351,0.0020959535388379836,0.0012556071295524193,0.0021242989630978425,-1.1004673096280744
0.22523719034852688,-1.088685173040503,-0.045449626164527704,0.23535355498813348,0.0054977879460818575,0.0004025736372909744,0.0017290812994101739,0.0066531271906385085,1.8562488968039177
0.2576450904438466,-1.1427798838801642,-0.04587160086757324,0.23539810252579396,0.005539196263565734,0.0006985077410882544,0.0019226614806279571,0.011717094381820945,1.299007210529139
0.18207566642226275,-1.0810362365616941,-0.046623226319551014,0.23531438026648133,0.002036643573695313,0.0018967188913804464,0.0011781518510254592,0.0021299699965916844,-1.2911734494536333
0.16953562869513977,-1.089091232405095,-0.045774435665560644,0.23528166784324422,0.0026745503430260094,0.0014844565536796805,0.001188863960619194,0.0019995508656869623,-1.4922782881630363
0.2040637396386564,-1.0875109235229143,-0.04496288357615626,0.23531248948311181,0.004908472395821255,0.0005136855534245896,0.001481437655438262,0.0077243101598067805,1.6565550021636202
0.1940331977480081,-1.0909204797694134,-0.04584620369427173,0.2353194610307535,0.0035368833427581623,0.0017007053115137326,0.0011317046012805803,0.0025300507425900435,0.9931264255917753
0.2554960537389347,-1.1503223150030364,-0.04580058372116296,0.23538961831463054,0.005316652299852836,0.0009914235365714565,0.0022804001494835654,0.021809676336783764,-0.03886563131705699
0.14760682614249687,-1.08022722550642,-0.04697809806383426,0.23525989244799556,0.0019837663469337956,0.001550136114411848,0.001174541285105177,0.0017587948797765636,-1.2651306475244526
0.17169206795025768,-1.0653029545516772,-0.04558608104446998,0.23528637753789194,0.002589352805005372,0.002009937452888049,0.001251520221869127,0.0021693320418312576,-0.7715429618136392
0.12143157916497774,-1.060138741050395,-0.04589110695831729,0.23520185206714642,0.001401841648427747,0.0022374137994423094,0.0013362450082260726,0.0020504506599206542,-1.3162086969201299
0.21257007440495834,-1.0851609531905033,-0.0456479099222582,0.23534293984159116,0.004535184769604892,0.0013323677819200184,0.0013243618513061898,0.003945483147940566,2.0770676091743847
0.12427163277456406,-1.0553807010844776,-0.04605757433812963,0.23521426549390853,0.0027852370397011897,0.0012791417220558354,0.0012596542131451966,0.0019995615776417694,-0.5788026960076331
0.15006905818079067,-1.0640506155914546,-0.0461453748216593,0.23525497002951049,0.002159387541903222,0.00215945961778745,0.0012369122413393651,0.0021344186304709393,-1.2020362691462851
0.18178061989725972,-1.1058710340666367,-0.04585318518576416,0.2352937204431841,0.0032428931445881363,0.0012019298257698618,0.001087460095136634,0.0021049996945474987,-0.9643110043111179
0.24894582613425453,-1.1291690944452055,-0.045702908148581294,0.23538461816315415,0.005326517890175209,0.0008819471242708461,0.001943927979915787,0.013725561286140157,1.4009883134095324
0.1710939627891671,-1.1007446051319498,-0.04544410279294773,0.23526613850340874,0.0022166184479143086,0.0015051088214511601,0.0012006963380827567,0.0018294544653796258,-1.6301754841174403
0.147894121634935,-1.0433676180740605,-0.046347722501444547,0.2352662209307236,0.001714889104280866,0.0020303128355866067,0.0012582877813218257,0.001993967154123969,-1.5464440786752087
0.1586090294380397,-1.0825352621185806,-0.04517082594305982,0.23525189281301437,0.002714339846680698,0.0018393858029106531,0.001214438358792555,0.0020886167194466296,-1.1114213594496007
0.16631480078301672,-1.0799232818282525,-0.045652717802293644,0.2352773910623355,0.0021772546948543104,0.0017480611568512785,0.0012897438182269507,0.001978843112520532,-1.5606568182567448
0.18503051271259033,-1.0689157924989579,-0.045368747955295836,0.23530303013513862,0.0028293565731526663,0.0016109747188186533,0.0013136560316076853,0.002322847176242207,-0.7384881864554161
0.16975694354494944,-1.0646872760938955,-0.045486203632902955,0.2352810440184779,0.002756022889727569,0.0019078884871032219,0.0012454605664291853,0.0023489128195940826,-0.3640971473185523
0.21976821390972964,-1.1043058386062452,-0.0456244443850255,0.23533988195001546,0.004274036332562715,0.0009026419435106429,0.0011654688929910039,0.0024731096867489956,-0.4685879307172112
0.17272541673185185,-1.1011195575145603,-0.04606100927049656,0.23527893701551753,0.0029202395075336196,0.001172199136828789,0.0011324237913622295,0.0018640591958424158,-0.9003424732797992
0.17721249177852752,-1.0731691903542877,-0.045899905778395804,0.23529299031033957,0.0034496580576776105,0.0015016475153301328,0.0011554136063153394,0.0022001478756433364,1.158652153572174
0.1919668329595057,-1.07760525651399,-0.04594974110851016,0.23531035760735983,0.002324995769481889,0.002036094351943097,0.001270137847207703,0.0021712200946297573,-1.4583794141019428
0.13154416433347468,-1.0355461390688294,-0.046481920666865274,0.23523511175190664,0.0020112027133319605,0.002338220526916859,0.001235911905660093,0.0022014664969833993,-0.2756954706815047
0.18632433939185883,-1.0911201082140891,-0.045390736537629824,0.23529035403800527,0.0037598796308948527,0.0013447407246301127,0.0011625039316143714,0.002217551686519135,0.31060434768519307
0.18705238396128168,-1.0839426932504523,-0.046385268758394854,0.23530788866435262,0.003643789595341899,0.0015401354577344068,0.0012166665603098282,0.0029066817818785345,0.6223616709108603
0.17703962003832538,-1.0642048388390353,-0.045629263350182026,0.23529181356871864,0.0031729578745757422,0.0017737593500438882,0.0011827699882432728,0.0022629817035842398,-0.25884132798594345
0.15775220359690148,-1.0739385537408648,-0.04653088568797498,0.23525223891812033,0.00252632551285666,0.0016704855131119464,0.001208086408240907,0.0019058873464082968,-1.532662637962069
0.18622236244903811,-1.0541865326245676,-0.04556559805319119,0.23530782525729008,0.0023023709939633563,0.002340849906254501,0.001199128316192415,0.0021782295511767955,-0.6810474349360248
0.16428915696197097,-1.0808486305641938,-0.04602910795900966,0.23527405673965707,0.0022936051539103794,0.001948564323375749,0.0012166988560920544,0.001978231882221525,-1.280510438063317
0.1116558251989082,-1.0768110049971755,-0.046406506308541616,0.2351969811891177,0.0017423039416332108,0.0018877327211028795,0.0010759436280663379,0.0018296703005852915,0.03095469721952184
0.195679863980399,-1.0945389861911952,-0.04607462534245249,0.23531515262422673,0.003594045630430807,0.0013245498781736687,0.0010833529203627137,0.0021950571643740723,-0.08242530556281738
0.137285520166437,-1.0664824141663984,-0.04607545367753759,0.2352308285058979,0.0013469740422315374,0.0024339620676498293,0.001263472626403904,0.002067272926172544,-1.7249802175003772
0.15034798164459887,-1.0530789366626339,-0.04582419304235223,0.2352457837725841,0.0022544274892671435,0.0020219036283912555,0.0012721039706904836,0.0020618253211421907,-1.1766577990996885
0.17427381478416468,-1.0795444025650602,-0.04625606350580347,0.23529103386633313,0.0030671656687530527,0.001693818269041892,0.0011759199833979305,0.002285811151437399,-0.4753649423983607
0.1699490490877487,-1.0894902196014447,-0.04636505869869088,0.23528751139880272,0.002278781608835161,0.0022337614960575335,0.0013495272394934443,0.0027820686268581864,-1.318419586423807
0.16154167727981777,-1.0838345323245924,-0.046396252960402916,0.23527493701362232,0.0028136050471743628,0.001854370593087147,0.0010973739251385415,0.002199562524741102,-0.4418661854597018
0.19641523580682319,-1.0819592521412302,-0.04616587602320383,0.23532384858475613,0.003483094587141877,0.001558324145726866,0.0011256281624916313,0.0022538040522378055,0.4217346983283354
0.17517216842006508,-1.0854308356339093,-0.0461179726501793,0.23529317017025944,0.002042640589467204,0.002329482083032032,0.001114301039239363,0.002162349861962911,0.0199197528738084
0.16726812571599844,-1.1009582037421977,-0.044705992534568154,0.23525684663409405,0.0025258779014608237,0.0013722557416234711,0.0012314060017280203,0.0019639139292995664,-1.514969000550093
0.15250856936061574,-1.0755220436305841,-0.04640635272225316,0.2352571909137982,0.0029641839560426357,0.0017812818755145988,0.0011434834615485347,0.0021407974802952405,-0.10878094910268475
0.20662996032314232,-1.0779138441051876,-0.04555198112234025,0.23533113482256598,0.004567954572039958,0.0011348190137477102,0.0013505919208597398,0.0038466193507035785,2.0084234172015734
0.17493976513769668,-1.055084671329672,-0.04548744655442324,0.23529153626863503,0.002817491440962288,0.001621172964037875,0.001211895997259765,0.0019909618296334456,-0.3675782961039134
0.20221574957797725,-1.086510328423973,-0.045486889383417294,0.23532142506373868,0.00527479371432237,0.0007088210914070226,0.0015452656697808658,0.005441883708202251,2.0126216481621038
0.18060254280016882,-1.0939936498231622,-0.0457722532119556,0.23529091545293937,0.002723014313757288,0.0018875441013595884,0.0011233118275545079,0.0021138060700337897,-0.6692105352884158
0.15735770367083904,-1.0857222933938055,-0.046657946021324954,0.23526226119535978,0.002494990492739662,0.001617727831545978,0.0012258026339356572,0.002143210740018549,-1.5605264324403656
0.1604161389288201,-1.0470504548020094,-0.045303542159043496,0.23526800516047475,0.002280301245566594,0.0021202920058291334,0.001295313479815935,0.002221708251294905,-0.07828115642218844
0.1411263990820678,-1.0484548109727376,-0.04576303829830319,0.23523777230173226,0.0017787410837547095,0.0020612838401913285,0.0013246066381593735,0.001982592140622256,-0.743556537773712
0.2027994119455171,-1.0907335355175236,-0.04542210590139697,0.2353205624187075,0.002742582761011416,0.0018711063102818052,0.00121780669141762,0.0020618208572213735,-0.45872934422356637
0.14600275167021742,-1.0607439599541966,-0.046670098059487686,0.23525824192950753,0.0011233710350734354,0.0024391789925730135,0.001338980075260228,0.0020114104888356446,0.029758872089383253
0.14025885515400066,-1.0495229543378497,-0.045471017184779354,0.2352278212791687,0.002658066293154522,0.0014089707920053862,0.001288261286512597,0.0020238715099603908,-0.4753525474776426
0.12718231864327317,-1.0623204584611436,-0.046233707107093645,0.2352232828870019,0.000703849308242343,0.0025846040020298428,0.0013211685208489516,0.001909732408280276,-1.5347161859979883
0.14415426431645303,-1.0434761636451453,-0.04602328222112461,0.235244998965892,0.001431050338134486,0.0024817041494056783,0.0013611291846289805,0.0021819534857376375,-1.1060516577174095
0.18321252083488773,-1.0822684233939073,-0.04540612703391564,0.23529820958116865,0.0032678931341112013,0.001139204034937547,0.0012552111996327628,0.0021210336232028067,-0.46710461300859163
0.1599319944847881,-1.0779815046899701,-0.04678830775871241,0.23527483593527693,0.0021565877894343046,0.001995741369629588,0.0012292403826773585,0.0021269279332081278,-0.02846552564540451
0.12042305404592371,-1.05429738620363,-0.04640506147398174,0.2352156260712653,0.0014966139803683951,0.0021971036918020464,0.0013559787342668102,0.002026343827763528,-1.493872684632988
0.22205405307287615,-1.1082752500652078,-0.04530975527174728,0.23534499197554057,0.005399313312712337,0.0005838404148687487,0.0016456883464875094,0.009762313288124585,1.4953615770347726
0.1335452321088713,-1.048652072689984,-0.04603586621072957,0.23522141888886,0.002068624808623728,0.0020665178543277643,0.001297606796511813,0.0021071229276944633,-0.8658576351735738
0.15367874262572107,-1.0398837282807503,-0.04640770271693357,0.23525996909436178,0.0019015439366973615,0.0022126430255351923,0.0012856871210856643,0.0019295245676275372,-1.065368056610615
0.1867861493391087,-1.0757976737593538,-0.04572942640881747,0.23530432953873665,0.00481362457918238,0.0008931680142418362,0.0014633216013105652,0.004614063343985927,2.123152966884176
0.16558612557136743,-1.0554824935275844,-0.04570902430468009,0.2352749011363564,0.0030433304943026586,0.0016576433500319733,0.0012683722273430101,0.002163943322968579,-0.1019347804937871
0.14502923839625795,-1.0674484337239534,-0.0462809363946869,0.23525397763336076,0.001955957035214742,0.002168388210586147,0.0012319358068442856,0.00213080424505373,-1.0290551566160318
0.16414139325470392,-1.0693813039778977,-0.0458685132977725,0.2352732837404225,0.0024957451703613415,0.0017531398884351082,0.0012648247105543564,0.002096357746046574,-0.9755137700510591
0.20059491064608975,-1.085352359233218,-0.04555885794510324,0.23532812808171144,0.0025066470007481098,0.002274408330472976,0.001289140351781573,0.00245442185197951,-1.1109327060732619
0.19531939077519736,-1.0678944079380812,-0.04525564070256355,0.23530985606519758,0.0033606835252564977,0.0017055692265168874,0.0011618092378059724,0.0022289828481308295,0.2956621422416835
0.16824857300602433,-1.0770515646287975,-0.04610916651526564,0.2352783205159859,0.0021652956277708087,0.0020970497426567444,0.0012538237657641897,0.00210351047955376,-1.6329860096814919
0.2090427916821711,-1.0664231310241155,-0.0458617067974532,0.2353310691668148,0.0052262823867710575,0.000660551205878902,0.0016258606263044367,0.00597644118243923,1.8573771521756415
0.13895497612576632,-1.085189524142285,-0.04625308243095036,0.2352319669553411,0.0023945791258718637,0.0011947334859919172,0.0012465252524712933,0.0020012111545727566,-1.5444242587720851
0.13687261607137396,-1.0586573344929013,-0.04599023312265933,0.23523109764306147,0.002553588372565915,0.0019171934445099026,0.0012641033621008625,0.0021538522253821317,-0.25359781144217747
0.180002481416901,-1.0644556944560128,-0.04492028285111465,0.2352831382907357,0.002982070825005211,0.001311992114978436,0.0012495668629586925,0.001981012035498449,-0.469402736767962
0.16238029176695284,-1.0633490001354167,-0.04562082885831856,0.23526818705838914,0.0027143812409395228,0.001496355447781895,0.0012511690463691955,0.002111016172442028,-0.9459575003805148
0.2066835281953607,-1.0909541672559142,-0.046002301847316136,0.23533689374197644,0.004527403762307531,0.0012475913722257749,0.0013380076359624338,0.0038775543650332906,2.289551692136713
0.17442524680511365,-1.0721816919282277,-0.045714285727317915,0.23528462324249097,0.003509454156793802,0.0016291190303962442,0.0012296326490936545,0.0026214953573350506,0.9325841842950118
0.17214172487213925,-1.0651565514841792,-0.04613060325680355,0.2352896988569534,0.002284229239754923,0.0020627018269015543,0.0012271534260027495,0.002079766650895425,-1.390785138223314
0.1822348412333718,-1.0780027056140917,-0.04605456082651408,0.2352923890913697,0.0023408724447429386,0.0015208493846347233,0.0011933410109765835,0.0018933105479216113,-1.1757687252962452
0.15516416923240456,-1.0609693806461435,-0.046247981912696086,0.2352701961961118,0.002813479223111245,0.0016953022303912173,0.0012119483352411203,0.0021156786281788372,-0.5420687441174747
0.18150100863808466,-1.0665621548341264,-0.046504627462781646,0.2353076320789889,0.0032563746441637126,0.0019231876183633488,0.0012360642813043236,0.0024748302258202947,0.9670336654838801
0.18575250838984328,-1.078988186825997,-0.04534498471205888,0.23530214008733086,0.004049129724129413,0.0012277250320410125,0.0013271765076293444,0.0032926905138024143,1.004923173955653
0.13877269058437888,-1.0408686854774682,-0.0463390393491657,0.23522980452068357,0.0015158056360397893,0.002218207550625069,0.0013406718435513309,0.002005603274556007,-1.3072625995283622
0.17210697532918456,-1.0824114091280521,-0.04662146780262229,0.2352891379823427,0.0022413856566215755,0.002191164293708474,0.0012262191555123328,0.0021878688161223194,-1.192483966667446
0.1419873884295536,-1.073104592831274,-0.04604073544258004,0.23522926136524416,0.002792798551491421,0.0010986760319795527,0.0011774958458525783,0.001816981479414363,-0.7948437338591972
0.1670225962220451,-1.080789263883243,-0.0457337095132482,0.23527970445732937,0.002737780652135263,0.0017844004694681503,0.001182448725218843,0.0020332892546168855,-0.9727944005109624
0.16355358419917182,-1.0627086998161188,-0.04490498273093587,0.23526558004961037,0.0021584404386392176,0.0022403060068997794,0.0012421082803944128,0.0021062308747531503,-1.2339135449555678
0.1781338262230997,-1.0864678847201397,-0.04592832954262596,0.2352909407461604,0.0034074717894720915,0.001474875714326006,0.0012240942442406414,0.002256004404163781,-0.1272839825704311
0.16074717851739576,-1.0752328493872745,-0.04699316905248435,0.23526973238655957,0.0021793379190007886,0.0018932904669948113,0.0012643649690632429,0.002061096641958706,-0.905476902965091
0.15680873601566775,-1.072716709444968,-0.04607479144819817,0.23525674257913934,0.0019183084457158252,0.0021498252252733687,0.0013413301777099188,0.0020999670177511143,-1.511418205344681
0.19102863886321186,-1.0991842656327186,-0.045105067431321616,0.23530201398821746,0.0029805142277916645,0.0011019900737847964,0.0011604070085340383,0.001949487909706807,-1.3146603698087165
0.1755929880100371,-1.04126950831711,-0.04565972820229861,0.2352907100925783,0.00262922230673816,0.0019700366062305684,0.0012734504337688932,0.0021366489319089386,-0.8029783338983028
0.17710860159051944,-1.0971430340562052,-0.04621438371370441,0.23528457296367966,0.0028436339430160966,0.00171554377481935,0.0011214432886554433,0.0019228710743222225,-1.032611385347671
0.11094776308383655,-1.0061181984231111,-0.046336118047963976,0.23520980518238274,0.0007190708826002541,0.0024893436298576476,0.0014197893141258354,0.0020899353494281546,-1.3846508621554792
0.13668917845121398,-1.0682863345091775,-0.04566916055004047,0.23523971262211488,0.0014770716797785747,0.0021533025511318465,0.001295103770504942,0.0020991798312045983,-1.4596013145032505
0.13803624677400758,-1.0683959211240885,-0.04530951586207723,0.23522249194258313,0.0016493233757092058,0.0018089930066475567,0.001272732376388889,0.0018721528650059778,-1.4422419071026427
0.13946702170931988,-1.0398918057594468,-0.04613894315623765,0.2352518444882768,0.0006193369949559549,0.002693292078912846,0.0012797691879032616,0.0020272717604948873,-1.2396010413853902
0.22769310759950775,-1.1151909084805434,-0.045291664531472084,0.23535359315332408,0.005131981028462217,0.0008826909629061995,0.0015988918429305538,0.011739763668449648,1.2858510327799377
0.1969348094566468,-1.0819117864001644,-0.04551923635695184,0.2353136657324442,0.003399181745280819,0.0016150428306775442,0.001144765553045549,0.0024315686076788203,0.18125066615998867
0.19453722442729052,-1.081880353700666,-0.045959207935673485,0.23531198840704437,0.0035932194267694353,0.0011225447602829861,0.001264634137374998,0.0022343079815373133,-0.01780393756337472
0.21504264286108524,-1.0737184134182947,-0.04532518568714292,0.23534141120904492,0.005360583320236043,0.0006029999386463309,0.001562842279658807,0.006042471699408487,1.8721653557456677
0.18418994352556323,-1.0788104695196596,-0.046278362047846355,0.23529944880469086,0.0033137194782267916,0.0011465063032671057,0.0010697368053737002,0.0020442732991343532,-0.7983354300300725
0.1910166187559022,-1.1007767486844315,-0.046537750754045974,0.2353090128372092,0.00253049185750539,0.0021193626605640046,0.0012095930555596488,0.0024893056138068,0.006895926123907416
0.18843327837996252,-1.0627804137569974,-0.045503739698996584,0.2352986708650563,0.003483727754198828,0.0013925123955910875,0.0012246160899295983,0.002146108462209658,-0.07215720847971303
0.16799916529131126,-1.0795840882962706,-0.045888570940568654,0.2352671259595226,0.002271495590393654,0.0021182698127392378,0.001312986847124071,0.002203533671752147,-1.061783479905233
0.18274438786888145,-1.081104322249,-0.04559150100035719,0.23529601214527576,0.003873084241501911,0.0011510200765084376,0.0011127822040112865,0.002354701165772954,-0.19418957156101527
0.1387494890615262,-1.067355577554525,-0.04655176016926269,0.23524623453493448,0.0016214766957604284,0.001969546218026872,0.001153228813833644,0.0019767119452311346,0.0059111160438229835
0.1825910028123156,-1.0993407605128176,-0.04636607616893429,0.2352945982621222,0.0035036397582994096,0.0005522357824443339,0.001093862966646479,0.0020965183318825357,-0.1031534886192169
0.19210662360392036,-1.0838433977877302,-0.04583534286702679,0.23530410522806963,0.004170734711540278,0.001020456793367082,0.001221225117708794,0.0024131360593823265,0.8459977492303922
0.18410571564208936,-1.0792819843249475,-0.045731692852404214,0.2352934213432672,0.0022511272340329123,0.00214319496216503,0.0012193062307457988,0.0020172206430001736,-0.5826212690983823
0.1861938414618612,-1.0790870143847662,-0.04560666805810451,0.23529707785640408,0.0016587288800514236,0.002011790876901523,0.0012591932337897903,0.001953564544795801,0.042670611350751196
0.16667270350276575,-1.0485001408592711,-0.045982693405644315,0.23528786885571065,0.0018615191120968334,0.0021102054033981595,0.0013108899526440504,0.0022037516509745636,-1.2075242198119542
0.12076619202744172,-1.0046763215784165,-0.046730242561782265,0.23522358796861187,0.001721072418431524,0.0023498275623766132,0.0013817015277851684,0.0021987369431795763,-0.4492376037085652
0.1601848023937737,-1.0991263366181834,-0.04635118052723657,0.23525907970349816,0.0026257956236283558,0.0011869890971141323,0.0012778922190454605,0.0019646963996572575,-1.8172619593763157
0.16679679873400455,-1.0791633109162335,-0.04675283724919103,0.23527658316170677,0.002591577071973989,0.0020247535173358506,0.0012390941008282924,0.002152575953451861,-0.9429975463439502
0.16807396904917668,-1.086446561153881,-0.04609794677227164,0.23527212385878352,0.003592053165575622,0.0008444441661428117,0.0011743115999238423,0.002073043872416552,-0.38792352405311553
0.17296074620443033,-1.074720512561293,-0.045705976107696965,0.2352829696115204,0.0026252133679319396,0.00199252375056319,0.0012439316549827098,0.0022416299056322126,-0.05835401244883694
0.14287971305217112,-1.0310199612904323,-0.046294172145458,0.23525094021850376,0.002293896149356933,0.0017050565322189177,0.0013276441153047345,0.002082362481101534,-0.4240946302558689
0.2538537536787082,-1.1493199846753406,-0.04577062100305176,0.23538108476257424,0.005340690446149851,0.0009105099579614031,0.0027044478283632305,0.027526941933259975,-0.12364254051110314
0.162685058470621,-1.072207965958622,-0.04529339392913379,0.23526458194331995,0.0026828559472617075,0.0015827238106843233,0.0012655391364972813,0.0020159405745625142,-1.3254440958439948
0.19835281308199113,-1.061845052679089,-0.04580766655286482,0.23532197429623544,0.005186692834847263,0.0006454000348573309,0.0015039623323282053,0.005031008702333445,2.139976468535476
0.13502208053794296,-1.082472850772638,-0.04653054508260917,0.23522786707822096,0.0018696459214888582,0.0016364286637287572,0.0012280842730280305,0.0018440378042893985,-1.4180462478742302
0.16744635549689027,-1.0453062688296149,-0.046051965996132524,0.23528526369142816,0.0030635579659218383,0.0017069591888369835,0.0013045340165397806,0.0022753354754232067,1.186252714518119
0.16427196028095717,-1.0780048668272177,-0.045391137416247195,0.23526302938722782,0.002542944503289972,0.0013755767735763604,0.0012785597446167397,0.001970088751765148,-1.335970862184103
0.18464243591988186,-1.0675566587725858,-0.045440378567144196,0.23530570016593513,0.003472338696045647,0.001215625710142105,0.0012040872304890594,0.002113914014483804,0.6941900579558664
0.17422729116397873,-1.0559022651007688,-0.04585158587286855,0.23529437262591707,0.002599694888567461,0.001987535269148574,0.0012693024146343437,0.002189112061493752,-0.8103369500961253
0.18539889884112806,-1.0789041138214974,-0.04582258060935497,0.2353011854776148,0.0033992451448560195,0.0012876322811399836,0.0012105785485701731,0.0022198612364808384,-0.17162986941595293
0.19083454111353013,-1.1004924392053141,-0.04488683617532873,0.235289475605542,0.0028815614473307067,0.0015305069987254032,0.0011346405139949132,0.0019291120585585705,-1.4344386422798376
0.1481894676478431,-1.0523859630010897,-0.044846468798682655,0.2352420956548591,0.0020877440686680538,0.0019000196107727266,0.001297007053902207,0.0021153920319952205,-0.974664327557358
0.2253397367203533,-1.1188333390261895,-0.04612850874257605,0.23535562673210275,0.005253190069104035,0.0004765339925096047,0.0014505086822568733,0.0052173213274804555,-0.8767604168625014
0.1604501349955911,-1.0609526407711134,-0.046072049941540925,0.2352751668948282,0.002602948308492835,0.001859903169926885,0.0012543533402097928,0.0021248369593735127,-0.015615681468958986
0.19659166031594685,-1.1112264067934488,-0.04539695579519077,0.23531139966310277,0.0029325741069085903,0.0010565961855245373,0.0011986026028761724,0.0019973358397515173,-1.4069898932777667
0.1410009425356598,-1.092671829560047,-0.04594174263792767,0.2352348192219817,0.002514609760679989,0.0015015942799991553,0.0011621153825719613,0.002056001934772603,-1.4078395564661033
0.19341447013020355,-1.074469615064653,-0.04532413721534764,0.23530730304532416,0.0025938027973917877,0.002004743361870863,0.0011631006878494424,0.001907075897917839,-0.5737245282050382
0.1844290726142825,-1.0970796556891174,-0.045374938879970066,0.23530044075822487,0.0021785394392844592,0.0019537398297787946,0.001316758167823869,0.0029871240809755447,-1.871078467541217
0.17717940939172674,-1.0927726365783967,-0.04648811489057742,0.2352883531220392,0.0037659424889288974,0.0009094213937584347,0.0011149062206123428,0.0021550975612650864,0.44735418574971203
0.18369260752119185,-1.0559808875379502,-0.044951870908814785,0.23529915254080971,0.0033946092350426132,0.0014295931742176636,0.0012781017593312116,0.0022023931890115486,-0.20426860057947074
0.18315581994302002,-1.0954855291602665,-0.0458030245867652,0.235294479197276,0.003454281859470783,0.0011536715960133892,0.001083602764582564,0.0020117068656866953,-0.9765167529997627
0.1397472352950693,-1.0719176751017143,-0.04610680787248361,0.23523866644067407,0.0021723261669639054,0.0016055541312664252,0.0013208031097420095,0.0020390440933977776,-0.9265323816892672
0.15461085793489235,-1.05871715075198,-0.045884046012826724,0.2352639753158204,0.0009344075785588508,0.0025635727380086,0.0012006341729680434,0.0019390101921566167,-1.3510574221142875
0.13737848890944715,-1.0520582638882996,-0.04578294933065088,0.23523327586508488,0.0014902607618068253,0.0021028037924883756,0.0012734830838282824,0.0019190144895237014,-1.5898024267073263
0.18176933864667308,-1.0707009978700754,-0.0462840911202063,0.23530346119504322,0.003249959911583457,0.0019161018241057367,0.0012229002678972,0.002451515848476892,0.74598930053536
0.16600353952255562,-1.0671551688146301,-0.04602281771079831,0.23526779405907314,0.0031457766630795282,0.001638888248020159,0.0012657254999404505,0.002184520563517151,-0.4689148139796609
0.16729933576224243,-1.075699681428443,-0.045151593429785274,0.2352742721661029,0.0023394728476694732,0.0020031715479272415,0.001206569699452535,0.00201327901075866,-1.4146295645829656
0.12660639049812403,-1.032686041301699,-0.04722174296497996,0.23523378357103705,0.0015114777458775162,0.002540206088035665,0.001252977334673982,0.002215149143300641,-0.8033725498207115
0.20989169416194864,-1.098534097587335,-0.04565664600153671,0.2353332407045984,0.0051056546910334955,0.0006958665532333036,0.0013943026807649878,0.004383742699865636,2.057240699769873
0.15546031348453804,-1.0946741528059185,-0.04557161742177666,0.23525562246660411,0.0018659221788961768,0.0020086382157479855,0.0010994144802580728,0.0021434769836876414,-1.8748977045314172
0.18073615113255584,-1.0892258450873331,-0.045820522246256434,0.23529446977705842,0.0030689942079566764,0.0012754835128099687,0.0011720508537322316,0.0020736940559283536,-1.0931022474589471
0.25739597625348626,-1.147438973303081,-0.04543014772313971,0.23538743162484654,0.005410197877830106,0.0008587607382128861,0.0023815531547142278,0.026657785016906816,-0.09371490165859248
0.19352989972003956,-1.1211277761875837,-0.04575454696585162,0.23530632627458664,0.0035188358916269616,0.0010012482309433555,0.0011656837731146394,0.0023897174811136276,-1.2120123288214957
0.169339813958172,-1.058178460626756,-0.045388633388774066,0.2352811372100622,0.0014471001676201484,0.0024862718342641473,0.0012995271174572802,0.002230107768465184,-1.461069763155822
0.16635412819319423,-1.0738521868550581,-0.045670684754931926,0.23527041964762557,0.0017288787049171957,0.0017161002666420367,0.0012720169230792302,0.0019385170028980016,-1.2949260844016024
0.1923845146773061,-1.1030247795961254,-0.046198534114082535,0.2353094545759966,0.0030468147726607476,0.0013134915614292652,0.0012740864692365977,0.002097432397953258,-1.591965451308807
0.10108012950581398,-1.0319023649605046,-0.04668616091736071,0.23518994163142276,0.000931041412025133,0.0022141753793706626,0.0012825873943067014,0.0018995217408618898,-1.2773179180457546
0.14755401164963824,-1.0672959562198197,-0.046522046765213314,0.23525575860605022,0.0011127430546704513,0.001981545146763753,0.001215831542464025,0.002004967159822848,-1.5601893456457312
0.20434954159512783,-1.0948150273194497,-0.04617808837900726,0.23532539906613162,0.005178600137543235,0.0007641956016982926,0.0015392398085895436,0.005415247535808344,2.058458360563699
0.11426640052467212,-1.0478075705379262,-0.04712926765533445,0.23520346515692592,0.0023255954207251277,0.0012370072849441783,0.0012855102531514119,0.0018355048223094258,-0.43246674689491243
0.19546696296478258,-1.0962945883399373,-0.04554019553841622,0.23531105006229106,0.004521803405066789,0.0008524892442291962,0.0012582084823833386,0.0038282578406210466,-0.6244513096022968
0.1622855358729864,-1.0727803112669647,-0.0461242856364714,0.2352659554419296,0.0029157933544801413,0.0016114427482287143,0.0012705917463506568,0.002277045442739718,-0.10920308515251557
0.13432878972982865,-1.024477182395293,-0.04631787035855855,0.23523426166670294,0.0010719953049142658,0.0020119628899604243,0.0013326799938229964,0.0018684492149963767,-1.0212374308934427
0.17490656352476502,-1.0616821874137694,-0.04557994957964279,0.23528518566737533,0.0031802286024013074,0.0020010652377022223,0.0013152108295695626,0.0026867303864178556,0.3044501258688019
0.17793883481897868,-1.092829001137526,-0.04500679251196946,0.23528348062803528,0.0025539495213129197,0.0014539959860601665,0.0012129394748495211,0.0019566739019437345,-1.2730472396458954
0.19529151215510235,-1.0861718159346554,-0.04546253056978022,0.23530238246970397,0.004601261597652623,0.000681823161714197,0.001306382817332097,0.0041564668917606655,1.371751443725065
0.18083086873797174,-1.1089538046304823,-0.04557807142255129,0.23528493075537552,0.002621024126508333,0.0021019766565008187,0.0011625218116844164,0.0021790709641586756,-0.9199355496478442
0.16363036517074975,-1.0677674799467216,-0.046724615136405696,0.23527817659117392,0.0018851987395623446,0.002145296263203452,0.0012996396649173955,0.0020922437166456774,-1.3364180938897945
0.17031305254685125,-1.0590928571015361,-0.04613289257599274,0.23528530701034842,0.0027313966101796985,0.0019686064893089062,0.0012290901019179421,0.002181238709043479,-0.272042305932298
0.18700627369974554,-1.0906187760589905,-0.045892756709411564,0.23529217550544876,0.004045827763734993,0.0007617053449960976,0.0011784595935871761,0.002181883883885139,-0.26470761528866277
0.1843146457078491,-1.059701126458641,-0.046539024228280296,0.23531409613696572,0.002060532913299015,0.0024317587816108117,0.0012317303541920619,0.0022315335467360566,-0.6633929914754085
0.17763288905115693,-1.1001981014049014,-0.04525230897621781,0.23527920565479754,0.0015059388118240052,0.002476069380400103,0.0011990321489943987,0.002475711585631762,-1.5751840050109172
0.18433564935185934,-1.073777969971367,-0.045805137424616234,0.23529170732669735,0.0031264626733512922,0.0013934129281186738,0.0011937486443613211,0.002044575163094488,-0.5554657692992128
0.16796484997296166,-1.090705527912349,-0.04611221708215489,0.23527176957425455,0.003150437378404515,0.0015224337518563176,0.001159093768925975,0.0020541073030889115,-1.261347957346411
0.13176198644980222,-1.0382201633261428,-0.04682062918889944,0.23523373930890254,0.00173920904955183,0.0017250772775514332,0.0012882558519982871,0.001896542451938814,-1.2425227489561124
0.19922557402301302,-1.0750944732072802,-0.04566075509481615,0.23532445481065103,0.004981046913406188,0.0009462024154037835,0.0015835681615696286,0.0053218851193885305,2.0947975368539367
0.14737245655575706,-1.0637724128154655,-0.04572088348779255,0.235249405229263,0.0024769299445009047,0.001760891341462245,0.0011572315149030394,0.002122600219368846,-1.344653606714769
0.12556099905748974,-1.0397980604090973,-0.0466101611010581,0.2352260285201256,0.0014113468909032136,0.0024861109139330123,0.001372733306276623,0.0021315321982942437,-0.9760809497858791
0.21821324782361887,-1.104671389890208,-0.04575414194501508,0.23534298337769902,0.00555870033546296,0.00035536953196538853,0.0016404858912239092,0.007843166466448255,-1.1648959648079296
0.18668617733240614,-1.0785942594310585,-0.04630770153523255,0.23530396629835473,0.004866645281146695,0.0005013039807835099,0.001512369228509261,0.004471519389491486,1.9210813509819247
0.14508875964384554,-1.0723255862018015,-0.04573429783673988,0.23522744297443685,0.0021358900302283126,0.0017207824084544603,0.0012886103121355315,0.002007922199699735,-0.8978432588735045
0.14332517775241005,-1.056343137226817,-0.045659323328753575,0.23524321157229067,0.001505882596455242,0.0024202220459762273,0.0013030553426341914,0.002059858624583056,-1.4992952192814628
0.1778491105723173,-1.0766717444103917,-0.046086166539069724,0.2352919957384196,0.003930325310212413,0.0013522463254622198,0.0012334516573493173,0.0025730823505385456,1.2173137824388964
0.17742986630211469,-1.0677100520192513,-0.045215849779021156,0.235283456161435,0.0023662434746484716,0.0021980630125638684,0.0012253713275172157,0.0021841014312624528,-1.3607037939180866
0.18460371595745795,-1.0896200463103514,-0.045890595166293,0.2352888529138597,0.0032750697928422643,0.0013862534480566565,0.0012708421785142623,0.002197394213198368,-0.5957637837763633
0.1706094785338099,-1.065134601519134,-0.04632079201046116,0.23528952650251375,0.0031609609162552258,0.0018918826218753762,0.0011775236252259344,0.002357284657350078,-0.13416389298149187
0.16775083639532737,-1.0699316297046826,-0.04609710508288677,0.235279595039941,0.0018235062295156679,0.0021183977790968974,0.0012391537666831996,0.001951564461393998,-1.236915158703672
0.1737137949015158,-1.0954821640350543,-0.04645593977630718,0.23528797493902134,0.0026100077246424564,0.0016434587299038138,0.001206060803558069,0.0021856812661326147,-0.008224387439087107
0.19860322763115407,-1.0651790343878365,-0.045218806664840835,0.23532221580465845,0.005079436123805799,0.0006769320275814028,0.0013374956123592913,0.004561734343482614,-0.8757528019214266
0.1641711773474162,-1.081976136283336,-0.046293368176553246,0.23526585208315345,0.0026610779519553687,0.0018789481052059612,0.001135642564885156,0.002037953826121172,-0.5569722074969947
0.122906571660541,-1.0882527870498755,-0.045915794361253044,0.235201204941059,0.0012437542704313127,0.002273196741886316,0.0012808105618055698,0.0018706600056815324,-1.657888496635039
0.2124469562830502,-1.0737244145822464,-0.04583773032951903,0.23533648356118952,0.00516424025652462,0.0008939738827060022,0.0015833027560884926,0.005553923258936474,2.0358680401119655
0.19930033349462806,-1.078466022218976,-0.046118139075618174,0.23532767635133786,0.004313645085975809,0.0012985657323133489,0.0015105339037446777,0.004512110962305274,1.9948186701322974
0.15153178766348058,-1.067070998278902,-0.045205350036159594,0.23523730944680601,0.0005078330018264902,0.002561775761935836,0.0012715281294063113,0.001852938013245158,0.11492655367913657
0.18781103093055027,-1.0983818125248594,-0.04640285408245068,0.23529951154447468,0.004270849390195453,0.000721357864294661,0.0011798031784449757,0.00236419966691588,1.0854181288760454
0.16331517177307311,-1.0809539757813844,-0.04595430456204614,0.2352705365163603,0.0017217999466719058,0.001949396874953558,0.0011493491798416375,0.0019057191928073495,0.03769274939601681
