0.08061233580517464,0.1382867485564225,0.004042645720354267,0.00011724096046652437,0.0006082575131793984,0.0003914727026299502,0.0007177388466396857,0.0017313591236780435,1.8533869124291193
0.10772547945621809,0.16473633887803663,0.004027786908236042,0.00014841996324772277,0.0013134675001910622,0.0007267157658220636,0.0008604529750459613,0.002200847299379371,2.7676529548651403
0.10821951952432322,0.17327703273080514,0.004668740035792404,0.0001512021230699919,0.0002372865079918445,0.00038693116055285907,0.0007174413967778963,0.0012852757658865545,1.972307623974108
0.10280272902147299,0.16689854985609406,0.004310755424998369,0.00015536626774451958,0.000687014923123611,0.00042126511958647526,0.0007367963229532431,0.0024243883817516546,0.8708527416443036
0.0897172941572741,0.14249782329146787,0.005071167834352908,0.0001286858853857322,0.0013021608867857407,0.0007846204066782479,0.0010834631453336529,0.0044142763845566564,2.0902205842547756
0.09290177415548419,0.1689052251268099,0.00445043061024303,0.00014067778717613178,0.00039923810265584585,0.0004640043404301877,0.0007647011016359462,0.0011963260016144856,2.017008986033445
0.10284071943881253,0.1816576568776268,0.0046942021728881515,0.00014548247315695478,0.0005684918168531427,0.0005730695595744126,0.0006722716140474247,0.0010508830964224016,2.486065720874152
0.10556628638181237,0.16715470310939878,0.004089167075914774,0.000155262124690487,0.000520750263600655,0.00046854917943825935,0.0008359565770251334,0.0012672461928712265,2.246644874914159
0.10928551928548262,0.1980218521115775,0.004488864316117212,0.00015708807834519657,0.0013567952266368068,0.0006106497706397002,0.0009323459459457032,0.009503169905717488,2.1706901617655836
0.10632495079841958,0.1736952109477186,0.004469478476656067,0.00015377929271950393,0.0004916855712888907,0.0004000891759824713,0.0006124452238399975,0.0010581490052399363,2.2274492071572505
0.10470907004468656,0.16736627224123943,0.004297678587837466,0.00015461302903990658,0.0006816359416951881,0.00031659170348877344,0.0008094865568971968,0.0019324575460170966,0.44066620338697693
0.10982223053291225,0.17494023671215064,0.004462418953584287,0.00015816279722556483,0.0009304757374958092,0.0005785597518837239,0.0009979869582632432,0.006958708179473877,1.7037639733403704
0.09659841753381568,0.15465298212372044,0.004410945064147933,0.00013372181386372902,0.0004766383384407265,0.00041040539505911137,0.00038892295116144164,0.0011130394344244807,0.2955824714650084
0.09832075948660834,0.1741010898913863,0.0040724649726316875,0.00014284806434228584,0.0006097468090158093,0.0005667182985638801,0.0006677104190069295,0.0009670377473713393,2.4425408484394167
0.10582278536557665,0.16997858312389855,0.004587453735713794,0.000157681073842665,0.0005221420556689078,0.00033174951958641686,0.0008271714936420786,0.0013362347573466708,2.285674737517971
0.10354090420767662,0.19238243787424622,0.0042773714740961186,0.00014734515386898497,0.0006790485293638567,0.0003473971178787516,0.0006438160904472387,0.0009329476122112789,2.611747471478545
0.10036688510307157,0.16262056401700553,0.004272502460260948,0.00014390349213690005,0.00034257094566889226,0.0002783356581264942,0.0008283680259822563,0.0012260635993400415,1.9857939224449839
0.11272961000849677,0.19052326494374885,0.004284225040517865,0.000161218826840658,0.0004148811881738518,0.0004914193297973329,0.0006487783998514626,0.0008753185722960834,2.162081902213316
0.10577870337541162,0.1714016938859853,0.004320436838694345,0.0001517313322713928,0.0012191465658348663,0.0006787106438667683,0.0008830257765798319,0.003012620780969971,1.6494945033423285
0.09178921536158938,0.1633364399396262,0.004190561913425658,0.00013451919931517934,0.0002854275638156302,0.00036285905622445434,0.0008287525029986509,0.0012902631645639196,1.9636892196856264
0.10435889674489462,0.18326185836624126,0.004404189153057081,0.0001460948650899758,0.000535362363138368,0.0004314271527474775,0.0005396292297260245,0.0009940092658413363,2.2330521308891895
0.11157419065341934,0.20126259944376337,0.00490745815098013,0.00016411858093240487,0.0008472127864201427,0.0003890328753347892,0.0007287426676527172,0.003921582497284464,1.767882097696093
0.09679516640340599,0.16536550595542113,0.004469164963671063,0.00013404671097126618,0.00041829500301341054,0.00041750191901286876,0.0005760141641426206,0.0010513744167597475,2.7227963945240035
0.09984835192905597,0.1714583377602468,0.004384009209346646,0.0001385962957569094,0.0003388700608418983,0.0005878997627934661,0.0004894838833145282,0.0010620874533561267,0.33940409701137225
0.09962683069617649,0.1561303345496023,0.004581054005221841,0.00014201643086369096,0.0007313836493051011,0.00042173923435404395,0.0005929051957382827,0.002539028294802962,0.5653048072203494
0.10285070413486067,0.18051357620136047,0.004365394945746307,0.0001514595921722224,0.000540436399740748,0.0005030890313769652,0.0005463127566786491,0.0009184187583833969,2.285397084175666
0.1071596333838684,0.18716732787795065,0.0047258813141563836,0.00014714696226910464,0.0003687036180897962,0.0005739869769177515,0.0007533834138834732,0.001164033479191317,1.8611213579283934
0.0990756579999213,0.1618990915511551,0.004705046556659481,0.0001403521838477523,0.000575373430604152,0.00031582839955723673,0.0006623195215057552,0.0013422953682651177,1.8696256657739359
0.10079679695958574,0.17709291396110213,0.004302339718912691,0.00014362534687333085,0.0008746546172707056,0.0008368004202305132,0.0006302662600180058,0.0011740557089548937,2.8748353388381354
0.10501233536201618,0.17568876178167753,0.0053975333845129704,0.00016060487063430975,0.0008162681088815633,0.0004818051238018113,0.000750033237668908,0.002488972065190106,1.8408642924622205
0.10953840045788157,0.1887639718129603,0.004378266774907408,0.00016186219706663753,0.0015164834324108494,0.0006886446378999168,0.0006107937298318561,0.0020690824672619855,2.657301937201179
0.09810755087299547,0.16971354829535534,0.004448283050559788,0.0001400329651090746,0.0007937939248726042,0.00032315414183954876,0.0008733501184682614,0.0025404118972408825,2.3115681923197045
0.10665474900261507,0.17804544879134526,0.004152675353350374,0.00015937687391652319,0.0010562176527887596,0.0005690534813560322,0.0006754638262753683,0.0023364710377033362,2.585423346712987
0.09945701559944238,0.17979804941096053,0.004325351638276978,0.00014966374938999715,0.0007686185800343003,0.000454300552818588,0.0006237983142096361,0.0011494283925266554,2.2053679544919533
0.10350583711445817,0.18052555684960614,0.004019579538272033,0.00015862521242000286,0.0005227347029881769,0.0004381952008760082,0.0006751919564095772,0.0010920820699669995,2.2031357734747794
0.0939707286816532,0.15695940539456973,0.0042785460608259504,0.00012932563259980204,0.0003484263711360088,0.00027852511937122445,0.0006794745947792388,0.0012865036761605844,2.1560625163842584
0.09435286323169917,0.18731097468316524,0.005114509582068989,0.0001225242275717548,0.0006233610494346476,0.000501496285120269,0.0006394165265916464,0.0010944042963416955,1.8191173423222213
0.10763541867098578,0.16763930080095849,0.004117908039486709,0.0001585411493362536,0.0004913967808395388,0.00034049763546016576,0.000849767580295664,0.0012757618576095626,2.284517182555747
0.1090387658548293,0.180079442637564,0.005145360972448105,0.00015539055854456467,0.0017034644989825387,0.0008752201534871269,0.0006596195924775251,0.0030319353432788254,2.347537432985159
0.1016889046951933,0.15578696046597,0.00443893871973601,0.0001411129868418693,0.0003275609240944405,0.000447625424816037,0.00045525779892200725,0.0011894488277709515,0.3253861988615287
0.09718317451683013,0.14799114861014695,0.004372914462280965,0.00013615680320210627,0.0002855424367413436,0.00045683275622376395,0.0007568992395046815,0.0020812946797085664,0.3241627361150075
0.10483982800934147,0.1625623743503776,0.0048942925842054225,0.0001475728898131664,0.0007252646239684865,0.00041183793276355267,0.0007914853710814373,0.001345904243591941,2.638785832730381
0.08796287858020245,0.1259923675774822,0.004121191638889975,0.0001242436113486793,0.0009238694842250067,0.0006119411233225987,0.0004853453993858711,0.0023951578629811923,0.8376379291617172
0.10055090088063492,0.16013959432754363,0.004153935345914147,0.00014401853301723624,0.0008273309737381074,0.00044585368711848094,0.0007720007994585829,0.0033718192739637166,2.104406024792532
0.10471870544768447,0.17636267295327038,0.004754631333308558,0.00014647092607008203,0.0005026963579958589,0.00033653429664756886,0.0005790579381860151,0.001016938618318016,1.8599314077676592
0.09823722986504625,0.14391624681597728,0.00476776297912664,0.00013306785005788322,0.0009135770777664375,0.0004388903283742577,0.00030988383615727433,0.0011319148091031039,2.5615938978477106
0.0958485373424436,0.17560142038276463,0.004637415417023585,0.00013999936766979042,0.0008681727389457492,0.0005607165949538446,0.0009973891837651214,0.0024540979247893117,2.1644931659396778
0.10486837658008438,0.20520194225397692,0.004165805001712006,0.00014614706082397672,0.0005075295629134329,0.00046159948149536304,0.0008071953646259262,0.0010494413630711818,2.0211395180892997
0.08882066146632009,0.15645218813066517,0.004159846298613758,0.00013029425536339198,0.00041376404567500106,0.0004613103608247986,0.0006718210210583086,0.001343786681510297,1.6154177023163487
0.10275951239218566,0.1705048583670838,0.00401090341069693,0.00014636233119098762,0.0005394098515774288,0.00035744094177401803,0.0006339797963381901,0.0013881170014486308,2.249053816169324
0.10534874451731342,0.175670105770198,0.004248032097753192,0.00014599985067500855,0.0011015710271204153,0.0004891944789062344,0.0018832347379520013,0.018109057354694275,2.2284062929924304
0.08586923868314474,0.15216364750363762,0.00433467372160917,0.00011886943457405411,0.0008193863634893759,0.000564287834207123,0.001529461034270198,0.00972118750276932,1.654134460901876
0.11476233106667741,0.17893096641388423,0.004116528896304132,0.00015937048019864632,0.000593479191622961,0.00046626706252751835,0.0006414630322331156,0.001132365576390623,2.260425136661692
0.11096949153838229,0.1657625544070518,0.0044893580954166795,0.0001624041535713595,0.0002335472268913737,0.000325909034589339,0.0006711616634819229,0.0008940846952542866,2.1602461962674266
0.09771578431226267,0.1727790398302635,0.004296131999983112,0.00014348192790792017,0.000732964614531424,0.000591315186338977,0.0007203720103208961,0.00100482687723411,2.6307390409574087
0.09431696345810248,0.16058991206510015,0.004445731283004314,0.00013684482024064757,0.0003581263543488632,0.0005431496157091666,0.0008520717837924104,0.0012001740886012175,1.9016925999661822
0.10251917721483202,0.17830047704945498,0.004451342851637701,0.0001454205359256699,0.000260997303626688,0.0004196202069142148,0.0005300087325596551,0.0009545912064952226,2.26460489321836
0.09766211986023136,0.17272781748237326,0.00432305903916886,0.00013268121964576354,0.0010776980552874538,0.0004582531953275576,0.0006343081377057064,0.001652618927742994,2.8576415536540782
0.10148212564320652,0.1560834622967234,0.0041301511920711674,0.00014687780980619471,0.00044181894269883064,0.000661197806582312,0.0008133385938374626,0.001322232486597485,1.872353620346878
0.10077673785292855,0.17230156412035286,0.004249516241271827,0.00014004679598751907,0.0011940538244853175,0.0007778417584696655,0.0008705886518251721,0.002033524849216696,2.726860304119661
0.10719266953504324,0.16613858686583666,0.004180253064196585,0.00015000164612124267,0.0007018906982522086,0.0003515698131814495,0.0008120196496689397,0.004105882200819727,1.8237427343946204
0.1050467525080184,0.1587932015781951,0.00457774609349813,0.00014275658672073725,0.0010254823198961732,0.0005313457234295271,0.0005944181736775337,0.002620721472277387,1.3778706954119455
0.10475406875301756,0.18849219087610075,0.004327216777653064,0.00015055823487046646,0.0006256577407162246,0.000448671484766145,0.0005544373451962391,0.000926342792851609,1.9547933987583184
0.10511434876685809,0.17589533829871334,0.004386960961115303,0.00015279184963862028,0.0005505581621903203,0.00034879140894593044,0.0006699316914247928,0.001058179904522049,2.2538877568245925
0.11629832647018919,0.19476766297817602,0.00446276533193475,0.00017349417545720435,0.0011304378703512852,0.0006383926079355054,0.0006597091795140185,0.00210170108208826,0.6706954228175439
0.09661457564321733,0.1592697322885417,0.004309362069049687,0.00013301075844132017,0.0008984814697837241,0.0006136578666247956,0.003397638724540603,0.019009706503409954,1.724462148811461
0.09802535756654802,0.175176068307598,0.00448081991007609,0.0001409307847114391,0.0003150565121736824,0.0003112545055600869,0.0004887044589339986,0.0009671448973833817,0.31736075180502554
0.11273997231862226,0.1796562485840925,0.004641068936045728,0.00015869813733874558,0.0015516949426882122,0.0007562295272015475,0.0006946541585099776,0.002161606149032976,0.5727429159810338
0.1054860144639411,0.1834185730455478,0.0040501934907241095,0.00014615191207922523,0.0003610381042844478,0.00034335621511363026,0.000859809590555512,0.0014308971864553483,1.9984472453949025
0.09983118310014157,0.1716432628498217,0.004246622635248248,0.00013800651134089493,0.00046945306782695206,0.0004028947387565101,0.000781822945894581,0.0011919882450806606,2.0622552528172475
0.09330196816627635,0.15896630616775326,0.0043209092603719145,0.00013119305228178723,0.000645775935671949,0.0003298930674100033,0.000707020135114604,0.0022811586167737047,0.5965368222002635
0.10493634636234689,0.1911135776767697,0.004779096461081307,0.00015311632451366438,0.0012259742111236202,0.0006105153779325765,0.00070421081627334,0.00211190268567766,2.475148396712381
0.09852686147784503,0.15242280113696552,0.004148106264689248,0.00013065719555798022,0.0010838088260824426,0.0007180871638127094,0.0023467365538917015,0.015948578452718614,1.80329164989231
0.09794727193434775,0.1565636332877886,0.00437045650288037,0.00013053764024206088,0.0009200045724968966,0.0006291618125476124,0.004059059800807922,0.029668371731116413,1.6513145681080912
0.08924981598630098,0.1480291212610128,0.004386237476375446,0.00012590181075820302,0.0008189706463743332,0.0005872140132235535,0.001336042977872543,0.0033466945153555155,1.6230347075543121
0.10067148449325834,0.1875709233376297,0.004698727615010189,0.00013703621576179094,0.00039067115479806183,0.000482545710292331,0.0007210076781330682,0.0010625423960757491,2.385606381212574
0.09218259233861206,0.1520636392755002,0.00439431902194409,0.00013340392599838383,0.0006669619200955314,0.0003455733961239065,0.0008118883076022233,0.002134072099069474,0.5016785287289588
0.10159805267613305,0.1701449918746494,0.004109055246247984,0.0001455351110353459,0.00044977375259892534,0.00045201261268303165,0.0008645660195099251,0.0014001351563705624,1.9897486893836829
0.10069230657517646,0.1688590800586976,0.0042458526403395085,0.00014131391568402078,0.0009510624812244214,0.000537935074179147,0.000905060889934218,0.0028076796738787987,2.397902711379217
0.10732999827226146,0.17933491425178288,0.004554154824951619,0.00015122756106348623,0.00048799173007325864,0.00033142784921645537,0.0006733625010916269,0.001082701183489769,1.8571247606031718
0.1049468723418183,0.16178392182937482,0.004710075379489566,0.0001502121955829515,0.0007645697887125677,0.0004675558316012109,0.0007095357667739728,0.0013073219997629922,2.1723469883530924
0.09488375382075172,0.1734087011050557,0.00458540320287036,0.00013867465084110316,0.00040637304414234984,0.0006278108094780728,0.000925339294663843,0.001423077172819768,2.4170479211758993
0.09891925302804576,0.17409742325348196,0.004597460719849495,0.0001386278407674936,0.0008975236984310832,0.0005048127585450361,0.000705807827358432,0.0019320573591935293,2.7686296342796575
0.11419873514765301,0.1804822566831081,0.004379178312738219,0.00016251571056813014,0.0005993137393058331,0.00037361223509969666,0.0006681294869959579,0.0010379248096279135,2.8971310345694308
0.0973989303482769,0.1560751819346261,0.004248035918450291,0.0001383815130523306,0.0006940278192813619,0.0006090026989785964,0.0007397887016998107,0.001179017335920489,2.721613423927283
0.10866422933256571,0.174240888109561,0.004183070938363355,0.00015485226963277423,0.0005625361217350617,0.0003864340176397122,0.0006229563422604614,0.001032168805513658,2.32550344558553
0.10462947469386844,0.166081016811716,0.003896846013464836,0.00014256083839660276,0.0006229568495529276,0.00044210035136233334,0.0005654155628691445,0.001038453954629414,2.2539786700400857
0.10315177867243595,0.1584574303066834,0.004353813238450325,0.00014483262182562597,0.0004537585415448158,0.0006359380721763816,0.0006526766999877903,0.0012960362040475024,2.851487821286481
0.10225668026183997,0.15661725356709102,0.004309939467853862,0.00014723150533121223,0.0008581750769223901,0.0003753432365265834,0.0012900339810384019,0.013451583459934304,2.0695255796563834
0.10213053540263066,0.19173196492538266,0.004550345562741488,0.00015058801617440006,0.0006494748399233694,0.0003155981531849361,0.0006173607227662422,0.0009703950010701334,2.2691494574957964
0.09876462416340039,0.16395419529546723,0.004367057016837384,0.00014364526429771476,0.00031377247788110175,0.000576429512300489,0.0007187996104116345,0.0012645550112264728,2.271433853374837
0.11108032382192913,0.1597186238484227,0.00411054915937705,0.00015822400021848853,0.0005393299952143853,0.00037074055727755076,0.00060615550117583,0.0009746462257728271,2.09962411051551
0.1075245031316056,0.17008367550970915,0.004961143944349306,0.00014871397229193514,0.0012236096093987655,0.0004937974330888779,0.0006007606845021621,0.0029907434862185395,2.178626013438528
0.1040487560605854,0.16444808569375405,0.004152833669297074,0.00014994067763642773,0.0010210304818068698,0.0005557784003658605,0.0008480113702465031,0.0023023745345980983,2.660143683107767
0.10826210793842095,0.18979055639395667,0.00417205728729719,0.00015902813936259402,0.0007038577787876298,0.0003161506819905214,0.000848229214007145,0.0030965887516571527,1.6943565975216297
0.0857499639546403,0.15775430474388277,0.004068457125327405,0.00012771590898656663,0.0005107832150990469,0.0006649458917923905,0.0007018707269582033,0.0014234470426151228,1.6059913472336673
0.11144786140612527,0.1711909457668039,0.005175454632446746,0.00016385676415966825,0.0007599924495621725,0.00045166311080510054,0.0008272342422789639,0.002505661712404039,0.5372323195128011
0.10771903720259052,0.16866273078954014,0.004394363318915416,0.00015490411902400295,0.0007998838538947412,0.0005630325433978256,0.0006882252398846329,0.0011389619899903728,2.908960487705594
0.0973998953228252,0.17281732881784354,0.004255323725829708,0.00013777115020303154,0.001159494980349806,0.0007141706153339338,0.0007279183343571315,0.0029508404695142054,2.3585276899565706
0.10161824613114775,0.1722401282815922,0.0043149459494447725,0.00013695819494121184,0.0005836967008382107,0.0005439345192897013,0.0006392835441241685,0.0011964003232376316,1.9492399025063212
0.09209636126411916,0.14389429266849194,0.004788968831063532,0.00012023929765501865,0.0002879668001455742,0.0003891898397531195,0.0002968139350084333,0.0011794652906718763,1.6197169601187373
0.10792710920436402,0.17065586978052255,0.004278706607879997,0.00015833183770441866,0.0010761561860122386,0.0005818909950908777,0.000858826917279773,0.002608775676100242,2.108765360631705
0.1042099306573609,0.15527857510499907,0.004279029331861845,0.00014802703373522594,0.000914313703902509,0.0004889714816235958,0.0007772952787200751,0.0024473083401063147,1.728387658940236
0.09772050200700128,0.1745420972305524,0.004186814290098829,0.00014363812382574336,0.0008159587111407627,0.0005428001166202698,0.0008152705123170131,0.0018521149285943277,2.805744613613166
0.10652861503968458,0.1682358899057871,0.004405320821873179,0.00015266101691610045,0.001002358997179492,0.0007251289295704609,0.0007523172734247711,0.0019695320973085666,2.6639724130885294
0.09032035583549056,0.167426664837198,0.004400748371419461,0.0001316329392274869,0.0013902059940553951,0.0005436134140067323,0.0006999553390996615,0.002159518163762396,2.481491188764811
0.08713979885833664,0.18442487594128298,0.0042818784784799425,0.00011963341306869009,0.0003647364402591728,0.0005028986630650186,0.0007170052648111601,0.0010386569186158039,1.972771745297458
0.10506305583517336,0.17927384338130334,0.004346781100953941,0.00014171119123600168,0.0005881650872376479,0.00043177067639436754,0.0006356419653028265,0.001058889676704874,2.071916762838723
0.10651261354502699,0.1589819933086671,0.004001216553544792,0.0001481930237619338,0.00130830918577228,0.0006432717712145446,0.000703189709626336,0.004199995125117497,2.285994867659795
0.11345514230588313,0.17971806103663374,0.004740336379576207,0.0001575119726708923,0.0008964020307186885,0.0003728507569919578,0.0004787658847853409,0.0009210219493151555,2.821326700855637
0.10916077107547525,0.19464210228303083,0.004282577939276247,0.0001604208160642887,0.0008722448875669695,0.0004461809077787656,0.0006860330903101197,0.002289972854917267,0.4242090984755847
0.102814873234336,0.1562887246847892,0.004381224732746,0.0001465773015256759,0.000412134393173308,0.0003497343565091943,0.00046268637958225264,0.0010079561778542202,0.3080348324681515
0.10855692419868386,0.16701828960754717,0.004503085390778416,0.00014559621399268363,0.0004276233685062851,0.00032603459008220646,0.0007054018532198843,0.0012502817847960949,1.9027700265356144
0.10754712623871523,0.1943719534632423,0.004971003673339221,0.0001581735350985454,0.000498289396166276,0.000566176959642023,0.0006439097976480947,0.0008729056056718542,2.0066445999441167
0.10768620747100126,0.32809116074560657,0.004937788151212599,0.0001780523296829056,0.0005078947229435577,0.0002720076839373982,0.0008134777087847355,0.00045020411185797313,2.8250783178655703
0.10229451414264397,0.16675467218861953,0.004103414949545375,0.00014742921533446069,0.0007878291102409177,0.00040853652896351566,0.0006675195403750649,0.0011298999399197538,2.8108238914213315
0.12036355908062164,0.1718506682598725,0.0048881988305234745,0.00016171636407663335,0.0005127646489451619,0.0004325317839164612,0.0002909904780942962,0.0007660244097497442,0.2945756284988017
0.09383530865448109,0.1610557509377453,0.00432929400154728,0.0001312863590389078,0.000909856296714928,0.0005994962950617121,0.0007686617289945248,0.0013826237481629013,2.0470584933325076
0.106647980921231,0.18032368100463908,0.004490051450626851,0.00014515535403260974,0.0010858620128132363,0.0004840966190929403,0.0006412626745178735,0.0009903904478161863,2.723764631474842
0.10862112616735253,0.17725405482574194,0.004485929451650888,0.0001520241100441252,0.000726263080125109,0.00033293074112827534,0.0032833603402519923,0.02906309624451153,1.5877422135207873
0.10066043389292863,0.1567888930037397,0.004167843349269794,0.0001454851962974096,0.0005165179516510865,0.0005489174890911805,0.0007209241971742334,0.0012822016161268101,2.2804491824903343
0.10445641025827418,0.16669243969386058,0.004372119067600679,0.00015099206453703343,0.0008493232556186208,0.000382130334520114,0.000721719761283199,0.002425821329487428,2.143753369724303
0.11504119885464409,0.16273478234894742,0.004619824228068419,0.00016611384261889768,0.0005630815249182049,0.0004238365212661666,0.00045458919554428956,0.000954683534504582,0.3646070503788766
0.09470523398651816,0.16253525871169133,0.004143107670324025,0.0001307436412119677,0.0002980704895446061,0.00036243386609689055,0.0009172257563421094,0.0013003760208123198,2.165569671002877
0.10286393284894361,0.18156747593800052,0.0043700041573547024,0.00015132061373271998,0.000524584951773289,0.00036016879185072205,0.0006769301760410873,0.0010080996900055123,2.2509161264678927
0.10955086374264339,0.18730428554697973,0.004191740351807271,0.00015944045945732118,0.0008346889814239647,0.0004088236975635349,0.000662069730237643,0.0025399275501613297,0.7875247776684388
0.10625799051619474,0.18006197385366574,0.004133013642290843,0.00014376336923323428,0.00032184187723024245,0.00035010073009280034,0.0005853312880787553,0.0007775390009714296,2.516051793677662
0.10883005954038116,0.17183964705176927,0.004271916176287584,0.00015354393311869756,0.00047194096392083205,0.0004577377088961179,0.0005867192726612482,0.0010339757627267836,2.258338058730412
0.08899753692191767,0.15037765837216066,0.004225011147018127,0.0001283333920819126,0.0006686648005409775,0.0004095331757245482,0.0015432362254250444,0.003184338710776722,0.5540942625702666
0.12469416905838843,0.200662043527777,0.004337160832209648,0.00017694630244271146,0.0005155746955254114,0.0006832866796424579,0.00045047460592384915,0.0006642399193611404,2.650808863330292
0.09702293681674279,0.1638028310391902,0.0044309285926034244,0.0001412219860242507,0.0006898477798375709,0.0004182221420487157,0.0006032819153966719,0.0010350241125922956,2.8975916342877523
0.08948538749972204,0.16401949118216894,0.004428066027612362,0.0001302141688698279,0.0004841155419589732,0.0005082842593261739,0.0006433492679517245,0.0010104847267434606,1.6918656030025176
0.09314906707604644,0.13071801754989645,0.004494295760283335,0.0001308612495679106,0.00027661900190437073,0.00042606783485695155,0.0008101177542758058,0.002377337817663239,0.3292116174592923
0.09830761797166415,0.16785727081062365,0.004481580208151336,0.0001392420207848098,0.00046912483561872923,0.0005052925894643581,0.0006040186820297936,0.0012243184096941975,0.3503226990895661
0.10825317363790307,0.16187367492363705,0.004624828649985214,0.00015167888234158443,0.00042948795651554775,0.0004348200690654588,0.0006566564628884934,0.0013044502959873388,2.6924684029204466
0.10402376639781265,0.16268515055045574,0.004100406831842201,0.00014794987588918201,0.00040108898775110386,0.0005587133496914238,0.0006603744059127817,0.0010575575221753312,2.316212584409097
0.09752580160711209,0.14701724083377243,0.00442897441043868,0.00013181548799998783,0.00042573813057326704,0.0005532877362672164,0.001055087864557245,0.002805836245383445,0.35668785638978445
0.10059062571579964,0.17910161321980717,0.0044482709395021695,0.00014138350051413288,0.00045527050303743785,0.0006824525162773633,0.000708127044808455,0.0011238254278757942,2.2584799587629942
0.095984464064328,0.16794281400133593,0.004736741606663105,0.00012859579948287371,0.00036079950547164384,0.0004989203571957786,0.0007682256671174288,0.0013547322266640018,2.116523457634989
0.09503689534547445,0.15425782494718887,0.00443019806297182,0.00013067630032952525,0.0004261167005039269,0.00042860813360621217,0.0008790394820078943,0.001486928499101144,2.2460863970328835
0.10886535452393035,0.16437420027564112,0.004857459927855502,0.00015219784816837505,0.0008165310718636874,0.0004159007909446306,0.0005313021532294481,0.003037351366871257,0.5432198390692763
0.10337744034999768,0.1739414268948436,0.004582156419664568,0.00014415401540661052,0.0003907283989096483,0.0007071944391013212,0.0005273466826624718,0.0011618213837321862,0.3365729212602772
0.10477786846494498,0.1659297041351164,0.004046067485094902,0.00014971159882870504,0.0010856298141924728,0.0006808494280671594,0.0008834489659485602,0.001970892077722938,2.7834831866314325
0.09502999136323789,0.16381416630031936,0.005669930240745586,0.0001354560638821117,0.00045101514984474125,0.0005488593762160215,0.000867492804906912,0.0018026515273630893,1.841208391775724
0.10791674507178323,0.18214366137608615,0.005282061344903504,0.00015236162655535586,0.0004763771451783542,0.0003610585134227732,0.000745844683321302,0.0010625820005016199,2.5846268777850856
0.09892815814605546,0.1672099188358827,0.00409588498103346,0.0001422182187747106,0.000628870602895879,0.00032960616051846145,0.0006987541972196529,0.0011016938514249116,1.7380593519397638
0.097947757782564,0.17748550658096432,0.004252587225314118,0.00013876991298663097,0.00029865989097564743,0.0003943510406031719,0.0006770376443037918,0.0011022185465584112,1.9040202688379226
0.1007539738082251,0.1598910132974011,0.004636290559207237,0.00014708675628514147,0.00080345500718321,0.0004545093731570806,0.0006921114127355325,0.001287135427584651,2.090750137623113
0.1027078103702099,0.1692728235448934,0.00441249343542501,0.00013740384397989305,0.0008358989093124315,0.0005270341434224079,0.0008469205044382297,0.0012448910950555354,1.8930641457960338
0.10307897181631918,0.1748238692652936,0.004080903212336202,0.00014296303845091077,0.0010363819530756428,0.0004361922903818867,0.0006595774708355089,0.002858144031822295,2.5153762134518693
0.09625210630376332,0.18330394683962048,0.004220881306399736,0.00013736472453748232,0.0006768718174910148,0.00045816722773118443,0.0006631564423871942,0.0011050850397884466,2.211668831592564
0.10059910893031089,0.1659623704699742,0.005086582966825166,0.00014464126986205855,0.000855600396922059,0.00046621117979016286,0.0008386274247059383,0.0017009522324854616,2.801373141654935
0.10503937586572408,0.1728035724301332,0.004204410697946636,0.00015124066187719094,0.00121308560196175,0.000598335574617466,0.0008242954067613037,0.002613680493423335,0.6708385435456716
0.10429920199492258,0.16652213480123215,0.004279636553955155,0.00015095870786930378,0.0013098894935564083,0.000729510729579507,0.000839133203301072,0.003870988854616016,2.2213633878263748
0.10525614236063266,0.16454066136107035,0.004508061211081012,0.00014719519667194788,0.0004203402991007786,0.00046792511747325275,0.0007738517471468977,0.0013115804676377219,2.5615373029563733
0.1054370164173991,0.17682651468627117,0.005057886226109119,0.00014724043343086442,0.0003668301362513356,0.0004413603066206009,0.000657970284494942,0.0013170458439682095,1.7388105756271228
0.09610337927733353,0.1691036232652827,0.004421155783056072,0.00013402418174074556,0.0005135511099068006,0.0007494166718961472,0.0005311428699660133,0.001100614742066827,2.10882539311208
0.09950827780988528,0.18758101725996548,0.004573242446919537,0.0001447142098273922,0.0008704102905271994,0.0004379318589778003,0.0007757585823914112,0.0030031145056175082,2.363226231228511
0.10475295818658086,0.15102658597806012,0.004436412414005642,0.00014493688022886118,0.0009684179824043334,0.0006236201976209483,0.0009311346398578955,0.0028545987608100567,1.2348020587476243
0.10133268382969701,0.14859225752444272,0.004400146700244409,0.000150185839588549,0.0007133438518314163,0.00043701956761368487,0.00055431196035302,0.0021934473882500483,0.5820983157968199
0.09230285018114512,0.15568935442448134,0.004469332172840411,0.00012918413097654942,0.0006628494990095857,0.0004449946884712619,0.002528561290057619,0.013130662561286786,1.9848969815963968
0.0970604642825818,0.16940715042731683,0.004057798958744462,0.00013511460718294168,0.0005985637287139699,0.0003414692876220386,0.0008775701360246465,0.0013248746759303828,1.8688901459694007
0.11154905780690229,0.1555483353672783,0.004483488137985734,0.0001536497079032134,0.0006416901124770077,0.00048675038459254703,0.0004802585318756493,0.001315347725077916,0.297923321530725
0.09543417962174308,0.1550479900279086,0.004330626626913905,0.00013444932706996185,0.0006152617465875973,0.00029653612775494987,0.0007054375860270513,0.003138846700071616,0.5177338671272568
0.09639230012078191,0.157329097236955,0.004126335744794148,0.00013678102106183326,0.0010743077048371524,0.0006228868002448882,0.0010165651093184097,0.0028963006299629838,0.7224448550530289
0.10646745468061815,0.1594852020131349,0.005083983544195789,0.0001385596948204064,0.0002999597641676936,0.00043213534103833505,0.0004915587397542968,0.0014567392230044234,1.8405638456933697
0.09587202985793575,0.16267938892131734,0.004394457222727613,0.0001378645836341809,0.0010822433527003016,0.0005595337667901826,0.0008409743125349235,0.0023472776731676827,2.710338438420708
0.11147745931419807,0.16846032516734571,0.004294570745405347,0.00015368275383710942,0.0004183111912074016,0.000700593752532931,0.000760683341985354,0.001249039247995899,2.4643722214463972
0.10501868441665962,0.1537136919254434,0.004398967652078324,0.00014767075453525925,0.0014156192030328868,0.0006556855339092647,0.0007190511300149623,0.002738525543684204,2.017161860951682
0.09570517339723263,0.17634601318577964,0.004798602437679208,0.00014129069834660876,0.001062780878499278,0.000510093372413657,0.0007264305256452783,0.002749352205853868,2.170152967080332
0.1106648695734771,0.18207184171486082,0.004225128248383575,0.0001566502546337251,0.0014170775190084962,0.0006313031221144697,0.0014855086070914543,0.016288908089597813,2.5014772850836695
0.11539977894695254,0.17803373886049842,0.004767494267080891,0.00017135139379679534,0.0016661188493342198,0.0008857588423718346,0.000710206604316291,0.0030165346277913735,2.4023953564348104
0.09569199969375732,0.17915114838549165,0.004212378734239462,0.0001341752651951254,0.0008029656984580992,0.0005712056986776586,0.0008957918180558551,0.0019419007875819084,2.7021724307258594
0.0936385986832341,0.1645673636472056,0.0049203013364829485,0.00013435517051628635,0.0007139539497460021,0.0007339070191961235,0.0008823609609855465,0.001262145128117082,2.9259741563284103
0.0900206607451961,0.15831001524451757,0.0043681165123355785,0.00012575798979708313,0.0005075494775036318,0.0005110823046183112,0.0008493457360845704,0.0012659506835386264,1.974853894360395
0.09809706943281274,0.16383048692952643,0.004335869749769099,0.00014342752451370537,0.0009190211642474788,0.0006130251695441206,0.0009235409768737942,0.0017891623136171073,2.425848107103431
0.09069302884660901,0.16455718910686287,0.00425217749844822,0.00012118686775734207,0.0005281428728285493,0.0003489196502228441,0.0007195445925678624,0.0013193381336784732,1.6535159691471315
0.10203920241252933,0.16635667345455551,0.004294420999570327,0.000137708057160964,0.0005775251479526057,0.00038305412390736334,0.00048775968724743213,0.0010363426501056846,1.8222740088511002
0.10333143255973028,0.1739687187982878,0.0044948904547798966,0.00013750152494838256,0.0002473698480634332,0.0006932053509770645,0.0007663701128278018,0.0014055997058993997,0.356359197525214
0.10567490859174619,0.1864617807978291,0.004703259248290926,0.00015370591930996276,0.0013219922701799961,0.0005978391917862683,0.0006605071175268016,0.0026161557593180253,2.739917877514518
0.09084224383625081,0.15385586720370883,0.0043754523646273745,0.00012761932738605876,0.0008186740213223546,0.0005666072306819736,0.0014619324607514394,0.0075009446717600806,1.667558305541994
0.10683234000497899,0.18696947333475872,0.005209198968642317,0.000156676152867566,0.001263487748463288,0.0006711595179993306,0.0008174858321019162,0.007741575525717989,1.7549863684445883
0.10173383612436786,0.19798488949707313,0.005256346486464103,0.00013852069762101515,0.0006676508365520874,0.00048625431320378136,0.0006571436944925652,0.00108304893517875,1.8691411106942162
0.09027398988335857,0.16444886472908904,0.00464755377011527,0.00011895788220106919,0.0004711259821455573,0.000539890341537138,0.0005476730847918927,0.001089483550899188,0.3461180264893201
0.09913410029950843,0.16221679611636736,0.004317678472957078,0.00013850550933316815,0.0012308241589083057,0.0006527937899884811,0.0008543046975666465,0.0026523141339608956,2.4415868869478015
0.1052269490068826,0.1821139645708095,0.004568478355432383,0.00014893193625854472,0.0005146925166095393,0.0003097647357113102,0.0007303839483816633,0.001023670923625692,2.413636207113692
0.10182725635239494,0.15652870299060706,0.0043710970643832565,0.00014208627516078436,0.0009721437330625293,0.0004978234137093534,0.0008856459532043613,0.002486571372245225,2.591700262395279
0.10442037268765433,0.18480518508097935,0.004041047099861696,0.00014189848451521677,0.00042102463631906253,0.00028564743708940957,0.0006121033321881068,0.0012036151855064434,0.4001716730646553
0.09322807727189868,0.1641251045847006,0.00390753688764795,0.0001271241225054946,0.0005522773593032986,0.0005435942558256003,0.0005815674722339977,0.001073464601695023,1.8768308170156034
0.09041169985810936,0.1549705917138352,0.003873961289691016,0.0001200670633465708,0.0003641996402616342,0.00039266920817387105,0.0007723114024585065,0.0012664145222266822,1.7215056326541684
0.1089406225403497,0.15835805884056875,0.004381508884332841,0.00015163575821406752,0.0007532969006220464,0.000760669955398002,0.0004452250456726099,0.0012673919162018768,0.2918993313302536
0.10039229759204071,0.15059335419593947,0.005037293774749968,0.0001380888058376364,0.0005524609660894104,0.0006879400376531332,0.0003866942103414048,0.001353603407918005,2.06535709094512
0.09861958894584294,0.15553962256568724,0.004655670819747587,0.00014300139335087853,0.0004232699748304473,0.00034554923251749913,0.000628694150027821,0.0012303964214212884,2.0841741063428705
0.1029434804665395,0.18080881958090222,0.004459065951562696,0.0001415311665091694,0.0012816010135435407,0.0006287977975929983,0.0012863525196075492,0.011975310504388709,2.550931367382532
0.10301396690826167,0.17005830472399852,0.004373217719604471,0.00014641898783012338,0.001010770721636141,0.0004025018582010644,0.000998137752731823,0.003213802552024245,1.6349986448643543
0.09696482557318081,0.15131539048008355,0.0042498380871687,0.0001396897853553187,0.00048183862296711193,0.0004604979741166961,0.0004590710732280595,0.0012896393084360865,0.32002684198836057
0.09964048200597031,0.1478508477432956,0.004662873439631283,0.00014028967476550114,0.0007270338335538319,0.0003549511746324197,0.000726504638213144,0.0017260714386702028,1.8966379785366376
0.09938696282157973,0.1737989145737478,0.0045133162274244125,0.00013829835839211261,0.0005506370495495888,0.0004198732045106849,0.0006215110857884673,0.0013293702744053412,0.3669878693610194
0.09630728284590925,0.16857345267462617,0.004530464642859418,0.00013689955438155092,0.0007529639878987714,0.0004272712412147017,0.0009471448845869061,0.00324108175364006,1.448032043631268
0.09565246823095563,0.16343952455542574,0.004285261648945513,0.00013380644546448543,0.0002443582487678692,0.0003365976610669286,0.0003058603589417364,0.0010753999198225373,1.8483834566218882
