-8.32638100000031,0.08540514151012246,7.99309015
0,0.4258626958104461,0
78.77395897192366,0.9087257971953526,69.72655215524497
2.9185624465749096,0.07182601398485107,1.8612865632997582
631.118713,639.4843774879857,647.771362
0,1.4104191152790637,0
61.42640394224772,1.1612742337748092,60.38274284967588
7.64966414318866,0.30553392316976563,4.9096846831837775
1269.62207,1282.0532991122398,1286.27478
0,0.025490855991245925,0
24.862481384548637,12.414272832717167,13.849895149631735
0.0509817185637939,0.03475265126031378,0.019749883074865863
1909.06702,1917.2851254408824,1925.71985
0,0.04042557114135428,0
17.153080663032828,11.030065758461403,17.481089520622817
0.07790459121134173,0.07221293546394207,0.05481873251533259
-8.32638100000031,0.3784291008603571,7.99309015
0,0.08271359250679818,0
86.986521468206,0.8799997653315543,66.77004732178176
0.6035176283998054,0.01305980675209893,0.3373837481586927
631.118713,639.3727515969633,647.771362
0,0.48514425289616314,0
74.38673237368471,0.9274409242989037,76.98940247530861
3.1498903314874527,0.08606015047322586,2.7939804570848192
1269.62207,1281.3121809573659,1286.27478
0,0.06489805849853249,0
23.50127508278564,12.94176659975036,14.845086758979782
0.1294964912772994,0.10538219754370891,0.0614104404047303
1909.06702,1918.7023707018227,1925.71985
0,0.06952288389166385,0
19.300479523515207,9.114381280168587,14.519801470057702
0.13919558062092738,0.07602907681650699,0.0727651011380695
-8.32638100000031,0.04884626899481326,7.99309015
0,0.9607988738321097,0
72.69187967297461,0.9781167370903715,65.53058597469933
6.079252228298952,0.17591598963401828,4.103422092619926
631.118713,639.4452226533757,647.771362
0,1.3620591294514894,0
54.874832559963416,1.293945792817137,54.96481145578612
6.666129403351728,0.330321747307979,4.236046889086537
1269.62207,1282.0566281205258,1286.27478
0,0.07991258766127457,0
24.86934468070131,12.38137544416363,13.820383453122439
0.1598165465524558,0.22416194738024162,0.17217753694547144
1909.06702,1917.2345633790017,1925.71985
0,0.05613148692309709,0
17.092371119628485,11.061841095634431,17.572359348930455
0.10744402395468554,0.10129792073298353,0.08762384388913944
-8.32638100000031,0.3878722701394022,7.99309015
0,0.11627512692345135,0
86.41665788239715,0.887867225443657,66.03247049228919
1.004997400576161,0.015632887476590356,0.7414109142397011
631.118713,639.3617851322308,647.771362
0,0.5778556174026424,0
71.50333413918011,0.9632572169157051,74.3946187280567
3.996828038991452,0.09862595512456908,3.4830519697264206
1269.62207,1281.5303504430292,1286.27478
0,0.13501759618927697,0
23.89383673312882,12.906978441518048,14.65250580927059
0.2706208978848876,0.16547089942877183,0.11428463977851337
1909.06702,1918.656109046686,1925.71985
0,0.11679058960444866,0
19.225876335297947,8.936217050961597,14.526475371484985
0.2341022452749107,0.1150664341693968,0.1492295875470122
-8.32638100000031,0.1223262071319482,7.99309015
0,0.43394986626199034,0
81.5241387175326,0.8851882753988858,70.48231593327873
2.9773516223964727,0.07228072704477655,2.524672808978246
631.118713,639.755164938614,647.771362
0,1.4002884901939783,0
96.79805877634399,0.7767893775514702,84.68085197734663
11.294433473936175,0.19825792098336378,9.74176519820746
1269.62207,1282.0652715851459,1286.27478
0,0.062306253875111725,0
24.886437764737583,12.422471208752397,13.836677929412101
0.12461230721764835,0.1106582888327735,0.11666268044177339
1909.06702,1916.8709994759613,1925.71985
0,0.14678537615559187,0
16.704933349362893,11.329311294482565,17.162604422610165
0.16237752224997506,0.3473566437330208,0.11163992675740933
-8.32638100000031,0.3519444090653998,7.99309015
0,0.07800793435083658,0
88.26985804246144,0.8616274623776204,67.52678003578896
0.559797680913964,0.012360229546027866,0.6037023475263056
631.118713,639.402677383594,647.771362
0,0.44727929684871665,0
79.23821296082389,0.8757259826086448,80.6382912097535
3.0929046103929783,0.07439527835710967,3.112882920596889
1269.62207,1281.3328659429594,1286.27478
0,0.12795823296606257,0
23.491583615945828,12.651818065100887,14.895998696276806
0.2537222256780785,0.28526629798673125,0.13986430484132267
1909.06702,1919.1201420009704,1925.71985
0,0.18373017901961003,0
20.198316940244524,9.135965946144571,14.985689805026404
0.36243487876279296,0.3991399831440901,0.21507298885538428
-8.32638100000031,0.13736793937179215,7.99309015
0,0.4411706223290685,0
81.08384145923353,0.8933105353387418,70.05328337347484
3.0454964718560413,0.07341528715404957,2.458148629215846
631.118713,639.8473666570295,647.771362
0,0.5715733304658484,0
116.99721251253669,0.6548724620055244,102.23536265798035
5.282367152775796,0.06911467196571815,6.276414697670515
1269.62207,1281.9276070873525,1286.27478
0,0.1851432834292755,0
24.61672106271831,12.571981398726038,13.665532100575355
0.37022588044149957,0.3073778129211362,0.3697347726307445
1909.06702,1916.7988639839432,1925.71985
0,0.1548450581538993,0
16.86275261506048,11.793919251069171,17.64091394115397
0.19624692815234157,0.320627245757464,0.4269927620717693
-8.32638100000031,0.39872520611768714,7.99309015
0,0.1129491551604399,0
88.56996912895998,0.868024979909905,67.1511141302741
0.9975182261070834,0.014859887572692777,0.7315086893803697
631.118713,639.3571887022023,647.771362
0,0.5745388880674643,0
75.55088773217456,0.9093120187652328,77.13795887650146
4.37441124007432,0.088845556149739,4.443001619936719
1269.62207,1281.4467221389095,1286.27478
0,0.14479338773986453,0
23.700315318972873,12.62722802210808,14.705876896688968
0.28833526267718484,0.2935374500258477,0.16695058144151906
1909.06702,1919.0359764070515,1925.71985
0,0.13340668026745164,0
20.02688954482,9.070585098646307,14.919794579894623
0.2590599962881104,0.37993029629035596,0.19828959028505355
-8.32638100000031,0.14500651061511505,7.99309015
0,0.038214462551557644,0
85.47264994066603,0.8480322668233846,73.4779032933793
0.2879561257984886,0.0058801650628113105,0.1371489259680016
631.118713,639.7093076514188,647.771362
0,0.17609631447557894,0
93.81015246067221,0.7933872598738055,82.71731677748096
1.40362629871723,0.025372776157870265,0.9142798526139225
1269.62207,1282.0591902004792,1286.27478
0,0.010161479764637176,0
24.874537597850605,12.498065966224457,13.919989743217881
0.020322877496895844,0.015569271009849183,0.008325740817807617
1909.06702,1917.229979306538,1925.71985
0,0.004660969757913102,0
17.135890804504307,11.170978974025276,17.623242989015033
0.008681205150903983,0.008802811237810636,0.0044941888505733935
-8.32638100000031,0.3853869135737078,7.99309015
0,0.13855086878298362,0
87.4189892728276,0.8769716989226098,66.87421646976492
1.0284737290689057,0.0215870984706506,0.48116741599743224
631.118713,639.4030130412593,647.771362
0,0.014609211171628604,0
81.17085722093525,0.8544911898409441,82.80884999777957
0.0948323955297844,0.0024905997243752226,0.14690186314590006
1269.62207,1281.3359929782011,1286.27478
0,0.028055150277584557,0
23.548872573121628,12.966643620478125,14.847844427089385
0.05554436375607368,0.056778850025957624,0.0396215962289187
1909.06702,1918.772063717284,1925.71985
0,0.02053993835905926,0
19.452882699318092,9.081625272036645,14.397065245998082
0.041165544466404635,0.019801797177242602,0.02423744842901155
-8.32638100000031,0.16580219821310926,7.99309015
0,0.10888925356605433,0
86.77695571524669,0.83917897586205,73.84748352723273
0.8388795347275061,0.016421192946601583,0.35290417782295663
631.118713,639.7088500173103,647.771362
0,0.07109336985142166,0
95.01569688008077,0.7830669057658419,83.7955997048515
0.5719714355446869,0.01013273182405151,0.45064970719585784
1269.62207,1282.0869334310935,1286.27478
0,0.016038206227053136,0
24.929944571606043,12.517065759689652,13.91823659528858
0.03207658846054514,0.01884102416499168,0.008740682015643578
1909.06702,1917.2294371743944,1925.71985
0,0.00898271528971514,0
17.155342021104047,11.21421910160078,17.64248600322963
0.012752249132500294,0.022136111258913772,0.018723228264206068
-8.32638100000031,0.4189052499711181,7.99309015
0,0.24730611057392668,0
90.91313962884657,0.8491746013019653,68.40994610231199
2.3929928507155753,0.02852559063413207,1.1258574085937931
631.118713,639.4069239150681,647.771362
0,0.019984658440428807,0
80.84761626022917,0.8588005657571198,82.32574329317995
0.16277767189680645,0.0028802856199772043,0.23113710073369048
1269.62207,1281.4392359661629,1286.27478
0,0.054627555243405915,0
23.729112515799553,12.923935191533577,14.733549017106276
0.10935616695578154,0.07632858920633462,0.07881421818908824
1909.06702,1918.715733468973,1925.71985
0,0.04295965914534137,0
19.340456576082374,9.025524064005651,14.461466194078595
0.08610855980750946,0.040462754519099725,0.053024383541061856
-8.32638100000031,0.11733929091237627,7.99309015
0,0.2230207812418608,0
87.63715670754004,0.8212366150728246,74.94455829894144
1.6563059993061813,0.034306228074301476,0.734493679755214
631.118713,639.7460393293034,647.771362
0,0.24314633138688652,0
101.30975511760457,0.7400915640195324,88.10835273572343
2.0293758706222857,0.03307153599437662,1.7544075126309333
1269.62207,1282.0367495924809,1286.27478
0,0.022248571177734884,0
24.82939420878717,12.4355491996002,13.801044038813139
0.04449717657322413,0.02686652797819668,0.02390479871441915
1909.06702,1917.1902535305348,1925.71985
0,0.013097815031932003,0
17.10817084039971,11.234655207478276,17.570183266294592
0.010600279839285609,0.037299484785164844,0.0082779542401859
-8.32638100000031,0.33337972587298914,7.99309015
0,0.6148365468864009,0
91.80196994271246,0.8242840549039168,70.52292217841166
4.664218212070638,0.09252612243175705,2.767623539934877
631.118713,639.3985834583856,647.771362
0,0.049953065101007464,0
80.72095210326952,0.8584283539908303,82.27924078140546
0.3373025168339577,0.008360944134430564,0.4771461539566922
1269.62207,1281.3725653553156,1286.27478
0,0.09271002670903684,0
23.58338359048132,12.776503603988825,14.880152394791102
0.18336673951826896,0.2125249482416337,0.07025553761280486
1909.06702,1918.8746830860937,1925.71985
0,0.014392984373146425,0
19.66050044916428,9.164244017724753,14.590920984479364
0.028771298345234238,0.020775711800765633,0.10658746275409435
-8.32638100000031,0.14528673314674023,7.99309015
0,0.2463679620531879,0
89.71213310632174,0.807257801495946,76.09450128939585
1.9221248409252372,0.03640933434020331,0.9936892579940426
631.118713,639.7440496431349,647.771362
0,0.1413776905843524,0
103.96178847847165,0.7206081133935944,90.6116654834388
1.220852034680361,0.018629098670329376,1.224940176238745
1269.62207,1282.1062462732762,1286.27478
0,0.04715021255512841,0
24.96835834205709,12.49268517532095,13.890590441750794
0.0943004358864019,0.057920771051624784,0.06620960556426851
1909.06702,1917.182114521944,1925.71985
0,0.028762002978195315,0
17.098095117743814,11.238184049228922,17.56951516903173
0.05170086541766149,0.05661207436816737,0.08309687513338805
-8.32638100000031,0.3809954538756166,7.99309015
0,0.5344397246796423,0
94.22133869712277,0.8116762519510843,71.27937442902997
3.5316099360424937,0.0852090486640516,1.816306739010577
631.118713,639.3996544480672,647.771362
0,0.039699978224376965,0
80.61077068535758,0.8598520549222591,82.10933230744263
0.161044817147421,0.007768533543547265,0.21787143164211276
1269.62207,1281.486803425015,1286.27478
0,0.09208717971062265,0
23.80061716790798,12.819789495477643,14.858113216697095
0.18238471422594574,0.21266086855424782,0.08205925797248716
1909.06702,1918.8136718673416,1925.71985
0,0.0602349275025645,0
19.536319038253975,9.120303232627084,14.54342471444087
0.1207173561004219,0.05852653997317676,0.05935514204377771
-8.32638100000031,-0.01428079430059448,7.99309015
0,0.6648025914422864,0
66.73047214947607,1.0519575581064071,62.040377071960634
4.11310146886789,0.1268066022532385,1.1648328839424318
631.118713,639.7527067728776,647.771362
0,0.016252224902697843,0
95.82978420403967,0.7843177719937586,82.764924569036
0.1322845163270483,0.002295503406207368,0.09606938919149763
1269.62207,1282.1174672014993,1286.27478
0,0.016482148877254237,0
24.99213169109975,12.625334531162558,13.994342927032157
0.03295670070195568,0.041455023845665996,0.031240195686910284
1909.06702,1917.07914405776,1925.71985
0,0.017864345763865006,0
16.901745690882553,11.138459110638943,17.84163265384521
0.03602978222564782,0.028416356575588043,0.02733315072032103
-8.32638100000031,-1.2553661454775646,7.99309015
0,6.509981292218094,0
150.41937467041296,0.33313681378731475,254.92111149224942
99.93144673128802,0.4797153325584753,149.74875578476605
631.118713,639.4714201002379,647.771362
0,0.103948725961711,0
100.74890628029027,0.6973174209200119,99.489164926171
0.9180562671298427,0.013493558354235633,0.6567242896342349
1269.62207,1279.7326578064085,1286.27478
0,0.03170697527306574,0
20.26353493079865,10.786539320190803,14.756238992198183
0.06230720793783746,0.10178708570611404,0.05659114420542519
1909.06702,1917.747814618644,1925.71985
0,0.07567065570986156,0
17.90735677117617,11.147342311868902,16.850768149788763
0.13123977276721413,0.181547908574285,0.18900123805912736
-8.32638100000031,-0.013205186274843683,7.99309015
0,0.772545431024937,0
64.65012827990228,1.0872524441545688,60.07554866572485
4.491848577630601,0.1560381308545322,2.383532850952406
631.118713,639.7498917732389,647.771362
0,0.05645021898143995,0
95.36698837019894,0.7876695235711854,82.47680704862978
0.4474371161674513,0.008127280799375336,0.34378285179330725
1269.62207,1282.1416127647385,1286.27478
0,0.042546031952432894,0
25.04142170684304,12.691734936138102,14.038021995320104
0.0850951271882535,0.054512616838184196,0.029817523209364122
1909.06702,1917.0176013737698,1925.71985
0,0.03843560853593891,0
16.809855792819853,11.130926568990645,17.934843150510694
0.06979037625695067,0.07371339008223944,0.08523079185368285
-8.32638100000031,nan,7.99309015
0,nan,0
nan,nan,nan
nan,nan,nan
631.118713,639.4628690988532,647.771362
0,0.1193373519450757,0
99.59973781104925,0.704023847053442,98.75717691761287
1.1408765014939555,0.014578145464566766,0.6442768985122175
1269.62207,1279.7501882513877,1286.27478
0,0.037286380019987894,0
20.321586703195862,10.97500598953898,14.85893318783392
0.07313113659446073,0.10547652968162538,0.16850574800780596
1909.06702,1917.9171672865136,1925.71985
0,0.14502670647576085,0
18.13263424898235,11.034310825918414,16.55776428374846
0.2878744116092922,0.23832125781600155,0.3187412828798113
-8.32638100000031,0.10170123590035907,7.99309015
0,0.3312715402785547,0
75.96206264355011,0.9469096217731318,65.2309925203622
2.1082676527744955,0.059501721374610406,2.1344539593937304
631.118713,639.7546187352955,647.771362
0,0.07906763553967504,0
95.01059005639898,0.7915477170774029,82.18535754698819
0.6157362630910181,0.011529304714418683,0.48000517961259537
1269.62207,1281.9047257490884,1286.27478
0,0.04550184342403124,0
24.572910375542634,12.591985596237906,13.87868322227864
0.09088667461133883,0.11327873920618847,0.03573227084585782
1909.06702,1917.0473171359477,1925.71985
0,0.042776027868066446,0
16.901720565947073,11.231489194627319,17.849066913018802
0.069681676764512,0.09110211704086364,0.15061522939931332
-8.32638100000031,-0.4823406235411358,7.99309015
0,2.1678524017414893,0
159.50532446494896,0.38668612344121167,182.42007791096728
31.181841871746027,0.16926725407948387,36.99883874189357
631.118713,639.4918739171832,647.771362
0,0.10167410827543061,0
101.61996191563219,0.6946705109218271,99.94117138421585
0.8702311763229265,0.013432755114797605,0.6289428779124143
1269.62207,1279.4380757845638,1286.27478
0,0.12466533761936915,0
19.68963176853534,10.597431478403479,14.363877634059222
0.2469298617364627,0.2889387118883936,0.0849037110380115
1909.06702,1917.7412043023967,1925.71985
0,0.12468848322931057,0
17.874326586680795,11.089235415711213,17.320034064696145
0.2141839754974533,0.30776613280872706,0.1367453005823134
-8.32638100000031,0.17045143405795748,7.99309015
0,0.4316675317494632,0
75.3981349595716,0.9700118503120315,64.38726138927026
2.629951103862723,0.08010075572934497,2.6766267659195915
631.118713,639.7553054736014,647.771362
0,0.06516492522921531,0
95.70098840846708,0.7858677207022102,82.95926718166655
0.512903294939878,0.009412125935762926,0.3517308688354413
1269.62207,1281.9502213606597,1286.27478
0,0.06895979671901867,0
24.678126327689203,12.857873138696988,13.990899888326924
0.137401581100698,0.17311573029335642,0.06078332471029154
1909.06702,1917.1091122489886,1925.71985
0,0.04360061364790677,0
16.952941097381377,11.155146568962468,18.162407294158815
0.08167323837505251,0.0805783610208542,0.22997591709677195
-8.32638100000031,-0.4433058381081736,7.99309015
0,1.8358021708452503,0
141.79452483184087,0.4396230567718521,159.55058007859895
10.53959080197274,0.19737708806910048,13.189871947800878
631.118713,639.4854257680089,647.771362
0,0.0907448188781989,0
100.87077219558228,0.698817174202337,99.48502253080939
0.6579462321691535,0.01302008471658459,0.3264616866603206
1269.62207,1279.4685856163926,1286.27478
0,0.09812499277144239,0
19.767358985611587,10.73997998483113,14.461048120665962
0.19169809566505033,0.27989246434742243,0.30056156570423315
1909.06702,1917.8393857634273,1925.71985
0,0.18333803464824225,0
18.002532398312518,11.01829175693194,17.073742852805537
0.3528178789216724,0.35119432750092816,0.3418466976875053
-8.32638100000031,0.1493942499755505,7.99309015
0,0.0008501183900373923,0
86.25486416211001,0.841067472378734,73.99044895656043
0.006355084590729484,0.00013117731562508944,0.0037235574679477376
631.118713,639.7323496435703,647.771362
0,0.0021579520081506307,0
98.46069536971643,0.7594038427524865,85.86000036015457
0.015922593034860138,0.00031759418668390286,0.02429281251538147
1269.62207,1282.0410791978193,1286.27478
0,0.0006322317527526004,0
24.838634995743895,12.506825539942131,13.939980825819484
0.0012644945661386138,0.000639988367932584,7.843314188320496e-05
1909.06702,1917.2348899931949,1925.71985
0,0.0003137217148781575,0
17.137662501243618,11.15934640709144,17.61084858204585
0.0001467313828072795,0.000968994675215439,0.0009376428988772044
-8.32638100000031,0.39368945814426404,7.99309015
0,0.0007027016356858037,0
88.8353388277714,0.8643718651784209,67.67692466973793
0.005184764025293642,0.0001093446352448052,0.003125219397876137
631.118713,639.4048184622862,647.771362
0,0.0002277102516133892,0
81.1918995760474,0.8546413614052963,82.7592319705401
0.0010089538592831435,4.365785779082652e-05,0.00527285240916424
1269.62207,1281.3642671463297,1286.27478
0,0.00033208113265280223,0
23.596928467615474,12.949361472125318,14.81147156467032
0.0006672742815104499,0.00036948189724395704,4.4325185904431904e-05
1909.06702,1918.7523843206511,1925.71985
0,0.000314912381055347,0
19.412755835076847,9.06802828423823,14.42151602744386
0.0006259322465890355,0.0006814146177628298,0.0005497482208301625
-8.32638100000031,0.14991850269528761,7.99309015
0,0.0022799541606072418,0
86.32002241020776,0.8405249846250824,74.02733412868406
0.017074206483235013,0.0003512926262011734,0.009903130177926947
631.118713,639.729843374741,647.771362
0,0.00717889191023,0
98.6706332222607,0.7573185174492381,86.14546497538208
0.054565217653874294,0.0010403108634028835,0.07312058669281547
1269.62207,1282.0474469009464,1286.27478
0,0.0016833787801354965,0
24.851369468657282,12.513148934729571,13.941274668200919
0.0033668366363893286,0.0017381500755147877,0.0004150683738004765
1909.06702,1917.2305801793923,1925.71985
0,0.0009017360836372238,0
17.13551941993325,11.168296509392558,17.621179607744033
0.0006486581296274213,0.0026926924550701257,0.0026451968772846306
-8.32638100000031,0.39353705653361715,7.99309015
0,0.0010280383529140884,0
88.8013904670515,0.8646783474144317,67.65622854998074
0.009232613520043134,0.0001323132628205156,0.0057958507662305234
631.118713,639.4055604432505,647.771362
0,0.00030749762898991164,0
81.18826828696425,0.8548351271266192,82.72633717119876
0.0022616010200406478,4.859573234095619e-05,0.008461976588711895
1269.62207,1281.3664847673551,1286.27478
0,0.0006039086774743819,0
23.601328683135794,12.951490425161841,14.811613231264754
0.0012135633715096021,0.0006677769831619802,0.00011780141378467877
1909.06702,1918.7541111031737,1925.71985
0,0.000517973156337419,0
19.416746901584737,9.065893086219356,14.41798788576938
0.0010349946690640145,0.0007824126937664154,0.0009217020050730982
-8.32638100000031,0.1497494681542495,7.99309015
0,0.006498672510742969,0
86.3843489531655,0.839852836531088,74.09761753068902
0.047654612048217714,0.0010151289647238229,0.03605795518175326
631.118713,639.7408338320533,647.771362
0,0.015215174946040936,0
98.7536336004118,0.7586199015284875,86.00616558686897
0.13540347018784663,0.001991804905078892,0.03489261068557083
1269.62207,1282.0334309879884,1286.27478
0,0.005318993299394665,0
24.82332256585601,12.497999153942521,13.94942343668612
0.010638003799543555,0.0074220285938373836,0.0034335874099308047
1909.06702,1917.2107315106643,1925.71985
0,0.0030395158019621187,0
17.094722692136706,11.143001693137858,17.59598575941747
0.006104290258982994,0.004850952613945477,0.0019299995026451002
-8.32638100000031,0.39295791415885084,7.99309015
0,0.0015963623510232144,0
88.79530297519365,0.8646228023084751,67.66011457907351
0.011839011502658975,0.0002475967789548416,0.008871682113062714
631.118713,639.4032222207039,647.771362
0,0.0032717467182049186,0
81.15421409320231,0.8547138251020243,82.74320319526974
0.025757425895921827,0.0004883329746149005,0.008012495378591217
1269.62207,1281.36178178487,1286.27478
0,0.0016753981575904967,0
23.59196643735708,12.946803492887662,14.815963271945295
0.0033613278952395274,0.0020883862881912853,0.001812462491179135
1909.06702,1918.759207867817,1925.71985
0,0.0010741361984838629,0
19.426901375043084,9.071096740031475,14.426782679003217
0.002146925877879819,0.0015752511501370432,0.0022606319403602818
-8.32638100000031,0.1503248221155964,7.99309015
0,0.0059547887222819946,0
86.3191472704257,0.840615061322277,74.01987123075446
0.03886363987143549,0.000990732856893238,0.051710764291271596
631.118713,639.7304586763734,647.771362
0,0.0030697992385181603,0
98.68752577580524,0.7572959208240267,86.15104070493413
0.03382921249673437,0.0002994478213252405,0.03159510431177303
1269.62207,1282.0463729861867,1286.27478
0,0.00424738993051784,0
24.84921722960308,12.511755263775454,13.941399745579972
0.008494949083566542,0.004661108333337187,0.004746265944901872
1909.06702,1917.228899200681,1925.71985
0,0.004937940062992893,0
17.13268377265767,11.167484179045458,17.619518247480805
0.010333443251786922,0.006844015483314304,0.007669891939053713
-8.32638100000031,0.39356092099595585,7.99309015
0,0.0020352767542912422,0
88.79404733118349,0.8647560557191185,67.6507832396993
0.017475195526301134,0.0002774922337477279,0.020731458204963957
631.118713,639.405476689544,647.771362
0,0.002314105874889034,0
81.18459168666874,0.8548572068742414,82.72344967615044
0.012249048631562197,0.0004260699951350656,0.0074130699279487886
1269.62207,1281.3662801327703,1286.27478
0,0.0016146273431643962,0
23.600888718808733,12.951103056295885,14.811540648019623
0.0032389812123814555,0.002029413286920463,0.002547709522829526
1909.06702,1918.754625166068,1925.71985
0,0.0014540070857553217,0
19.417831206117686,9.065993886449755,14.41869731461233
0.002909930544819085,0.0018222583492753597,0.003232025922565025
