-8.32638100000031,0.09764413788719217,7.99309015
0,0.6156897935889348,0
71.74935264484589,1.0030804066227488,63.163347715593595
3.861561890321559,0.1141952456427454,2.280428322441282
631.118713,639.6134783648713,647.771362
0,1.8972076843406258,0
43.74324110747643,1.717049185374007,40.66283987626491
7.347993928457291,0.6007407163776834,3.519018493088231
1269.62207,1281.9600789464705,1286.27478
0,0.04371146009136444,0
24.70413107426535,12.941182053986292,14.380974925202157
0.08655385284506989,0.14319209157657642,0.12286717359167243
1909.06702,1916.937608872186,1925.71985
0,0.04826735536236065,0
16.673725253358505,11.085882317613155,18.045248186170653
0.08195382529692714,0.09898901152930278,0.06849041060151197
-8.32638100000031,0.39695376377661695,7.99309015
0,0.08747971996729399,0
82.75378030126461,0.930005608846227,62.974426391791035
0.6025694168585464,0.014633960956501883,0.405568170302601
631.118713,639.271541204828,647.771362
0,0.4330893339156012,0
64.17959000709607,1.0529405296762424,69.67391120342361
2.4493587110416883,0.08875275537536491,2.347151469914799
1269.62207,1281.0756513929523,1286.27478
0,0.053024692577375854,0
23.07937421415298,12.946759174968637,15.034961350146544
0.10462710449927187,0.10537715437109274,0.0748969766364238
1909.06702,1918.5465058180139,1925.71985
0,0.03841347806345533,0
18.967715162123984,9.195928346803594,14.79205234302714
0.07685542044174096,0.04096729364562664,0.04622022956352865
-8.32638100000031,0.08599173095197088,7.99309015
0,0.8601012524828774,0
65.80805998686678,1.093541552601574,58.292119209418644
4.881288318325287,0.17631183389147223,3.423521036907676
631.118713,639.096082810308,647.771362
0,2.106951581045318,0
34.97400464736164,1.9256135303242305,42.793697173785105
7.0609384454805575,0.7975529719993221,17.257925390232515
1269.62207,1282.2512388901625,1286.27478
0,0.1536071191060558,0
25.261845560449494,12.420438995220328,13.741619835115994
0.30664839646835446,0.5990445223417005,0.47790553350075476
1909.06702,1916.6241044665492,1925.71985
0,0.16633473539906135,0
16.046545040032388,10.718337694717427,18.4470604041716
0.3465285191179294,0.24840740658482702,0.2738007988630975
-8.32638100000031,0.446826683778184,7.99309015
0,0.19486961718387072,0
82.15223813516816,0.9478449383415614,61.032158265779515
1.7322260648113161,0.02405932676643023,1.9947204260640714
631.118713,639.2755880494451,647.771362
0,0.4024074337711488,0
62.33427852057932,1.086315483371106,67.53459564139911
1.9593772645127638,0.09076906896392871,2.0330356686154336
1269.62207,1281.2574055441573,1286.27478
0,0.10205379354868996,0
23.39926601001369,12.924532685272215,14.873846520706305
0.20439695276502887,0.14286201158001327,0.15636030626471545
1909.06702,1918.4774184137866,1925.71985
0,0.06333319563155282,0
18.829158943979937,9.134029426154637,14.877928910438303
0.12671865314489428,0.06375552906418408,0.08668246473136773
-8.32638100000031,0.17245435138838516,7.99309015
0,0.7502567091586444,0
74.60026200637986,0.9811336254384843,63.00971567030771
4.708557644084177,0.13748054746682611,3.801659098396261
631.118713,639.9652968968459,647.771362
0,1.4506174636211433,0
93.32638811888947,0.8462579638756026,73.23107070064002
10.979862574497448,0.21903977057083948,8.27180409318791
1269.62207,1282.4724277016269,1286.27478
0,0.2938672383693731,0
25.708937447210985,12.529394722198768,14.705746708836266
0.5871330664381545,0.6663631016095402,0.30557674665396084
1909.06702,1916.8629960734768,1925.71985
0,0.25673679003984046,0
17.187955617796096,12.210497080464073,19.000215191870588
0.44502623377194594,0.46573799949865513,0.5565495003417256
-8.32638100000031,0.3375943430789565,7.99309015
0,0.1063555619193268,0
85.45681775984673,0.8876099312365897,65.1031579238853
0.8265143334800171,0.016051041402772942,0.5591486995586614
631.118713,639.3187263088722,647.771362
0,0.6084502576529844,0
71.28598840580096,0.9560684601611057,75.03647959895372
3.7922478937057185,0.11243585475822379,4.143665211359939
1269.62207,1281.0727280780638,1286.27478
0,0.1527908173675125,0
23.01326718591647,12.640232385239893,15.056395704445077
0.30120560855646483,0.3428762098772155,0.10936232816433368
1909.06702,1918.731901549083,1925.71985
0,0.026512284421307483,0
19.33824710386372,9.382741107081891,15.052603752186227
0.0529945777064399,0.04762325517124811,0.19683186906792222
-8.32638100000031,0.1550641519767062,7.99309015
0,0.3895626975627463,0
79.16312981413598,0.9193693068897485,67.0733061867502
2.5275567754566346,0.06808752860715624,2.1361424625488588
631.118713,640.0825698694961,647.771362
0,1.7141965945518152,0
117.10326137041895,0.6902210418180389,89.24840937621141
16.27751637057768,0.20607869422694564,10.22809144509485
1269.62207,1282.7144807339077,1286.27478
0,0.41246565468209495,0
26.222416465239082,12.409380266687554,14.239454603856242
0.8246946723197619,0.5965056888124796,0.6516961676867763
1909.06702,1916.2377654943223,1925.71985
0,0.36237566234999624,0
15.944202394473795,11.455606121109271,18.62418726080163
0.7663659697197084,0.5968596038428551,0.38940639831319007
-8.32638100000031,0.44543643722227344,7.99309015
0,0.11558222426497203,0
86.10290306024946,0.9031099530387248,63.631014059080414
0.9270741334277413,0.016935857240568952,1.1433668108249848
631.118713,639.3012156954699,647.771362
0,0.4783934702303977,0
70.47433882897757,0.9632032304590713,74.42705997611299
1.8559415728798034,0.10507600005130638,2.061112815016496
1269.62207,1281.257808324926,1286.27478
0,0.1374994713356419,0
23.373400966674417,12.776912307288015,15.03371413560518
0.27022317663012724,0.33773978200340055,0.2459871950546441
1909.06702,1918.6571767450162,1925.71985
0,0.07343613668709598,0
19.19183979074954,9.263395844412125,15.086763992834015
0.14693488484660222,0.08121324863497623,0.14748353280644894
-8.32638100000031,0.19556157711135747,7.99309015
0,0.02546391583790549,0
83.54456366186446,0.8785167306722366,70.08775891806386
0.1798137775798148,0.004138120708519448,0.13789309017942597
631.118713,639.9533038970167,647.771362
0,0.03626925744627924,0
82.15165054736275,0.9613213431034637,64.5426565607942
0.24810297696781972,0.00614040281003991,0.1464380611339951
1269.62207,1282.0639083298895,1286.27478
0,0.015499127238929978,0
24.908913337905503,13.014947428655269,14.377358852106328
0.030992525186375564,0.02335881344794773,0.011720640908964224
1909.06702,1916.8186479174644,1925.71985
0,0.00837241963307273,0
16.668946929342656,11.396452001907717,18.348774331172766
0.011728048789038709,0.01796955511379974,0.01993018852599951
-8.32638100000031,0.41135057671751873,7.99309015
0,0.11260329500572883,0
85.33707813683515,0.9042448312787761,64.47459123286092
0.8133529881211785,0.018047065825901102,0.37675126432596495
631.118713,639.3348699475542,647.771362
0,0.12568606486100245,0
73.61051135592226,0.9287785580815169,77.56161181417221
0.8264555506407002,0.022157401141861204,0.6206094781370348
1269.62207,1281.102442380736,1286.27478
0,0.029977278299580263,0
23.130719125441676,12.964856549016137,15.028475706055337
0.05911208321732111,0.06038273667069999,0.043003254948814934
1909.06702,1918.5473643582081,1925.71985
0,0.019666149437031818,0
18.96817993131784,9.217569185041087,14.798808096882267
0.03934657252646996,0.019927003309725234,0.024882144879570887
-8.32638100000031,0.21645074525324048,7.99309015
0,0.1316402055448899,0
84.62744232569338,0.8713391799125044,70.27856829769487
0.9836215259649479,0.020493641779670595,0.46311924652923236
631.118713,639.9706103749944,647.771362
0,0.08536115529435205,0
83.173187348297,0.9530030589777371,64.80619698087884
0.6042443359800576,0.014052470168479781,0.30591302278279525
1269.62207,1282.1603222313718,1286.27478
0,0.07049982290746092,0
25.090357832746513,12.962006250305382,14.268552560707738
0.1408636178828617,0.13756417413610605,0.08710681841221724
1909.06702,1916.8351458705179,1925.71985
0,0.035700526882704864,0
16.755257614251626,11.514647278504802,18.371000662550134
0.06187030423624752,0.06765957833876982,0.048554951727673774
-8.32638100000031,0.4383151310304143,7.99309015
0,0.17006335487136823,0
87.61214590580676,0.8857732185610289,65.32203626194078
1.5290623081658719,0.02166295457172243,0.6924158783063415
631.118713,639.3193562681387,647.771362
0,0.13614194558205395,0
72.19061151210266,0.943911080852968,76.6259916613114
0.9241821875374061,0.023556794361042303,0.7014404964438042
1269.62207,1281.2093515628637,1286.27478
0,0.054023755116400465,0
23.31549780177548,12.93759866514317,14.921181567663758
0.10812499679624259,0.0783837180654289,0.06999395298757041
1909.06702,1918.5026259919907,1925.71985
0,0.03276080461494164,0
18.878928359461387,9.169605764398296,14.850461596503179
0.06554762231076867,0.03232263441716929,0.041234912914155666
-8.32638100000031,0.17723410439498366,7.99309015
0,0.20794100419951098,0
86.05245856234674,0.8486886189630982,71.59129768765234
1.494353881986103,0.03299126374846443,0.6169365459651532
631.118713,639.9551663805108,647.771362
0,0.13148508877826878,0
84.23865967073098,0.9373551688397527,65.91694410192353
0.9296791903943687,0.021566577331599997,0.5973917803630711
1269.62207,1282.1432774194732,1286.27478
0,0.0264269249158162,0
25.05363361558023,12.901655565741263,14.337264210267476
0.0527956486780471,0.05613112304320096,0.07808522462360787
1909.06702,1916.7454506642712,1925.71985
0,0.03418050373102422,0
16.58733121163786,11.428405102989919,18.158523166104626
0.07041060269037093,0.05467279016797801,0.024921893904049863
-8.32638100000031,0.3627600233790407,7.99309015
0,0.40238076373354115,0
87.94369045480028,0.8670658986730468,66.76201671592926
2.9323099609357643,0.0632787724486448,1.5763038302963075
631.118713,639.3633600193859,647.771362
0,0.20610999065953325,0
73.71257632971172,0.9339862784702425,77.20465949909159
1.3242537329430006,0.0369279180278943,1.1037867078447225
1269.62207,1281.1116916127455,1286.27478
0,0.08801313629546588,0
23.10551356396418,12.758901242469458,15.053681647192622
0.17284199053863936,0.20420120280440382,0.07936184494042155
1909.06702,1918.6391341673977,1925.71985
0,0.013491035369727834,0
19.152374053693897,9.296923102478084,14.974831335919603
0.02696507132931791,0.024946190389592615,0.09787860965677109
-8.32638100000031,0.1946252068640728,7.99309015
0,0.15804846034513728,0
86.41337710861583,0.8485678564825541,71.28953430949792
1.2134745790517438,0.023946507615185415,0.5345087132416086
631.118713,639.9794095741689,647.771362
0,0.17959202231973911,0
84.12243425450362,0.9438966595178847,65.41049433067079
1.1562099895861664,0.031262785447256906,0.9189679514977827
1269.62207,1282.1996200178442,1286.27478
0,0.10272774306126674,0
25.165444423621818,12.943462850253532,14.267853561456878
0.205381799149467,0.17577206211348817,0.1511312065972047
1909.06702,1916.8602991734283,1925.71985
0,0.1213155719431484,0
16.780396942156614,11.498289542635655,18.330726021232156
0.25021847414409004,0.19241538348197107,0.20596306584217633
-8.32638100000031,0.4138868023394391,7.99309015
0,0.3639097516392848,0
90.2472992136308,0.8545692845178215,67.54003355688553
2.455849564512147,0.05914287300733721,1.2598930789509304
631.118713,639.3373891235792,647.771362
0,0.18711771906446614,0
72.64073210693755,0.942090897185721,76.55488065691841
1.0509102510708501,0.03622643056195997,0.9116664596432028
1269.62207,1281.2607701291063,1286.27478
0,0.10844599253751688,0
23.389185115147292,12.83658835108419,15.057652001871855
0.21496674524321496,0.2166825330291618,0.06535411326655544
1909.06702,1918.5818372838298,1925.71985
0,0.04812108656982222,0
19.036595834156444,9.260912421007609,14.908551001160355
0.09627057126551876,0.05139006540582473,0.06007861373909999
-8.32638100000031,0.2123089412119601,7.99309015
0,0.31552724259711623,0
75.2473769797144,0.9817356261020593,62.651589268781
1.9519902783542928,0.05822868742214236,1.7296506898983186
631.118713,639.948585166872,647.771362
0,0.027530048293487482,0
81.4210104268235,0.9691087577268506,64.11565051346219
0.1837508308610798,0.004753397389334304,0.12481562490950548
1269.62207,1281.9626823717083,1286.27478
0,0.022744062072986453,0
24.728354196253708,13.127172252163001,14.543735283609305
0.04538336914226147,0.041423700871074394,0.02885488245553171
1909.06702,1916.7902537394411,1925.71985
0,0.020956851261093975,0
16.56556861408804,11.275471474619394,18.34740009452055
0.03931509787330514,0.037463687683333344,0.041872941925870516
-8.32638100000031,0.6662247228254934,7.99309015
0,0.7501572469115534,0
19.114992141648603,6.320402705222599,14.942009369135134
1.5617119466538523,0.66613095263498,1.382262819085077
631.118713,638.5345459982218,647.771362
0,0.8076049623848873,0
71.69004741878044,0.7755049549329373,110.9067304899456
5.00189932263212,0.1418497821794361,13.438735497644657
1269.62207,1278.5797393176717,1286.27478
0,2.991298933190695,0
34.2510401042167,31.72153311905252,33.828216630243276
4.036005350634325,4.113713651472305,5.792356619970589
1909.06702,1923.4135969584368,1925.71985
0,3.166320854555008,0
45.279710370110955,5.125895827561899,6.345343816953749
7.8597128651256085,1.83237841683675,1.012725136292165
-8.32638100000031,0.32030710917350724,7.99309015
0,0.24543691874708803,0
76.53162743737585,0.9897183719915772,60.49385008048145
1.3787999405081675,0.047470908310164255,2.621126272260879
631.118713,639.9689886700551,647.771362
0,0.09250931964122247,0
81.97585125104195,0.9668978070444871,63.92882141307261
0.6173748670606544,0.01594614326935557,0.5153298109499778
1269.62207,1282.077183166893,1286.27478
0,0.11455009808247392,0
24.924176870962352,12.878986712804803,14.249488435310766
0.22873285144276825,0.2540915886480712,0.1816764542573681
1909.06702,1916.9292724397535,1925.71985
0,0.09082485598458212,0
16.85960409185801,11.470615934863723,18.21087322831481
0.17737176760432158,0.15482753766471663,0.13654414962856645
-8.32638100000031,-0.19739495027705978,7.99309015
0,0.7654838438064623,0
17.343027040282976,5.652451988240988,17.830965101044058
1.6058931162534529,0.6438404716453757,2.5344948766573703
631.118713,638.6919933663926,647.771362
0,0.6400396977951189,0
75.7360161350804,0.7650235582678909,108.61953994541133
1.853900668222099,0.1264363376735647,8.535327430011124
1269.62207,1277.3672669703828,1286.27478
0,2.3875442014858095,0
28.289622600624377,25.980672511538394,29.302531437115483
2.911298146208911,3.0524632883287093,4.441135494108244
1909.06702,1923.2894923390963,1925.71985
0,3.07116675293426,0
38.47861231914756,6.282756384828429,7.420038573774084
6.096865582912227,2.497401272036927,1.2109420503247406
-8.32638100000031,0.12088797348765823,7.99309015
0,0.809122485200486,0
96.45949847367872,0.7455165028259111,81.60711027287954
6.68497736670242,0.11199102743084774,4.252030968459412
631.118713,639.9407189126166,647.771362
0,0.08331504202515452,0
82.33181177217847,0.956404283854564,64.52851212326853
0.5907489160121574,0.013724119131827459,0.2765883097960682
1269.62207,1282.2493637942057,1286.27478
0,0.05310981716618928,0
25.26139246426899,12.923849337639297,14.690290297602168
0.10608634662425041,0.13741726161055293,0.1622851873338986
1909.06702,1916.7826474830138,1925.71985
0,0.0938409891879728,0
16.48787345703049,11.147655951705268,17.96358515478118
0.1939460364161035,0.14564488260223907,0.047605274310520265
-8.32638100000031,3.6676996843425194,7.99309015
0,1.5254381521292688,0
28.609758123441026,6.5092653265535265,14.803023058441259
2.860275710750387,1.5900106874004558,2.0808711355494225
631.118713,638.1074761049441,647.771362
0,0.4596762723380133,0
99.07440616110553,0.4954690236610059,167.71121781722758
4.83697364166463,0.05012013384468329,6.050726050671552
1269.62207,1273.6143965718688,1286.27478
0,6.482890000328716,0
70.21665163882486,69.98892028661685,78.83391939400286
5.865865931326546,5.893613345959528,2.5325227865452136
1909.06702,1923.178361650944,1925.71985
0,6.357748876723689,0
42.60191886362876,5.344740909679032,2.78586787114698
14.320509776452182,4.15256294846876,0.09552595668215495
-8.32638100000031,0.24887972520444102,7.99309015
0,0.5866986979343902,0
99.81315844114667,0.742247098656708,81.60736899008657
5.032760670339332,0.07864466381335533,3.7372898029278394
631.118713,639.975565337904,647.771362
0,0.11685913356788193,0
83.20202637743957,0.9537443383701768,64.68977501925423
0.8220331666580231,0.01932895733007832,0.5426025385741479
1269.62207,1282.1344801796718,1286.27478
0,0.27119020062529253,0
25.034165841373202,12.859071720194285,14.250127973574221
0.5424525026575449,0.35351244363019874,0.42888671330934147
1909.06702,1917.0796810446225,1925.71985
0,0.22920631529164165,0
17.04992776803974,11.435680669938916,18.137977026988402
0.4802549407907437,0.3403751345787484,0.3272334978615585
-8.32638100000031,2.242843578262338,7.99309015
0,0.9102990683342717,0
24.914471997015717,5.863737645071436,17.178377796493457
0.9070277446327597,1.3395401825714879,1.558547367667664
631.118713,638.3320776766473,647.771362
0,0.4309474166196067,0
99.68726550382802,0.5247205989744299,157.4528009655146
3.8944267083274147,0.05190619113627523,4.822917200461153
1269.62207,1270.033169234921,1286.27478
0,4.485648246663361,0
48.17945839520599,48.175950367244646,61.75197617810566
9.305454433518626,9.305091754531555,9.711123052347128
1909.06702,1923.7314547386554,1925.71985
0,5.099375177161625,0
40.66639184580896,6.247983456103212,3.6092203597974324
6.238776553955325,4.85993548948317,0.6337267789541174
-8.32638100000031,0.20252135098589186,7.99309015
0,0.0003439383093349355,0
84.66792323829279,0.8680463264785859,70.78708217100541
0.002524636002253744,5.4206003273369195e-05,0.0013211493422733403
631.118713,639.9580070063192,647.771362
0,7.71764328880183e-05,0
83.13083976529913,0.9507549019949973,65.16132709714239
0.0007135052026868938,8.722520430182182e-06,0.0016070823887074594
1269.62207,1282.0560448221015,1286.27478
0,0.00030990331495328724,0
24.89519503496658,13.029795147674172,14.395720430566588
0.0006203879080021533,0.00034530768945498057,1.9956183581575187e-05
1909.06702,1916.8289207175299,1925.71985
0,2.3436832587269714e-05,0
16.680677007057163,11.392246694259674,18.331055660849692
4.043692093581321e-05,4.5005949155406425e-05,1.723368710304739e-05
-8.32638100000031,0.4177105998155817,7.99309015
0,1.9392203933393976e-05,0
86.46237060686876,0.8935395867213419,65.11719143402037
0.00012838039711267682,3.257432895694916e-06,0.00014092710178246058
631.118713,639.3397645203848,647.771362
0,0.0011622926036307362,0
74.52370915463412,0.9182152653232427,78.34214713871572
0.008015146271607935,0.00019716542319572387,0.003608949762452478
1269.62207,1281.136746214267,1286.27478
0,0.00012988501434966647,0
23.18804932291281,12.948144128507492,14.986999354336362
0.00023591451998705845,0.000494809617506115,0.0004283720275163438
1909.06702,1918.5260355780833,1925.71985
0,0.00011366767695612527,0
18.9249234058059,9.207107493069227,14.827870150128762
0.00022709038352784864,0.0002515487719648425,0.00021281641267826429
-8.32638100000031,0.20210816141814902,7.99309015
0,0.001386857058357481,0
84.62947422713646,0.8683639355209567,70.76924066566335
0.010221212779381504,0.00021797901946232895,0.005110424186903995
631.118713,639.9591248627714,647.771362
0,0.0003717869345369491,0
83.13197469208976,0.9509849190089673,65.1276592027624
0.0020374063634766263,6.977090665210137e-05,0.008594271838725522
1269.62207,1282.0608191414167,1286.27478
0,0.001243995145400615,0
24.90466395664309,13.03378833544131,14.396206375535824
0.0024904487606425907,0.0013585608408787368,0.00022258813144246316
1909.06702,1916.828985428281,1925.71985
0,0.00012896139322943372,0
16.680146530362805,11.391091907989662,18.33050330230016
0.00021477346362584802,0.0002539761828172545,0.0001866956385793018
-8.32638100000031,0.4177024192707446,7.99309015
0,2.419310881500604e-05,0
86.46310951636517,0.8935300998855434,65.11800253598304
0.00019220254355516929,3.5770842326304106e-06,0.00021121013613934812
631.118713,639.3390207632564,647.771362
0,0.0015192768611090833,0
74.47792239039876,0.9186256904864402,78.32161982390228
0.011946418391105919,0.00022558820511003197,0.005371308916601781
1269.62207,1281.1377427376801,1286.27478
0,0.0001839304177280995,0
23.189407563689475,12.946161212685698,14.984537817900765
0.00035282224150009773,0.0005159692101341242,0.0006411685719707854
1909.06702,1918.525418208222,1925.71985
0,0.0001698873016618619,0
18.923618300244065,9.207770318377282,14.82909308224986
0.0003396800961344266,0.0002799927525251844,0.000318420185796345
-8.32638100000031,0.20196857365484888,7.99309015
0,0.0035555146434252615,0
84.60073798145027,0.8686363416910564,70.74708344254108
0.025658314104094748,0.0005670733356938743,0.021873569690623977
631.118713,639.9554093429338,647.771362
0,0.008927245261646767,0
83.14138704260188,0.9500662786707169,65.18333698411902
0.06232565315051895,0.0014839595160007248,0.024942370462999665
1269.62207,1282.054027253851,1286.27478
0,0.004592211242753436,0
24.89059788631456,13.021410584221039,14.401445327082381
0.009181611801276102,0.007078958914661632,0.0014850422329721346
1909.06702,1916.8310065838905,1925.71985
0,0.0007351159868303168,0
16.684761115039457,11.39456431536432,18.333260849253662
0.001323355938634185,0.0013637246982103669,0.0009614283416881051
-8.32638100000031,0.417827795912185,7.99309015
0,0.00276134827067162,0
86.45551683181753,0.8936361243381318,65.1112870920707
0.01963462222598741,0.00044525328038998055,0.015085269988557295
631.118713,639.3420289364808,647.771362
0,0.005777788205548915,0
74.52746379804711,0.918680103062037,78.30621246073304
0.040583371280466185,0.0009657613816657622,0.018345519005590685
1269.62207,1281.1432307517423,1286.27478
0,0.0018811007236913305,0
23.200542177299596,12.952729687895909,14.994711643268069
0.003785687530177098,0.002187492030906931,0.0034607927604333164
1909.06702,1918.52310052776,1925.71985
0,0.0007344884182082493,0
18.919007151178462,9.205045427552307,14.823293470617118
0.0014692154132894802,0.0008990280643883914,0.001853123659253345
-8.32638100000031,0.20216304723095213,7.99309015
0,0.006262422758062033,0
84.62982855398755,0.8683715176300235,70.76740791524448
0.041840680297383574,0.0010450353376316873,0.04512813434150201
631.118713,639.958920982644,647.771362
0,0.0012832778855627748,0
83.13305438050618,0.95092790276695,65.13022083156864
0.009316041721939962,0.00020707226959065876,0.011530833108998453
1269.62207,1282.0602677411464,1286.27478
0,0.0028158721398461473,0
24.903529357947804,13.032867572343212,14.397071816662228
0.005634717689088477,0.0035747571010046842,0.0041427694595269115
1909.06702,1916.8291316683506,1925.71985
0,0.0017242237235190153,0
16.68030460801274,11.391014952844952,18.32958928927995
0.0035645876523315526,0.002712759624442912,0.003942934899027507
-8.32638100000031,0.41780177337698277,7.99309015
0,0.0030019100269901905,0
86.45853779699303,0.893598865718129,65.1123111314134
0.022828006488645334,0.0004611989433824886,0.019831229041287077
631.118713,639.3391970913949,647.771362
0,0.004026084989386829,0
74.47894747615355,0.918652635133178,78.31899861131015
0.015374893314426461,0.0008478065467334007,0.0071854270521567185
1269.62207,1281.1381547262301,1286.27478
0,0.0017841711523908282,0
23.190103664300402,12.945984683381162,14.984553344107947
0.0035903420219342576,0.0020820944093958593,0.003445336361872119
1909.06702,1918.5250552533514,1925.71985
0,0.0010035889785227358,0
18.922878125726307,9.207670887884436,14.829380881230472
0.002007686878790556,0.0011188328529270675,0.0025064644409180967
