-8.32638100000031,0.09394469636860947,7.99309015
0,0.4151362358662226,0
76.3742127821109,0.9399157629173693,67.33040611158262
2.748498114298647,0.0725181580556252,1.7947133067666838
631.118713,639.2533017532842,647.771362
0,0.8016499677311416,0
49.24723167855649,1.3824686469536653,53.91528605840936
3.732505985504913,0.20770275445334357,1.506429779253317
1269.62207,1282.734288369198,1286.27478
0,0.04823460924867678,0
26.2581186731768,12.4642823047048,13.470181253423045
0.09650962683863949,0.06052114469320327,0.026436735904178995
1909.06702,1918.0143843837836,1925.71985
0,0.0452880268051904,0
18.275575680651485,10.99354569053288,16.395189807329437
0.08705600683102198,0.09051360909839277,0.0822554068504017
-8.32638100000031,0.3057475011737605,7.99309015
0,0.11803264675451362,0
82.4114392392525,0.91431002762426,65.54852098807898
0.8285883345128577,0.01944811771668105,0.4597108488141153
631.118713,639.363177515325,647.771362
0,0.2276742744043009,0
72.61062639348089,0.9484953086872011,75.48672126478422
1.4252881702260711,0.04172609951915913,1.4346273671510015
1269.62207,1281.5745187603573,1286.27478
0,0.07199887350640952,0
23.95269941910147,12.732604293992773,14.46825372345469
0.14358363669117077,0.1356318148113964,0.08975538046024807
1909.06702,1919.3044129264526,1925.71985
0,0.04814578188603186,0
20.63840533729509,9.02238742118884,13.584583812286759
0.09682672723498542,0.04988416963404137,0.05371252050408559
-8.32638100000031,0.08904353661720776,7.99309015
0,0.39202721367349863,0
75.79339181045299,0.9461858897787188,66.98325171083398
2.647059374971749,0.067698138348859,1.3953342812303902
631.118713,639.1486627896909,647.771362
0,0.9084675200210068,0
46.21038397682864,1.4402478805582222,53.16039086546414
4.093928055352167,0.24522338777433444,1.6117440787929025
1269.62207,1282.7695675558145,1286.27478
0,0.07622332011414341,0
26.32788743154829,12.50612750138069,13.491040396115743
0.1519568885709782,0.16080026590931756,0.13836529416503782
1909.06702,1918.0047790960841,1925.71985
0,0.11710049943962356,0
18.310495155929946,11.138936201261645,16.485455100839168
0.2311072047713378,0.19949338004899572,0.19891355936121585
-8.32638100000031,0.3002025930522585,7.99309015
0,0.14319119128991326,0
84.20569577633776,0.8932391080996017,67.1485013473541
1.1706868319029926,0.020552221396392845,0.7577172306598323
631.118713,639.3567424579473,647.771362
0,0.30225928561579546,0
72.13126968765857,0.9534590733301862,75.21961043861543
2.240245043797598,0.047984594604402485,2.0131740997386793
1269.62207,1281.756025018843,1286.27478
0,0.10760455390294908,0
24.29023587407661,12.66571884489566,14.279041895282868
0.21519354335915417,0.15829222403131207,0.1300073638876145
1909.06702,1919.212792249939,1925.71985
0,0.0402662769189773,0
20.451392935559003,8.949697367652433,13.681630495426479
0.0808950490773384,0.04403206854817854,0.0377985134098977
-8.32638100000031,0.1125256167621469,7.99309015
0,0.3652737631544272,0
82.88621846914361,0.868287508010718,71.19689089933985
2.5384049294931863,0.05991185405933316,2.5362501610139994
631.118713,639.6094707438721,647.771362
0,2.015894365003507,0
85.56617773257649,0.8510041831295456,81.84264674550246
14.665623031688206,0.3179053194131348,13.843226653365557
1269.62207,1282.7240173364403,1286.27478
0,0.10547094903448506,0
26.240199792556595,12.430174334014547,13.470410338641692
0.21093693741033562,0.14582867344532485,0.0898980233507409
1909.06702,1917.6645461202488,1925.71985
0,0.2003782929667434,0
17.820829469757598,11.250935052924307,15.949018881739512
0.3501086339165245,0.4535137389776812,0.19411472255323736
-8.32638100000031,0.351301776484787,7.99309015
0,0.1952912013132708,0
87.13999799102257,0.8728956499733319,68.19138509251832
1.3216379312488422,0.032173306852892075,1.170721961935567
631.118713,639.3774469500291,647.771362
0,0.20117411982210404,0
76.87207438011936,0.8977598132501937,78.74148081148743
1.3771102960509545,0.03403072047388215,1.6862036020071123
1269.62207,1281.6615163407814,1286.27478
0,0.19676795956632742,0
24.09546904745921,12.494544283818037,14.70074982387202
0.3929904624728133,0.397437541964963,0.08972078053002012
1909.06702,1919.4685511338068,1925.71985
0,0.027679650148547365,0
20.978870592270866,9.134295855243899,13.692310906532136
0.05347385910238227,0.06532489334759271,0.10420344128591358
-8.32638100000031,0.14715993830379936,7.99309015
0,0.5795200487210401,0
82.30885811391634,0.8817815779174202,69.98505592037381
4.200578011653569,0.09281245306277204,3.2141713568632446
631.118713,639.6951255083338,647.771362
0,1.5518308764981092,0
91.7447418047622,0.8088650390717761,85.84001087000777
11.963168623171843,0.2303278281988051,11.185582039685212
1269.62207,1282.5397767054658,1286.27478
0,0.21015313757232648,0
25.88861562896831,12.11487531712529,13.276422157894583
0.4203086807059399,0.28731023459845006,0.23082761768801002
1909.06702,1917.5467952944018,1925.71985
0,0.2347554994990269,0
17.782294961898646,11.564331815117406,15.90579427773784
0.4074465143603196,0.4948581099981214,0.27861818651490267
-8.32638100000031,0.29753988009020205,7.99309015
0,0.17255259855946592,0
88.09593518051531,0.8524650756864461,69.4647973114671
1.0160581161431033,0.029818192244515658,0.7335109296768533
631.118713,639.3596683280999,647.771362
0,0.19157049876841142,0
77.68847066849474,0.8842396284697911,79.9519761782188
1.2874438955306933,0.03263981246500272,0.9947007629682197
1269.62207,1281.7729960335823,1286.27478
0,0.13318308385937125,0
24.31120087761019,12.492673953464891,14.493958383493746
0.2657945847854389,0.3675865601239513,0.17942091747804376
1909.06702,1919.3731396179348,1925.71985
0,0.04828360014259237,0
20.77925133022621,9.07500789481052,13.748473928524287
0.09609150177139437,0.07376162453152155,0.08039194996499424
-8.32638100000031,0.14405041078663494,7.99309015
0,0.021904438991037195,0
83.4211662461033,0.8691270253541168,71.75345363618271
0.14221775289574934,0.0037234467822675026,0.21086713380875532
631.118713,639.4723310577734,647.771362
0,0.020589823464327365,0
72.16451434770386,0.9803149468920304,71.23726268249986
0.13102240558471026,0.003761630230646737,0.0945695511692285
1269.62207,1282.7928846402497,1286.27478
0,0.026779177703860294,0
26.37553574311869,12.519289639813872,13.48773047633956
0.05357626261334341,0.0342968181807027,0.012615801133555224
1909.06702,1918.0739756332619,1925.71985
0,0.005159268737843475,0
18.476037467021897,11.291245545421674,16.4686741238721
0.00860549856509005,0.014184968386080389,0.012920488305911438
-8.32638100000031,0.32380222118195867,7.99309015
0,0.1273503083272724,0
84.10129350588501,0.8993257221331689,66.30246826679263
0.9324935561292421,0.02023805669904822,0.3457961938921462
631.118713,639.395582093477,647.771362
0,0.02867940920766453,0
77.59401251401593,0.8931656532411596,79.43830193020884
0.16659938399483526,0.005276235034130456,0.3509178747525966
1269.62207,1281.6062706681612,1286.27478
0,0.027199141566508288,0
24.01320325250181,12.73968890395436,14.450574653828399
0.05417741200037234,0.05620862086726836,0.0390157146382341
1909.06702,1919.3008197356173,1925.71985
0,0.022266302549774367,0
20.633198422976974,9.012159767987335,13.58432292983887
0.044867339152453,0.020464591773369522,0.023104145765985386
-8.32638100000031,0.16242202297332575,7.99309015
0,0.07376715168672816,0
83.86187476453227,0.8682568439393994,71.49240275344144
0.5616741173840653,0.011323767901471092,0.2210367872364499
631.118713,639.4711858872982,647.771362
0,0.044831758003366695,0
71.90951478850303,0.9836153490390063,71.02420165884557
0.2831526626748448,0.008243157992399188,0.19972439760046984
1269.62207,1282.8539728702224,1286.27478
0,0.02145563640123894,0
26.503840230469315,12.523817668077415,13.458235271422492
0.04293640324236871,0.026324820098975944,0.01146079590268971
1909.06702,1918.0503351736395,1925.71985
0,0.007792813911650903,0
18.449887830474488,11.322475495531485,16.517601708283834
0.014201686331736449,0.017686430017777127,0.017522345157931
-8.32638100000031,0.3627411131113263,7.99309015
0,0.22094269370473513,0
87.29816096987736,0.8736040517756113,67.52279394890357
2.063240775065621,0.026464564532248453,0.8379269314716769
631.118713,639.409307034769,647.771362
0,0.03281130163203025,0
77.3326303765921,0.8992663124399247,78.65641043170203
0.22136134644182506,0.005600541918401333,0.551812047710383
1269.62207,1281.6830752490334,1286.27478
0,0.045040089740942105,0
24.153692670145247,12.695206896347093,14.356206063939588
0.09006284110543188,0.06753058277104164,0.0612650583150711
1909.06702,1919.240353286805,1925.71985
0,0.03989683402326196,0
20.511306930844754,8.95884282449729,13.645567712200846
0.08042523838526489,0.03561325519690083,0.042277890261378945
-8.32638100000031,0.12053508752430275,7.99309015
0,0.12721648560372964,0
85.0373755488425,0.8474936630325416,72.69012526585158
0.9282503642792188,0.020030973889130995,0.38102105898413313
631.118713,639.4672045685585,647.771362
0,0.07318977674227947,0
71.78615431300757,0.9844009241909926,70.76847249519821
0.4523396463010757,0.013659194159717572,0.4927824325887055
1269.62207,1282.7931355224953,1286.27478
0,0.04414448274911928,0
26.390296629673756,12.398296978214912,13.536134988095434
0.08787620062120402,0.0927061844120965,0.030847187423504827
1909.06702,1917.949432636981,1925.71985
0,0.04396814765557261,0
18.27928594206617,11.292738274161605,16.308551714902705
0.07963283663467041,0.09918533523157014,0.012699683506531634
-8.32638100000031,0.27189733874648425,7.99309015
0,0.5049838375796551,0
87.52836523771964,0.8529569324925099,69.31878699173255
3.719376475889204,0.07869192335801048,2.0838718816041553
631.118713,639.3672947085947,647.771362
0,0.07582095800535336,0
76.88679886976783,0.8953520834347589,78.88639868799572
0.4938415492071724,0.013230521433789758,0.8514342619559381
1269.62207,1281.7221129522486,1286.27478
0,0.10790922575341527,0
24.22616277403214,12.674954363950329,14.612024524130689
0.21536268217265978,0.21691219909427598,0.021884095352213945
1909.06702,1919.3955822918845,1925.71985
0,0.03553414260466865,0
20.821096065988332,9.106588167837717,13.617652455056863
0.07110284558388087,0.046196545318062304,0.05215778418339466
-8.32638100000031,0.14510200586149935,7.99309015
0,0.1471069930629735,0
85.59750121262083,0.8467896373336411,72.52914338516557
1.1293395852756687,0.022312513499239017,0.3740158856899656
631.118713,639.4737048611092,647.771362
0,0.042151556606465426,0
72.15683654663138,0.980749175423777,71.01671727840647
0.26158093204786975,0.007831952675789771,0.2506680032027757
1269.62207,1282.8204281232552,1286.27478
0,0.061796579960713596,0
26.441465352685547,12.451892413596815,13.410010073169515
0.12371677702614424,0.07039576542241675,0.07454041140552638
1909.06702,1918.022454507284,1925.71985
0,0.03518463844256646,0
18.416194096145954,11.350349141659494,16.452132232209195
0.07013211341041536,0.056364698500314024,0.06469040801285592
-8.32638100000031,0.31576876380270313,7.99309015
0,0.43385028374739654,0
89.4993835864483,0.8424240229728068,69.66394065503901
2.730851524476338,0.07251864314649377,1.061058872158468
631.118713,639.3846793002878,647.771362
0,0.057833533443676644,0
76.65426460402254,0.9019686868928639,78.1654354451801
0.17611479405753633,0.012241831428755345,0.5729052075917078
1269.62207,1281.7203181952523,1286.27478
0,0.06806648878616559,0
24.218770282281696,12.628614476363643,14.46775456121269
0.13533111317165697,0.19772359889324806,0.06957646812927314
1909.06702,1919.323885001006,1925.71985
0,0.06660925087261006,0
20.679833730810707,9.032017352969204,13.694377245389688
0.13401449009693844,0.06762796857210454,0.04205242203487516
-8.32638100000031,1.9374180682972373,7.99309015
0,7.774898065399852,0
57.95081847940408,1.878753185977906,14.885562995070142
29.174861561028337,2.3951676049673742,18.688462195704112
631.118713,639.6392591404389,647.771362
0,0.0301671140884519,0
86.51977030688924,0.8474110808575503,78.88646589262692
0.20767235252312194,0.004897485758335267,0.26908780306016583
1269.62207,1282.581650235827,1286.27478
0,0.04975512181394165,0
26.958398185542208,9.772706371381185,11.168531594402726
0.09986349260970871,0.05830922323874711,0.03406803168631748
1909.06702,1920.8292099552655,1925.71985
0,0.022179513103737267,0
23.529981111195763,12.021681477835532,14.011504810167711
0.04431313022205206,0.05603145828427966,0.043376189934678976
-8.32638100000031,nan,7.99309015
0,nan,0
nan,nan,nan
nan,nan,nan
631.118713,639.4638951157923,647.771362
0,0.18604084253918432,0
82.15887367865965,0.8565818127314828,81.42827720584786
1.3829134090895117,0.029127281650441532,0.7396535623566346
1269.62207,1281.4851988876471,1286.27478
0,0.07920390384820698,0
23.734194872515513,11.560218703355975,13.554055966569464
0.15726959219690145,0.38247126293341693,0.30407912928505804
1909.06702,1918.6768289861577,1925.71985
0,0.2631481210166327,0
19.2204986325263,9.518253825617967,14.741452188260196
0.526282956626941,0.41869880364266393,0.4135682247619943
-8.32638100000031,2.6719928620388007,7.99309015
0,4.719164067830403,0
35.404101881162454,3.8312766329317944,6.93825616943973
10.304714507959869,2.96690702675542,6.0023435562650445
631.118713,639.6358654457842,647.771362
0,0.045436665472080716,0
86.76615212598364,0.8442772682138383,79.23855325422598
0.3137290181078971,0.007352613952145296,0.42749589472759936
1269.62207,1282.5497639380708,1286.27478
0,0.09076965983971882,0
26.874852762818335,9.771480773608221,11.192061615235419
0.1802525834883059,0.11515539176274968,0.07132222462985302
1909.06702,1920.8380531629837,1925.71985
0,0.038420385133146814,0
23.545460008942165,11.972605050722281,13.963849856236898
0.07680739651608562,0.08628974682271198,0.0641183556500047
-8.32638100000031,nan,7.99309015
0,nan,0
nan,nan,nan
nan,nan,nan
631.118713,639.4865175967707,647.771362
0,0.12962061817387022,0
83.09246290407916,0.8514013860876398,81.47032238796916
0.4539799051361028,0.025370234574379542,0.2900472046502477
1269.62207,1281.5054959314562,1286.27478
0,0.1123234390849804,0
23.7951703583416,11.317308325232085,13.330151027500346
0.22204081827704253,0.3814442701827345,0.19794272355083556
1909.06702,1918.482846024532,1925.71985
0,0.14661230197871264,0
18.83466486923062,9.585767762875257,15.05357197923677
0.29303371888469154,0.36211942478543974,0.21501163526512088
-8.32638100000031,0.38865855857696907,7.99309015
0,2.6356711237856816,0
1243.3258072681156,0.061090702161447276,934.7563086601147
266.02211880712974,0.029204405119032648,201.6150798371866
631.118713,639.6394285184884,647.771362
0,0.10325684451285475,0
84.94767390822881,0.8634508388945198,77.20615484007834
0.7358512039042723,0.016570515859474673,0.6880007773689067
1269.62207,1282.6442347253824,1286.27478
0,0.06878015456727044,0
27.185419088833775,9.695918733520891,11.105421899238005
0.13214156407345515,0.1015278165494479,0.053411767340085785
1909.06702,1920.6428459780143,1925.71985
0,0.0942738404479499,0
23.18275278581317,12.191592694553076,14.017614093614855
0.18814314249092187,0.18106767661055262,0.050955902519835956
-8.32638100000031,nan,7.99309015
0,nan,0
nan,nan,nan
nan,nan,nan
631.118713,639.4552236466519,647.771362
0,0.1293652464144742,0
86.89555087831172,0.8072808260586298,84.34217515881733
0.9885819580996725,0.019498983253632838,0.9043821361457502
1269.62207,1282.2394125735636,1286.27478
0,0.20003101691132202,0
25.589480722250457,10.67152410036891,13.697120322336048
0.3699584751583414,0.5115918975286959,0.34277404694700897
1909.06702,1917.9337913215152,1925.71985
0,0.18308717748993183,0
17.913249635188492,10.22212647903176,15.584764666886567
0.3594688462488191,0.3653149397690475,0.5066490115987025
-8.32638100000031,0.3941359048484312,7.99309015
0,3.5049068105229995,0
1012.7513855904892,0.07509548295998686,751.5308284601756
287.52772996887734,0.04775389898591161,215.9554564943487
631.118713,639.6424839719266,647.771362
0,0.0571823870136937,0
85.36555720862023,0.8597596099489474,77.46406820783484
0.4294412703433141,0.008840356238822667,0.2887681762001998
1269.62207,1282.7412635496532,1286.27478
0,0.10988773516768297,0
27.434882295238953,9.710578004818508,11.100964276106094
0.22277914064217583,0.1183391566186685,0.09396520678362644
1909.06702,1920.686671633903,1925.71985
0,0.09771017225529345,0
23.265489604430854,12.184512452777534,14.107025263135673
0.19554490709950317,0.12093979000489234,0.13824029083788672
-8.32638100000031,nan,7.99309015
0,nan,0
nan,nan,nan
nan,nan,nan
631.118713,639.510105110034,647.771362
0,0.17644596584873187,0
88.85884750514603,0.7996376719450492,84.18344003826104
1.6243294936608268,0.022247066175487086,0.47937883476207827
1269.62207,1282.0658166418227,1286.27478
0,0.26768715648148866,0
25.50291191357993,9.967071189542434,12.934798134182568
0.5081668859843201,0.4926377592939493,0.8784631671231714
1909.06702,1917.5248657717354,1925.71985
0,0.3797325784850469,0
17.227575990377268,10.245409436452924,16.81259785805657
0.7644015579861729,0.5449416604925728,0.8926813126043637
-8.32638100000031,0.15900381567385757,7.99309015
0,0.00016765655591352167,0
85.16083565748477,0.8540445499609107,72.7155284703651
0.0011708059449292256,2.7156629194032425e-05,0.0011285923938386723
631.118713,639.4762656637796,647.771362
0,0.00024403353164294877,0
72.51638457226747,0.9763581312829259,71.45113682625752
0.001554664869298298,4.447840433452502e-05,0.0010741594705734334
1269.62207,1282.790098757282,1286.27478
0,3.1274477750811526e-05,0
26.3676581181145,12.538563760258642,13.50701625593123
6.218040404869532e-05,8.139147869307032e-05,5.788413593412234e-05
1909.06702,1918.0742045117172,1925.71985
0,3.49356807441185e-05,0
18.47164797461197,11.278144211065294,16.461257127659728
6.658550995264843e-05,6.990928152513401e-05,7.026873790767798e-05
-8.32638100000031,0.3366462986892582,7.99309015
0,0.00032848577515880384,0
85.52287355447837,0.8867136942624658,66.9972664401316
0.0024817448087437652,5.074949825924653e-05,0.000635428170430154
631.118713,639.4010651083628,647.771362
0,0.0011736816771939355,0
77.61307886397994,0.8941384761062849,79.25098362549782
0.007455051901526093,0.00020715547080591532,0.010152381540222587
1269.62207,1281.636456310315,1286.27478
0,0.00013594286874151214,0
24.06751266536999,12.716261322374608,14.408114464828287
0.00027097284819091417,0.00027782543579919994,0.00019084538263733082
1909.06702,1919.2809308158287,1925.71985
0,2.4758366852670653e-05,0
20.59135125786031,9.000699759486105,13.60697275816677
4.223169050716025e-05,0.00010571074719681698,5.289063372544472e-05
-8.32638100000031,0.1589725860753255,7.99309015
0,0.00040645638445657034,0
85.17163620469725,0.8539276830829624,72.72581944332721
0.0028370654913335734,6.585115391593562e-05,0.002764612998748091
631.118713,639.4761460197818,647.771362
0,0.0005604093671205716,0
72.5025281643924,0.9765215476717423,71.44153927636083
0.003567264362907798,0.00010220657368387347,0.002486219275773037
1269.62207,1282.7903844177895,1286.27478
0,9.998558364217543e-05,0
26.368299741769526,12.53815976864922,13.506484692548504
0.00019880385917590599,0.0002591341960825019,0.00018955654493570055
1909.06702,1918.0737891198494,1925.71985
0,9.204761514299086e-05,0
18.47104216048837,11.27830340965743,16.461906375663347
0.00017713626175272043,0.0001771320152717274,0.00017415353488577356
-8.32638100000031,0.3368697692679259,7.99309015
0,0.0004126967348638535,0
85.53623572332626,0.8866184670869829,67.00041228989743
0.003499450670805499,5.681779106856231e-05,0.0008298779033495767
631.118713,639.4014266288323,647.771362
0,0.001447713629084649,0
77.5713232787432,0.8947101635036786,79.19472406730897
0.010883039598192545,0.00022667275967151168,0.01467858490968392
1269.62207,1281.6372863481117,1286.27478
0,0.0001976140926433769,0
24.069026998756936,12.715755948722316,14.407070843118994
0.00039493825249040495,0.0003165739118380092,0.00027246698521510813
1909.06702,1919.2809784190526,1925.71985
0,3.4199547981568714e-05,0
20.59159522154012,9.000227521657497,13.606674098605788
6.360294911499887e-05,0.00010772894859168042,7.769817812760758e-05
-8.32638100000031,0.1588480415348954,7.99309015
0,0.00011354036702816787,0
85.16383430203406,0.853982186909762,72.71922550804042
0.0010485127277757669,1.3868314430779011e-05,0.00048263723812481734
631.118713,639.4760679078273,647.771362
0,0.0015927254017987235,0
72.49194516641809,0.976649546788922,71.43077441326116
0.009812641822573328,0.00029674431105818116,0.00907466906666887
1269.62207,1282.7885042607593,1286.27478
0,0.0005559701451312249,0
26.364503153771647,12.53667780618829,13.505334686542552
0.0011132651729956527,0.0005317521594282007,0.0003029474324475752
1909.06702,1918.0735804597873,1925.71985
0,0.00036030118968236594,0
18.47122076297762,11.279716005682175,16.45731314895397
0.0007089532120447748,0.0006226990694980403,0.001600134796185037
-8.32638100000031,0.3353295346932885,7.99309015
0,0.005098578436599664,0
85.50681456331728,0.8866113115278477,67.0096761820893
0.036692002734616834,0.0008161518522783857,0.023242551234885497
631.118713,639.3981629487405,647.771362
0,0.001378905769091493,0
77.54829073212316,0.8942686844410899,79.23554939159408
0.004785594358721577,0.00028532347622930873,0.026084776409607387
1269.62207,1281.6385398916123,1286.27478
0,0.0005603304185192568,0
24.071663765031772,12.718254367606214,14.4148059025814
0.001108581054703367,0.0016542991394839432,0.0019684024176279367
1909.06702,1919.2834750921422,1925.71985
0,0.0008143939070287923,0
20.596664947877443,9.002301188043454,13.606283860064302
0.0016325671078019654,0.0009866353518990195,0.0006871148289682953
-8.32638100000031,0.15897183187380826,7.99309015
0,0.002092951729501601,0
85.17597620903692,0.8538831289806268,72.72962608779662
0.015984538546797634,0.00031927381199236415,0.011645275580038953
631.118713,639.4760400128812,647.771362
0,0.0010264488088947649,0
72.50023839904551,0.9765281266056934,71.44070431025636
0.0067418033371203796,0.00018299311123385728,0.005988276398419589
1269.62207,1282.790825057049,1286.27478
0,0.0032381502529703404,0
26.36923375502047,12.538078051010883,13.50756187314062
0.006482435369613671,0.003425687650087884,0.0040925019539990405
1909.06702,1918.0730373893778,1925.71985
0,0.0023077986594794656,0
18.46958559505699,11.277596947589771,16.461017621808963
0.004701373562136078,0.003100465049974362,0.004139674743489633
-8.32638100000031,0.33665330483513145,7.99309015
0,0.004043346202367325,0
85.54035831331271,0.8865300591179933,67.0078828892591
0.020163790967620065,0.0007514538758178474,0.03541067216455443
631.118713,639.4012110901551,647.771362
0,0.0013536874275818145,0
77.567951342903,0.8947028588160262,79.1952016080256
0.004088322658934611,0.0002840453838440076,0.014351278671812493
1269.62207,1281.6376503536878,1286.27478
0,0.0016726610875022305,0
24.069755496911267,12.716134810319463,14.408039657759835
0.0033460855247070364,0.0023490001724919655,0.003848596873911029
1909.06702,1919.281176142306,1925.71985
0,0.0012168336555463425,0
20.591967364047818,9.000493704798435,13.606235157562706
0.0024469714452860216,0.0012680781448789766,0.002874314408060064
