-8.32638100000031,0.05582785718890193,7.99309015
0,0.5923903537347532,0
67.67885059443002,1.0545922319048577,60.80602062747107
3.5261299902725582,0.11615144056611833,2.0951423651515397
631.118713,639.4956013891979,647.771362
0,1.571432129419289,0
45.69565303110315,1.5910413070666694,44.801391906764835
6.579643236376069,0.4583020902731398,2.3993196373753976
1269.62207,1282.160459884379,1286.27478
0,0.10187224445552225,0
25.083647095107196,12.835280538049265,14.155935606869356
0.20378601490556833,0.11630438022282223,0.06246571208427537
1909.06702,1916.6845766978986,1925.71985
0,0.06682340237772874,0
16.411706974121834,11.256896162181762,18.512295132395217
0.12190088280396222,0.12194329403301368,0.08094859660578853
-8.32638100000031,0.3837609391943566,7.99309015
0,0.17225728435359786,0
87.60701677502871,0.8747211410276144,67.07033181426183
1.2729127202618984,0.026901918893389727,0.662883638076912
631.118713,639.3428071972965,647.771362
0,0.29723836805341003,0
64.87850416557626,1.0598105593213956,68.09425974999361
1.694709531929212,0.060540410498828946,1.488088526008689
1269.62207,1281.1211555347213,1286.27478
0,0.0519935145189826,0
23.132884806324043,12.812886036394065,14.886190999503203
0.10288279781182966,0.10355308085842631,0.07441840262101528
1909.06702,1918.5276587009862,1925.71985
0,0.032674079388328475,0
18.93894728877691,9.06051585784938,14.77065105599197
0.06524529362628333,0.061917873792732614,0.04015309836496861
-8.32638100000031,-0.018480995678718415,7.99309015
0,1.1062343673161215,0
61.867146846650826,1.136513799019232,57.65748134235393
6.019884226150306,0.23782537052450897,4.11790002391327
631.118713,639.2403036211654,647.771362
0,1.9615632015337725,0
38.978712712711655,1.7728449343171895,43.42960020658922
7.565795445528312,0.6362195628475621,3.588030615739225
1269.62207,1282.1115129943487,1286.27478
0,0.13139256831768184,0
24.99106413125409,12.8855773117518,14.235357798892037
0.2627751556328176,0.19221782669520704,0.1372026378103678
1909.06702,1916.6704577725352,1925.71985
0,0.13127515119860128,0
16.254661351022207,10.998086316154945,18.462171665844785
0.11787881839642722,0.32545865033743576,0.2724472809490313
-8.32638100000031,0.37776342464740864,7.99309015
0,0.17855664646196634,0
87.38257830323056,0.8757940877376573,67.0946675243095
1.3541782290921112,0.027384064415203614,0.7691802090385307
631.118713,639.3267952251523,647.771362
0,0.3464682858906875,0
62.927249245390264,1.08950635429092,66.5488072325723
2.1082325766678287,0.0676468510492721,1.457472958318278
1269.62207,1281.3690054634537,1286.27478
0,0.12010780485479187,0
23.58186372585552,12.808567069500965,14.689044245825464
0.24064431143752027,0.15680131157381705,0.1391017000620988
1909.06702,1918.508513078516,1925.71985
0,0.0398167723256258,0
18.917313512380403,8.889098963024281,14.741943821744922
0.07952634559872304,0.06437329021055771,0.04671588924423596
-8.32638100000031,0.15359821959032693,7.99309015
0,0.23570796477425465,0
76.38584802073345,0.9533026790889585,65.9304900634454
1.497842140906547,0.042386050601044604,1.0947671890628194
631.118713,639.9069713394895,647.771362
0,0.9777234275502847,0
81.42084442791295,0.9598877245059766,64.86453233816454
6.460782377402869,0.1695789492424775,5.036112584489642
1269.62207,1282.0182531785156,1286.27478
0,0.18913274992355755,0
24.8134494079598,12.918056773215916,13.91873723559291
0.378089456796859,0.30657052484680986,0.18132783391643817
1909.06702,1916.6014532657493,1925.71985
0,0.16593936807875054,0
16.69698125262677,11.944267468890073,18.995816658084976
0.2673549529825987,0.30589584152638566,0.45461486389427397
-8.32638100000031,0.41836769551182407,7.99309015
0,0.11237273753795363,0
93.11885656785186,0.8285882262757679,69.95376306821623
0.8462365258442974,0.01695617075069129,0.6344968554114656
631.118713,639.434136298716,647.771362
0,0.4811563042578673,0
80.16198546978508,0.872068827474741,80.56578746099564
3.2579108176296443,0.08082109443605547,3.1161206749423926
1269.62207,1281.0808837543145,1286.27478
0,0.2085663539355626,0
22.9960708386902,12.446932594197058,14.935116672491286
0.4158993419207774,0.36205070038877973,0.09012286538719438
1909.06702,1918.8181213845417,1925.71985
0,0.057510948498925685,0
19.53257128866116,9.221898764393162,15.29741211443345
0.11421689190195095,0.14477951091258268,0.18546328626199404
-8.32638100000031,0.09863508707947766,7.99309015
0,0.5449792391354873,0
78.09423456460901,0.9197455922641605,68.26990369728418
3.5473173112820784,0.09537466647504829,3.319961323835553
631.118713,639.8171183735952,647.771362
0,0.8952123419323595,0
73.58150108846651,1.043064331492047,59.529482425646705
5.370595847162689,0.17140727827982893,4.756856597691596
1269.62207,1282.679394287366,1286.27478
0,0.40924650138608015,0
26.140591825626693,13.652462300594134,14.823611257908617
0.8189704309218472,0.5019713955144293,0.5118136739889939
1909.06702,1916.6999950694624,1925.71985
0,0.17713679905978832,0
16.78867663536915,11.887561382522088,19.44317366626547
0.2740813212658219,0.3366562782594996,0.35676044744072133
-8.32638100000031,0.4381785497771844,7.99309015
0,0.14432781349666227,0
92.35399037570386,0.8394017307957381,69.12378186021355
1.2625984443561478,0.019328711543940412,1.0823927080294664
631.118713,639.3883920875427,647.771362
0,0.4800606719637938,0
82.87036118392152,0.8336215273452612,84.01120820563517
3.5132662158897645,0.07556773884578148,3.8741751848873287
1269.62207,1281.48992970975,1286.27478
0,0.3119462475778136,0
23.78601638240729,12.666021610057143,15.001138684396402
0.6240757778584307,0.44035694133248,0.22145540200393798
1909.06702,1918.7525595067602,1925.71985
0,0.0684975923432962,0
19.41492896014381,9.055397692968462,15.081376527725638
0.13614760432849832,0.1463387796309907,0.1253132011903725
-8.32638100000031,0.12503825825093884,7.99309015
0,0.021603238895231996,0
76.9082605596711,0.9402175526909016,66.78272022536324
0.150465933189401,0.003632462892047402,0.054181666497913616
631.118713,639.8606843928483,647.771362
0,0.1962494744312757,0
85.28820545535567,0.9056620091344358,70.00495824015601
1.4424801424852887,0.031067199022617325,0.5547778204449763
1269.62207,1282.2509344498892,1286.27478
0,0.010447030057230364,0
25.274867946516935,13.102751214275237,14.33847957142443
0.0208902358031569,0.015989422208314657,0.007722292328478041
1909.06702,1916.6488742163488,1925.71985
0,0.008997329160331038,0
16.53521619703342,11.564399009795983,18.679633921227236
0.011036299777107806,0.01876927969934888,0.015255951103674477
-8.32638100000031,0.4134735898900459,7.99309015
0,0.10298396294863461,0
90.56779170011757,0.8514058781188404,68.32900337805039
0.7799967160273367,0.015649351948837337,0.4195441154298158
631.118713,639.4312684545898,647.771362
0,0.03216523305527908,0
77.24775007673398,0.9051112092890798,77.75465834467742
0.23876845255611037,0.005100269990305615,0.12065421158057514
1269.62207,1281.1363375717672,1286.27478
0,0.019174944927849515,0
23.164688969370744,12.836276718766541,14.89331124770894
0.03728936254343354,0.04961328988567833,0.039373131690268064
1909.06702,1918.5302052983013,1925.71985
0,0.03095543411526681,0
18.943272543305355,9.07161418163947,14.769905711797257
0.06194772610600156,0.03462679359532077,0.043250777863681054
-8.32638100000031,0.15259233342778167,7.99309015
0,0.17324172081097114,0
78.3358624474267,0.9287648160031201,67.11878771918174
1.204576795807878,0.029047962206456786,0.5285712861496896
631.118713,639.8582921841607,647.771362
0,0.1740513406610231,0
85.14429246947635,0.906724231406497,69.96806871426742
1.2894193867313288,0.02739899964936449,0.664510694250921
1269.62207,1282.2691658217225,1286.27478
0,0.019093960627276415,0
25.308238306453852,13.075662532053734,14.302835961577252
0.03808183524040675,0.05069523731989337,0.037958314648665226
1909.06702,1916.6107911130912,1925.71985
0,0.026241077758950463,0
16.517652732589866,11.620333519626254,18.761033405521403
0.045506612886295275,0.048140094116172705,0.05711057282606429
-8.32638100000031,0.43856976692031857,7.99309015
0,0.16822951976902692,0
93.08043568653503,0.8328058081035303,69.36240211091732
1.6302351289595056,0.019669324832765723,0.8171722665681769
631.118713,639.4164438601072,647.771362
0,0.026390921119213866,0
76.88475661069666,0.9062075850318984,77.9361843599012
0.16607198894642786,0.004708339289863523,0.36260795719251687
1269.62207,1281.2102722606369,1286.27478
0,0.03529999924146405,0
23.288211331685773,12.78373943327894,14.79040147689605
0.07038164353429366,0.05928683672528569,0.06950059978384163
1909.06702,1918.4533658953355,1925.71985
0,0.05451985915058409,0
18.786876049845436,9.028487807520694,14.877463312900176
0.10911333684279816,0.0553684539111685,0.07769469337761249
-8.32638100000031,0.08698053825071916,7.99309015
0,0.15798970270445864,0
78.44134528994209,0.913016617087294,67.62702129535766
1.0664193292701767,0.026963043900559078,0.1569846149435409
631.118713,639.8933659500963,647.771362
0,0.1329969295284364,0
91.47120729199,0.8496269219788651,73.19274099754263
1.0179588925445222,0.020023824706841786,0.5914460745794996
1269.62207,1282.2349098286304,1286.27478
0,0.02035819315707129,0
25.23898951620693,13.029274463690854,14.216641608735777
0.04069714171305976,0.03501573987937738,0.05294965746406081
1909.06702,1916.5281661728934,1925.71985
0,0.05850159849897147,0
16.463339510017917,11.708979741514042,18.5733428899809
0.05663487994341653,0.11977470536884374,0.06310589432905865
-8.32638100000031,0.3740801919857226,7.99309015
0,0.45476142349534165,0
93.95769293125241,0.812690135608598,71.03560691718398
3.5258874427553297,0.06700134843948584,2.003309287402761
631.118713,639.4614920114918,647.771362
0,0.04578443275913129,0
78.12263689911487,0.9013310624637741,78.20910417219304
0.2989592291558914,0.00796065305687784,0.4545691100488212
1269.62207,1281.1814838235252,1286.27478
0,0.07537171124678421,0
23.220466004146786,12.695342406201359,14.953652261847484
0.14832893261088578,0.18032001795818062,0.05976736142889987
1909.06702,1918.6181027538985,1925.71985
0,0.03964267499377986,0
19.115882199396605,9.195924120147561,14.909532013512939
0.07927181605820238,0.058278839248929105,0.1313655886729257
-8.32638100000031,0.13372279970122314,7.99309015
0,0.13570244823977876,0
79.96483083528216,0.9053097632160224,68.03477405084904
1.006131417071532,0.021489519715559787,0.597017017721133
631.118713,639.9358727523171,647.771362
0,0.37911368560328124,0
92.49250074074,0.8483058439812898,73.68865353770276
2.8429726330269394,0.057713412272714516,2.1793169007765183
1269.62207,1282.3069368512945,1286.27478
0,0.0914892405532558,0
25.379080601828733,13.033903500829005,14.273604694675925
0.1830143519541274,0.11290789912438072,0.11736352297817947
1909.06702,1916.5795831082407,1925.71985
0,0.06400425390299273,0
16.53600990543326,11.72072872429864,18.7735781587652
0.12942412180740973,0.10696499964283998,0.12312535851647032
-8.32638100000031,0.42573604698309353,7.99309015
0,0.39793767371029526,0
96.09225290965799,0.8038708512983658,71.63098172525103
2.6937632372574623,0.06226359881885135,1.401553187240388
631.118713,639.4406245159056,647.771362
0,0.043448945384239095,0
78.53796655578734,0.8919219469250111,79.05632919577579
0.2722938671231322,0.007693337225321775,0.6263987944259917
1269.62207,1281.2899278458387,1286.27478
0,0.07873332933267797,0
23.42506449758398,12.734542507199606,14.950708747233442
0.15549264961226242,0.18241181992177158,0.08126245674545657
1909.06702,1918.5363282515289,1925.71985
0,0.07352240367198952,0
18.949652974097457,9.151502814534984,14.894527125339936
0.14709996841274997,0.08349055634410611,0.08994186891870935
-8.32638100000031,0.11978137048940951,7.99309015
0,0.021363264627664226,0
76.34471058456576,0.9461407416251636,66.46390247083414
0.14609842876706544,0.0036501723097705613,0.06908223630860431
631.118713,639.909716500316,647.771362
0,0.008557055250425504,0
89.46466969572889,0.872329850157262,71.72336423765049
0.06016938364151652,0.0013716833996255222,0.05831346301287273
1269.62207,1282.2481298285825,1286.27478
0,0.01068622348045385,0
25.270586315887968,13.1182490485156,14.35423952832443
0.02136950678380097,0.016078806926330663,0.007698049787896128
1909.06702,1916.6177592048098,1925.71985
0,0.00515830621325225,0
16.513617434293444,11.597651073873505,18.741185329492197
0.005934870283465804,0.010755253441349654,0.012320909601436981
-8.32638100000031,1.467817203324877,7.99309015
0,0.5907444801905883,0
21.45599526977165,6.350371016717308,13.203926083013428
1.2787676131445953,0.42951830920200545,1.1430677652967782
631.118713,638.5450670134447,647.771362
0,0.8660003983636384,0
60.31106646842541,0.9287398639728037,92.77102975644057
4.306428411842382,0.18618114947094605,13.8148102694105
1269.62207,1285.2241827882629,1286.27478
0,2.828984294807651,0
39.8139657012608,32.2707218788376,32.5903022187092
6.161476159717786,5.329337375228827,6.907173410294186
1909.06702,1922.5376711774136,1925.71985
0,3.7370879915420976,0
45.42610781015099,4.4257803370635065,6.9648440361244655
9.790338250093086,1.9784512818354312,1.0368090605734017
-8.32638100000031,0.14529418282656614,7.99309015
0,0.131209602009451,0
77.63297044252931,0.9357481042373178,66.75360271308591
0.9087030459467343,0.0221184186753927,0.3900944861531865
631.118713,639.9126613171595,647.771362
0,0.014467549245512742,0
89.54940888700202,0.8720777453409664,71.690543323048
0.1128660557320367,0.002162677680103506,0.07239056487044207
1269.62207,1282.2683566431267,1286.27478
0,0.020846242885666763,0
25.306889796500343,13.079005625906087,14.306398947948262
0.04154059276823868,0.06068720456009854,0.04646841365745364
1909.06702,1916.6380576703907,1925.71985
0,0.02130482803636368,0
16.559380676846946,11.631206516768069,18.722577528659393
0.04519710014017689,0.03383768134429939,0.024159139456787694
-8.32638100000031,0.738421913847791,7.99309015
0,0.3597591257439974,0
20.71790353250769,5.345247563903586,15.522381940846298
0.7957294104988375,0.26266144192676394,2.0677747141700578
631.118713,638.7593945140087,647.771362
0,0.7491494654476452,0
62.4020616044822,0.9500091810812098,86.56682117227632
2.1666871548285402,0.18000339997932902,4.077880332802338
1269.62207,1282.5695411633176,1286.27478
0,2.075233740057844,0
32.4785377572489,26.041148503845204,26.8152948172888
4.3230484254395805,3.787698880115963,3.8245377214156506
1909.06702,1922.1861627218998,1925.71985
0,3.276676767681977,0
36.66221533411808,5.52807667655778,8.006193451413553
5.75164774652192,2.752760625140131,1.040991012345697
-8.32638100000031,0.08411719559146391,7.99309015
0,0.2075446914686244,0
78.33962925508504,0.9136007785742523,67.61709230557378
1.3928368985815134,0.03556714340037788,0.34033935914056745
631.118713,639.9141928469052,647.771362
0,0.03622181627331738,0
89.1980855763787,0.8758892893229966,71.37829900532921
0.2497390904675212,0.005879347309745918,0.23266943357891412
1269.62207,1282.2452058075569,1286.27478
0,0.018800400599830343,0
25.259800910650103,13.043213769155956,14.247259831320491
0.03758329431192147,0.032191646260932065,0.05720486202105049
1909.06702,1916.6160135489267,1925.71985
0,0.022470882852636886,0
16.561664629084895,11.684489203806345,18.727071799088534
0.032294917446834104,0.04401217727676995,0.0360026794281025
-8.32638100000031,5.100247697062857,7.99309015
0,2.1882158634662883,0
34.726229079818324,6.3538734962583865,13.431605808261246
4.160577784612357,1.9627798937488572,1.6765049979835414
631.118713,637.9804032446733,647.771362
0,1.1627513696257092,0
83.03009399361436,0.5709835182848796,139.57937625837044
9.646841060653928,0.15659495789340197,26.303327040560887
1269.62207,1296.2685336129923,1286.27478
0,12.865252575424995,0
111.92771411055344,105.1768560842418,109.0397075738061
29.786623369747442,28.587148622888357,26.35768879048448
1909.06702,1923.1911250849,1925.71985
0,8.139903998202115,0
46.44213055949652,4.78936627295487,2.547864164949713
19.608290556468663,4.702585167250467,0.23439962206214776
-8.32638100000031,0.13172979870866008,7.99309015
0,0.13292640513453913,0
79.40877313668534,0.911363039811763,67.62420643180695
0.9849848960203778,0.021083405261609088,0.5564717743530275
631.118713,639.9126859709661,647.771362
0,0.05053068725221608,0
89.24944583222691,0.87507223492722,71.40046549113373
0.35976089442408343,0.008052147671393258,0.30958762909574267
1269.62207,1282.306662938353,1286.27478
0,0.09116234157245387,0
25.379148966162425,13.045105845906804,14.284814202155479
0.1823634648340907,0.11222005969547096,0.12608855828777127
1909.06702,1916.6007100841437,1925.71985
0,0.058082883806810676,0
16.527784456168828,11.660276846096714,18.71393721186439
0.1171792922106019,0.0969342110300642,0.10060336609720363
-8.32638100000031,3.612774847963136,7.99309015
0,1.462335915472789,0
32.34649183279417,5.263138624977113,15.952653552760445
1.7754128615718145,1.459465640353143,2.1117077276853466
631.118713,638.2130010953259,647.771362
0,1.0337952567028004,0
73.8294436327142,0.6881050380882883,114.738312181593
2.043080129815491,0.19967504541274958,10.239807245040065
1269.62207,1287.2242529851646,1286.27478
0,8.754013118024034,0
69.32075022263132,64.518452025509,73.18097099307512
23.30610426175259,22.022358736998378,22.457628017887973
1909.06702,1923.4405591198786,1925.71985
0,6.610972328248391,0
40.093895710508946,6.0726324344329985,3.377375616060502
6.62639253391582,6.4245491679869895,0.9366979178279455
-8.32638100000031,0.13101959031499533,7.99309015
0,3.0505221006546838e-05,0
77.78213911989693,0.930726216247207,67.34354709374882
0.00017182788474396187,5.75258222201787e-06,0.0003261852086923937
631.118713,639.9038724053445,647.771362
0,0.0023191830414288224,0
90.17964591590645,0.8641165350790693,72.49495815820539
0.02033429730504661,0.0003088025743806649,0.010468146602922845
1269.62207,1282.2373175584787,1286.27478
0,0.00014868627620551083,0
25.249079429329143,13.108824801608161,14.352346112504692
0.00029758920298234823,0.00015527978968537284,3.4165297787684664e-05
1909.06702,1916.650735370513,1925.71985
0,0.0003991856496401458,0
16.551016972047016,11.58780404670192,18.685683936015803
0.00020300399152032358,0.0009000947149742434,0.0010421606782684927
-8.32638100000031,0.4245603185265274,7.99309015
0,0.0002460829382612025,0
92.06348722490571,0.8394605760505673,69.07690429410333
0.001758233398527121,3.8475320615484343e-05,0.0017646132442978304
631.118713,639.4351560479628,647.771362
0,0.0009258089897122314,0
77.89217627024823,0.8982950840305104,78.25854221824866
0.006346808561538193,0.00015610600704093355,0.004637116908442234
1269.62207,1281.1568917460131,1286.27478
0,0.00023871642677061552,0
23.196621238319842,12.810208513463518,14.854888757388697
0.00047973332932332467,0.0002778962891111466,4.5589512095973855e-05
1909.06702,1918.500676849919,1925.71985
0,0.00019208955156804197,0
18.882379734772236,9.064116200830984,14.813872718155972
0.00038224320133115,0.0005498213275009367,0.00039356869083702296
-8.32638100000031,0.13109935038408516,7.99309015
0,0.0002089157504887289,0
77.77868183139225,0.9307863728779991,67.33796758813702
0.0013175766967057987,3.736770584987654e-05,0.0015418900337409516
631.118713,639.9139263391534,647.771362
0,0.007605379346988806,0
90.4288736962474,0.8636812535259418,72.34759819739219
0.06665113794405762,0.0010135661605157377,0.03814438972050711
1269.62207,1282.2356474767214,1286.27478
0,0.00044384877388008756,0
25.245724767546854,13.106926427496054,14.351656989871874
0.0008883098430360457,0.00047442995442849376,0.00018593880922990527
1909.06702,1916.6423044603644,1925.71985
0,0.0017485467381302131,0
16.5453034673576,11.597081316524534,18.70247695231067
0.001849942526100803,0.0037190744803586783,0.004351540820827673
-8.32638100000031,0.4244841220698934,7.99309015
0,0.00032304744490378826,0
92.07412234548127,0.839347059768079,69.08739361436187
0.0028182185485515375,4.339019416871633e-05,0.002764426985425566
631.118713,639.4348983464529,647.771362
0,0.0011689024380285152,0
77.85677721216673,0.8986568064810612,78.23254645044777
0.009211554611779797,0.00017420614857243356,0.00675524397159484
1269.62207,1281.15549701005,1286.27478
0,0.0003514158761863252,0
23.19391255967267,12.809167631161607,14.85512871762894
0.0007064806722987287,0.0003990803237568871,6.309323577153462e-05
1909.06702,1918.4996995482757,1925.71985
0,0.00028556621947976835,0
18.880187712876847,9.066023598452702,14.816126991085243
0.0005700981906651527,0.0005862563095202411,0.0005866845489419563
-8.32638100000031,0.1305936910074479,7.99309015
0,0.004884691072860366,0
77.77497964136091,0.9307190988556037,67.34490540432711
0.03158481544029445,0.000861274151802913,0.023341050243040243
631.118713,639.8889581035467,647.771362
0,0.043901241667985286,0
90.37556057254328,0.8592534889137564,72.704112931937
0.34480372571808565,0.006508719514500301,0.10657017519961841
1269.62207,1282.242167814006,1286.27478
0,0.001747613681493254,0
25.258857642631256,13.114818888781526,14.34954277020661
0.003494824888195709,0.0026109493113584525,0.001958477430907498
1909.06702,1916.6222284386747,1925.71985
0,0.002543205460118902,0
16.50471820315088,11.572036222852713,18.665493242929035
0.005039744310352725,0.004291859864380137,0.0025076878738766245
-8.32638100000031,0.42525721226962077,7.99309015
0,0.0032542038627708866,0
92.06947061876609,0.8395399496272156,69.07168418352379
0.023898812797898086,0.0005010683407867267,0.021477553200446947
631.118713,639.435871006786,647.771362
0,0.0033457579144526173,0
77.87921351649555,0.8986044426261314,78.23127741867351
0.023278409220956225,0.0005584003042213642,0.014882806528422438
1269.62207,1281.162522139059,1286.27478
0,0.002975469315744739,0
23.207830631654645,12.815862131069702,14.852824903376288
0.005970146600203352,0.0038068435678031555,0.0004918498592823225
1909.06702,1918.4944542039111,1925.71985
0,0.001153201698680282,0
18.86977218871432,9.059972845163106,14.803428670627508
0.002306720190241989,0.0015243841514886427,0.0033808428654485737
-8.32638100000031,0.13118636609852885,7.99309015
0,0.005918144197557798,0
77.78314886226596,0.9307509945917685,67.33908208295077
0.03702291319280611,0.0010632077270163296,0.03976504177157335
631.118713,639.9129375940756,647.771362
0,0.0056977885655670486,0
90.44182579914414,0.863359120540948,72.36419475770172
0.0559963386784331,0.0006296865009321237,0.07130103259448801
1269.62207,1282.2355443867812,1286.27478
0,0.0025028794773959916,0
25.24552447497352,13.10690105862593,14.351465387725698
0.005007517089639745,0.0031671840400089714,0.0035126198500816867
1909.06702,1916.6402343571372,1925.71985
0,0.005069114660195834,0
16.54145801941696,11.595091001562864,18.700842230651855
0.010984622475543838,0.007834846422998937,0.009679223465587776
-8.32638100000031,0.4246252741303156,7.99309015
0,0.0033587268876634283,0
92.0701771180313,0.839411024249784,69.08135099628976
0.025454610418523323,0.0005072883810892981,0.022436881121608816
631.118713,639.4349752213085,647.771362
0,0.002440493781629944,0
77.85678416413327,0.8986735350993887,78.23053951762941
0.00908443207416728,0.0005007848316038246,0.006872785572727883
1269.62207,1281.15587372073,1286.27478
0,0.0021591186754699124,0
23.194570162909674,12.809057746689946,14.854529387657635
0.0043233611954155695,0.0030527685595057234,0.0021186176599025885
1909.06702,1918.4991212949042,1925.71985
0,0.0014318721795562046,0
18.879003871559924,9.065788197394452,14.816039990676302
0.0028647857048660617,0.0017294663802555944,0.0037205357794836357
