-8.32638100000031,0.19490601433857968,7.99309015
0,0.4771777268428519,0
82.46921970180651,0.8900846067580817,69.21691676284539
3.2699176143465367,0.0794402062971831,2.7191076242795793
631.118713,639.3558463386355,647.771362
0,1.2466785645014236,0
46.863579115465186,1.4955547796444217,48.92407610936527
5.237739992028286,0.3571825612091196,3.7193363397025805
1269.62207,1282.8285930811446,1286.27478
0,0.02616062929122529,0
26.57655669419276,11.816514256929976,12.82170953686398
0.05141582301627685,0.05537271603740312,0.03899885403236608
1909.06702,1917.7249933861187,1925.71985
0,0.0713169993102819,0
17.7289206714343,10.766604885629631,16.705141027258023
0.14536297471347456,0.09360315065652557,0.06899029154080018
-8.32638100000031,0.2813648006954814,7.99309015
0,0.13120252958354975,0
84.32111545442217,0.8880567114003001,67.85592254649589
0.9518510379448503,0.020942204056009186,0.4705111687844645
631.118713,639.3867181297544,647.771362
0,0.1502614690615699,0
73.08556500712147,0.9476277170325733,75.1360123978936
0.952779800486828,0.027276080791839224,0.8846676153079674
1269.62207,1281.6059549061945,1286.27478
0,0.04974472122927726,0
24.006321732403904,12.68314125930582,14.402018177507944
0.0993582630629079,0.08509490250123079,0.052055838427368495
1909.06702,1919.390683361285,1925.71985
0,0.04560884393369807,0
20.816795720921334,9.08298440628724,13.493637026997902
0.09184447535866065,0.04404905536911852,0.048376842605713476
-8.32638100000031,0.1952539285721091,7.99309015
0,0.72910815615115,0
77.42695521030862,0.9495386364911123,65.00247205095627
4.664543578400592,0.13008058338406214,4.058407005251254
631.118713,639.2583004937259,647.771362
0,1.2797430626776167,0
39.89833522872571,1.7360842966506955,43.58676638430347
4.682210271109339,0.4317106083240335,3.1251762263885294
1269.62207,1282.8482664415556,1286.27478
0,0.07823249235046005,0
26.627466593920246,11.789521372074498,12.786307094166743
0.15606610140836258,0.11458967483077681,0.0699909881477863
1909.06702,1917.7675392447763,1925.71985
0,0.19159447762200793,0
17.80132163610203,10.777553960790526,16.658109579795315
0.38847269051584765,0.2635585779125607,0.23073851957392805
-8.32638100000031,0.29109146851734025,7.99309015
0,0.14815783937149637,0
84.98774381192224,0.882956056696614,68.06867189474016
1.1778179996024818,0.02189666681061716,0.583043182217592
631.118713,639.3889590940375,647.771362
0,0.1545167229862104,0
73.10710613085814,0.9478615084434767,75.07920544775854
1.0043654838119935,0.0275899497957682,1.333385967182544
1269.62207,1281.7217673684393,1286.27478
0,0.06777021591289009,0
24.224808766706154,12.667078646370834,14.30402766573314
0.135543662070668,0.09748094443076244,0.06997781833310034
1909.06702,1919.2793577988452,1925.71985
0,0.07495979002666796,0
20.58940705024854,8.995058438002184,13.607864913581317
0.15105727161818974,0.06843363085308839,0.07914252472656111
-8.32638100000031,0.19072469612225085,7.99309015
0,0.7075034487346114,0
83.99970695798093,0.8726531996407402,69.30200878882235
4.982877077455121,0.11489034133782805,4.520204930354517
631.118713,639.5410213773825,647.771362
0,1.376093239235915,0
61.11730801786928,1.1835615591388637,58.71115663266747
7.095431453937994,0.30976343684521135,5.937657435741367
1269.62207,1282.9142130347743,1286.27478
0,0.09659434876162566,0
26.781184332869845,11.769823178921069,12.831206363960538
0.19129045385177706,0.16838476204251132,0.08721580004002676
1909.06702,1917.734485870116,1925.71985
0,0.10023238430339768,0
17.86615587485595,11.095233534634977,16.653431056442514
0.18094412933314546,0.22415165329849843,0.1051817143267269
-8.32638100000031,0.2942083049596125,7.99309015
0,0.17129483444988097,0
87.29092032503817,0.8598126527144556,69.39608700985646
1.214629948888234,0.027389214687730853,1.0540237299337585
631.118713,639.3970590284149,647.771362
0,0.44463758100927125,0
79.94733203507971,0.8665955325796337,81.38319220258126
3.062037176112953,0.07386426259649612,2.7822139774232797
1269.62207,1281.5886293788174,1286.27478
0,0.09265871470438164,0
23.95429270128844,12.480625583568038,14.371702457990768
0.1848466794253498,0.2059409037757703,0.06911846895847022
1909.06702,1919.557442684394,1925.71985
0,0.06325462591826829,0
21.146945224308947,9.250840772701372,13.656599008414888
0.12707343151655762,0.06938200781951902,0.12408617282559196
-8.32638100000031,0.16023780342618466,7.99309015
0,0.5846843704000402,0
81.64592695676055,0.8918772366750839,67.1932727750472
3.9495245363264497,0.09843887354669001,3.855052967645274
631.118713,639.5815737706038,647.771362
0,1.116681643945378,0
56.49141132897169,1.2976097009090783,54.90976245806228
5.367484238306847,0.2727919135641368,4.41739225145332
1269.62207,1282.9581994845175,1286.27478
0,0.12778332834141284,0
26.89663920103603,11.714840310230379,12.834345276531545
0.25117753993072456,0.24574166206255446,0.17168513653489043
1909.06702,1917.8118865358026,1925.71985
0,0.1757104549810804,0
18.150786817618837,11.502341038170522,16.401785090782276
0.3375390268039538,0.321315366379582,0.33441547207352795
-8.32638100000031,0.2888083153728527,7.99309015
0,0.15339258759379018,0
88.73182004315186,0.8445074120224138,70.49983797160395
0.9816515599973071,0.02556025272333266,0.559681211319241
631.118713,639.3895954248453,647.771362
0,0.3396100435717517,0
79.04033163692145,0.8751660095201614,80.30480054803834
1.2210677133314252,0.06868722143488361,1.11487106577465
1269.62207,1281.7385394393334,1286.27478
0,0.09938986702020931,0
24.245369102736973,12.510819911371277,14.42893911408201
0.1985371913986461,0.20932503885322643,0.08695138471860364
1909.06702,1919.3964119998172,1925.71985
0,0.11836583965532513,0
20.818878299373576,9.120996552927398,13.64762032716935
0.23834407097743648,0.11216086805904302,0.07889332491216743
-8.32638100000031,0.2349447065123087,7.99309015
0,0.029852015124993664,0
89.61511105971641,0.8255053876884699,73.73709166599609
0.24099756772998063,0.0043138240101776235,0.09081150821923678
631.118713,639.5185931630637,647.771362
0,0.053777495624647,0
68.3513516813673,1.048363356667434,66.01474034518773
0.32960004237256435,0.010296126905034828,0.16541431937063725
1269.62207,1282.8989204050474,1286.27478
0,0.007637950727103592,0
26.711608776791827,11.905716741705483,12.862943872534823
0.015237371645103633,0.011319179014413688,0.005915808996360919
1909.06702,1917.7852010058828,1925.71985
0,0.007333729830403018,0
17.92614037453348,11.043922688174526,16.744723747043395
0.013595615958321209,0.015710439293564193,0.009451765625034227
-8.32638100000031,0.2996579748104242,7.99309015
0,0.13497944357943503,0
85.56776273144348,0.8786077558143812,68.24592069242948
0.9883612820929819,0.02131546402698773,0.5029611776754621
631.118713,639.4082158936852,647.771362
0,0.015135164399666688,0
78.12730209334515,0.889668088749691,79.50575166667343
0.09889466634278915,0.002622635189887423,0.11768553680545439
1269.62207,1281.6359861253407,1286.27478
0,0.027468711109521933,0
24.064155639902978,12.692922732653292,14.38831547544309
0.054789063333897166,0.054114660338721914,0.03654321268511971
1909.06702,1919.3831067226433,1925.71985
0,0.02228269370562012,0
20.801458401910892,9.07652278105363,13.500599987553677
0.044887809163117014,0.02101399753456572,0.023267891808421377
-8.32638100000031,0.2510969472027824,7.99309015
0,0.061192047762525625,0
90.37460397582547,0.8215592012528139,73.77893921414821
0.5006583116662583,0.008733794328317295,0.12403030053597322
631.118713,639.5106862496256,647.771362
0,0.062442137480996786,0
67.95444884400845,1.0526657400597093,65.87760984051928
0.38044555658223866,0.012026287275826435,0.19557706209575998
1269.62207,1282.9011249990351,1286.27478
0,0.01722562910087491,0
26.713803394754507,11.916929028888196,12.872053213765144
0.0342887734126528,0.027603317779085968,0.018114128219092782
1909.06702,1917.794039312927,1925.71985
0,0.019383428851195823,0
17.944806279854795,11.05642617655127,16.738230629898723
0.036784041152996876,0.03860575896484608,0.034333428859248206
-8.32638100000031,0.3276553345965496,7.99309015
0,0.20150183897125423,0
88.35703684001803,0.8559014064149129,69.50919174871828
1.8467057878497586,0.025194309482383367,0.9637090095921393
631.118713,639.4090045441233,647.771362
0,0.021906207286100286,0
77.9195540759973,0.8922673615829388,79.26457076199235
0.1783924055318843,0.003137999736383222,0.21412303409039712
1269.62207,1281.7155234655245,1286.27478
0,0.04737591580155926,0
24.211796087826052,12.65467006106661,14.29753915318774
0.09475867875839973,0.06734670179788942,0.06252310679670015
1909.06702,1919.3326986064594,1925.71985
0,0.03668209500343729,0
20.697941343278714,9.038613197004219,13.552381444701176
0.07393369428406174,0.033164566148701384,0.039276195115845784
-8.32638100000031,0.20971611678069912,7.99309015
0,0.12013331677181556,0
90.25914240642304,0.8146386973549709,74.05016152440413
0.9149937323081606,0.01805117768129596,0.19597690111405008
631.118713,639.5456491916923,647.771362
0,0.067679299545827,0
68.86956402121679,1.0470453616639845,66.00716611888924
0.41796591960047924,0.012866698477954934,0.31086693521141673
1269.62207,1282.9794487734991,1286.27478
0,0.06014895427822875,0
26.904592628273285,11.857082088834053,12.847189349789861
0.11994144664615718,0.08854989095173663,0.011065485201303392
1909.06702,1917.7817880930986,1925.71985
0,0.02138388597191821,0
17.939509833485452,11.093270951515958,16.711682028318826
0.04185863245146544,0.03751566108294418,0.03716494540565996
-8.32638100000031,0.2585993368583974,7.99309015
0,0.4838698363160349,0
89.00734987483338,0.8358928143113333,71.23127502210028
3.60156848832443,0.07435858699643065,2.248233406584619
631.118713,639.4094429502491,647.771362
0,0.030792630951074058,0
77.9796111350544,0.891659482899691,79.25650424429222
0.2038740033232876,0.0052997504730252975,0.26065153436864835
1269.62207,1281.6624258909,1286.27478
0,0.07503711176773865,0
24.102227162455208,12.560199593716401,14.425598427959507
0.1497104404580599,0.16410565043877431,0.05419388284865574
1909.06702,1919.4471372630746,1925.71985
0,0.028098656130067866,0
20.927280898437015,9.144194711289092,13.610586989121494
0.05638448606659569,0.03260545948604751,0.06608743120080703
-8.32638100000031,0.22601821863199234,7.99309015
0,0.14328648031656963,0
91.19682550022694,0.8092208291282441,74.37742571588059
1.1351109835426512,0.020901401825969317,0.4591433946889115
631.118713,639.5147876085654,647.771362
0,0.080722271193129,0
68.04855420331513,1.0522076570839989,65.61253003497939
0.5107503809485049,0.015079179880841372,0.3520660838719365
1269.62207,1282.9684639322013,1286.27478
0,0.08879063398590294,0
26.88723266789063,11.829742379504799,12.86185863660236
0.17799831557747745,0.10679192383131676,0.06228759006551907
1909.06702,1917.8238523736788,1925.71985
0,0.041239242668188195,0
18.02172497560299,11.135369384320873,16.734466304272036
0.08371477648875747,0.05880111904511206,0.07406781850779552
-8.32638100000031,0.2983383339863579,7.99309015
0,0.4220879898515888,0
91.21666165496833,0.822908452796227,72.01868218562973
2.7585987615076846,0.06858219287251124,1.4710364432101355
631.118713,639.4068509830088,647.771362
0,0.023731962481829592,0
77.84499453243791,0.8926726253738544,79.18257504221239
0.08599684433733291,0.0048724950688424536,0.1662242653286642
1269.62207,1281.74511645123,1286.27478
0,0.07189343262407859,0
24.262668507948376,12.579681801047418,14.401963435205593
0.14348639212091888,0.16264070474287748,0.08649520471589985
1909.06702,1919.406059379537,1925.71985
0,0.05879133131118479,0
20.841894984964103,9.116949275669292,13.591068754942679
0.11839043228585987,0.055995660693970155,0.05177525402674098
-8.32638100000031,-0.43350290236436617,7.99309015
0,2.5523912650721954,0
15.848127557809615,7.221737566942063,17.324578952152066
5.054764812108796,5.261911082887372,6.567467153142474
631.118713,639.4350856105656,647.771362
0,0.22831898560174937,0
81.56719587819245,0.8569175428989041,81.95664930078817
1.6740525470787149,0.036153056726557616,0.9445822856072711
1269.62207,1280.9069907405235,1286.27478
0,0.05810619506248865,0
22.59603218047739,11.841828057185651,14.284599013367817
0.11317842872252125,0.2857232196222629,0.23611658609833905
1909.06702,1918.1898064333652,1925.71985
0,0.2457854748034652,0
18.272900589696647,9.635941717636518,15.532200588663672
0.4918811057957046,0.319608764517062,0.37781561254988444
-8.32638100000031,-1.218330074521151,7.99309015
0,0.6553441463283542,0
32.61947913229201,1.630392960921938,54.322536700897274
2.665961246173468,0.1983048493065016,8.270818374284055
631.118713,639.3357749235241,647.771362
0,0.08811673016117622,0
76.85480448359482,0.8888202707390771,80.95000162927019
0.6109690417810807,0.014748229246797388,0.5664733798525333
1269.62207,1281.0968932664916,1286.27478
0,0.08993994174772056,0
23.252332624088364,13.495972215899325,15.485377317881966
0.1669730897210609,0.24152110420582773,0.20407408774640748
1909.06702,1920.0385909851066,1925.71985
0,0.15418360229762892,0
22.33239692681741,9.090477325346374,12.6440751807453
0.3074502981202206,0.20596313986274847,0.17209177198744133
-8.32638100000031,nan,7.99309015
0,nan,0
nan,nan,nan
nan,nan,nan
631.118713,639.4554691020414,647.771362
0,0.19006256781483996,0
82.3981417591477,0.8522997691711779,81.99315524663358
1.4124048188746332,0.029729857043984318,0.807178054079483
1269.62207,1280.9963918652616,1286.27478
0,0.0949802963522916,0
22.751947886608285,11.569843136743284,13.987542581860971
0.18963375869123913,0.35362383661785973,0.2886408704622468
1909.06702,1918.3723857047426,1925.71985
0,0.22674003662614003,0
18.634517701713733,9.787877162094931,15.31511577853729
0.45378665238753363,0.2845622521035132,0.31965457624001564
-8.32638100000031,-1.1110804624532529,7.99309015
0,1.130816389981046,0
28.99616393496037,1.9229549745370418,45.65083051751971
4.328091754949592,0.3485849151230146,4.239271741438876
631.118713,639.2873290121174,647.771362
0,0.328907891747859,0
75.94566457439677,0.889012306534657,81.86087239723145
3.0081081983233684,0.03754469967287651,2.809216360679667
1269.62207,1280.8905790159258,1286.27478
0,0.4079295283900166,0
23.125030614344126,14.15335779304075,16.221546998058418
0.8301382036150207,0.5573319864197606,0.22242203318680262
1909.06702,1920.4746513176246,1925.71985
0,0.19222815354943365,0
23.48846174867478,8.95265308554295,12.04559808104941
0.3875804516189826,0.21722489983085205,0.26738365298321026
-8.32638100000031,-0.4419493866300721,7.99309015
0,3.5122592705693663,0
346.70260170183496,0.17939422389153786,388.9376650511903
108.12020146003084,0.12715855660000377,122.79180734476915
631.118713,639.5223129579431,647.771362
0,0.06675730473087602,0
89.35017259136565,0.7974969900524912,86.39290004440367
0.508184371190169,0.01001241743811328,0.574089498328497
1269.62207,1280.7000072225612,1286.27478
0,0.10774371721783987,0
22.18776206061579,10.499319672990596,13.215217077693715
0.21403094645472243,0.27562880809689083,0.09901560572584649
1909.06702,1919.422736332335,1925.71985
0,0.09951137236422342,0
20.724121057456863,9.999517227534506,14.062301358204714
0.1990134491447434,0.14094332507012847,0.21314061699562642
-8.32638100000031,0.015841931803986853,7.99309015
0,2.0926948698794616,0
47.90687780589484,1.4996073405322115,42.30605460438949
8.61462450083659,0.6054735745005789,7.345446225611633
631.118713,639.4114804497948,647.771362
0,0.11827708161262897,0
81.73272373045701,0.8502458602558913,85.94559725128758
0.8014889080953898,0.01965475310017508,1.8425671816229598
1269.62207,1279.488033382049,1286.27478
0,0.40746295669731836,0
20.76723956596119,13.62126187894697,14.719870370010577
0.59733507747393,0.973347332321929,0.23163735361194882
1909.06702,1920.1599449470802,1925.71985
0,0.42713592635230724,0
22.81443505671008,8.747964276471338,12.944134093344744
0.8318782385176666,0.6554457420520136,0.3800198858447812
-8.32638100000031,-0.31512209199010144,7.99309015
0,2.0896267887232716,0
342.4412183952636,0.1875225017618034,371.5797490112916
63.393548525683364,0.0771990304771226,67.20342701199779
631.118713,639.5235100715391,647.771362
0,0.06235045662308458,0
89.1830350058274,0.7992485573691469,86.24334684173442
0.4686640794164663,0.009433025548910054,0.4193292905691136
1269.62207,1280.7785698031266,1286.27478
0,0.21989764582896557,0
22.343357474352565,10.58951213772935,13.220115969850914
0.439850544507459,0.29534892247134287,0.22319275587924367
1909.06702,1919.405606026387,1925.71985
0,0.15194590203605726,0
20.68816302908033,10.00694451798437,14.206386932670213
0.30401873054668105,0.16299483181100566,0.3146057026413524
-8.32638100000031,-0.002716468249795767,7.99309015
0,1.8220070774756256,0
42.591636304844926,1.6940713031254702,37.99621964876296
4.28111580078716,0.708080359470541,4.573458310319154
631.118713,639.3591047018336,647.771362
0,0.11902151726000962,0
81.31579007750929,0.8438224816456383,87.35422867526452
0.8196923913604538,0.019586088278252006,1.1427379531550772
1269.62207,1279.2700141422574,1286.27478
0,0.44218809365560097,0
20.765778757888484,14.21975863437503,15.553195058865068
0.5472916000789456,0.9838461456328723,0.6774539733050561
1909.06702,1920.5835144919083,1925.71985
0,0.43425683020102784,0
23.94416379467956,8.700828380038617,12.338559948292511
0.8393362586433344,0.640621785933597,0.6808167897379813
-8.32638100000031,0.24276606850024507,7.99309015
0,0.00027414622252865773,0
90.47812951219464,0.8189938587566112,74.16206320426387
0.0018221457209597238,4.427908967662274e-05,0.0029436915771136507
631.118713,639.5241542779535,647.771362
0,0.0033251466238017114,0
68.97846945105901,1.0399317600633005,66.4446421069363
0.01946091730437393,0.000655094968948496,0.017449005995929998
1269.62207,1282.8954394351908,1286.27478
0,0.0005184094371913423,0
26.702586679845076,11.910912249515645,12.869692130489254
0.0010209625030075855,0.0010759479534070845,0.0007054988270890796
1909.06702,1917.8233018776623,1925.71985
0,0.0004006855427121502,0
18.006493266061092,11.097519207003769,16.71638515806652
0.0007277633229039711,0.0009046140068628281,0.0009375035895375726
-8.32638100000031,0.31158104545257537,7.99309015
0,0.0007796867717158779,0
87.23973254214812,0.8638334194670273,69.1705008966572
0.0057928895372050355,0.00012113848158761892,0.00304627043808071
631.118713,639.4099251076508,647.771362
0,3.564158335082981e-05,0
78.13575232125575,0.8899407857532974,79.44980457676232
0.0003319257816690942,3.961819266415305e-06,0.001131573086699681
1269.62207,1281.6638298742103,1286.27478
0,3.2373653406937304e-05,0
24.114985377471207,12.673243507469383,14.35086147912794
6.407825711447251e-05,0.00010197388588250567,8.118758202218676e-05
1909.06702,1919.3614725083971,1925.71985
0,8.142015134652952e-05,0
20.75514864164944,9.066736292463629,13.52577899870776
0.00016178302463597363,0.00012932819505250996,0.00011229952690324754
-8.32638100000031,0.24313253202235785,7.99309015
0,0.0007332682613935761,0
90.46144653345921,0.8192183940510033,74.13525178530617
0.005117842128795434,0.00011582667957817051,0.007012245367421788
631.118713,639.5248464098554,647.771362
0,0.00863476945578892,0
69.16932578551172,1.0371469116690175,66.6064710005458
0.05074638298529181,0.0016947806693365882,0.04561110640301953
1269.62207,1282.8917539108616,1286.27478
0,0.0012307920296317986,0
26.693280637033347,11.915453154768725,12.875959443444241
0.0024242117492823587,0.002558814663448829,0.0016816488049646674
1909.06702,1917.8278175629098,1925.71985
0,0.0010034788968923383,0
18.012470252652903,11.094463373522643,16.708451095469947
0.0018067937172266185,0.0023172640226105986,0.0022522191404652277
-8.32638100000031,0.3118799175916074,7.99309015
0,0.001126110985035223,0
87.27427754845016,0.8635449490555381,69.18771353792593
0.01004945130381077,0.00014579408215532243,0.005361375257719522
631.118713,639.4097147557869,647.771362
0,5.607162299106781e-05,0
78.13391789798257,0.8899164835552439,79.45587850459512
0.0005259089739082194,6.105944589035554e-06,0.0015838601315529609
1269.62207,1281.664099857932,1286.27478
0,7.198184685544552e-05,0
24.11546427867423,12.67289166716617,14.350359757854928
0.00014381472349590753,0.00012237606142630482,0.00014950129479685415
1909.06702,1919.361055232474,1925.71985
0,0.00013582325962607035,0
20.754136877168072,9.066958515088896,13.526477200970936
0.0002724236732577094,0.00016092342421410646,0.00019067508111655237
-8.32638100000031,0.2402327502461219,7.99309015
0,0.0018436418740212465,0
90.45832346067172,0.8186877440906033,74.17664087755446
0.016942893144044287,0.00023279161351851565,0.007411928017849024
631.118713,639.5315700482707,647.771362
0,0.0067051496713127524,0
69.24630689875214,1.0376418250997201,66.58765976834286
0.03332173516917859,0.00142897552966776,0.06647555002639932
1269.62207,1282.8814683535115,1286.27478
0,0.0008598424754272544,0
26.672615714117324,11.906111170887046,12.85964869090329
0.0016256841026435727,0.002817267080415925,0.0032204654874039658
1909.06702,1917.8346583261514,1925.71985
0,0.0014178892717857025,0
18.025628667478323,11.100717683095901,16.741824385473972
0.0019315776417747365,0.004615286335688297,0.007526101626092951
-8.32638100000031,0.3121433340746176,7.99309015
0,0.004041133436278406,0
87.25823597567032,0.8637601181056369,69.17439594593458
0.028682059932062357,0.0006465059115946223,0.022530925347045885
631.118713,639.4107332700827,647.771362
0,0.0007599836256236628,0
78.14513049996694,0.890006992910733,79.4456110224296
0.005815165798401622,0.00011691438909858686,0.005026390657353562
1269.62207,1281.6663253926258,1286.27478
0,0.0008950660844058577,0
24.119879183300245,12.674801357781423,14.350233868685757
0.0017895199340211352,0.0013758851742213662,0.00069356778965027
1909.06702,1919.359262214213,1925.71985
0,0.00046023421805017824,0
20.750609253317535,9.065077051030032,13.524333511316375
0.0009083793519473861,0.0008375800093774524,0.0006161421623452151
-8.32638100000031,0.24343211513565421,7.99309015
0,0.0073273235477067725,0
90.47855989550268,0.8191183838549283,74.14527336395193
0.05880733700940836,0.0010616150347401948,0.041980729484791354
631.118713,639.5255838199886,647.771362
0,0.0022108666914607217,0
69.19098815514386,1.036996890013918,66.61677574857566
0.01627942814857886,0.00034748919836957444,0.017707608049540816
1269.62207,1282.890665612288,1286.27478
0,0.003819081097946584,0
26.690868879583977,11.915402669393284,12.874472760768072
0.0076734304333010775,0.003829289039881129,0.005624671071481107
1909.06702,1917.8284099848793,1925.71985
0,0.003457015222659097,0
18.01346894432266,11.094630874015099,16.711809743314838
0.007090653106505375,0.004480759761830069,0.00907921269780987
-8.32638100000031,0.3119816090969234,7.99309015
0,0.0029860527271661666,0
87.27848241401003,0.8635230417080663,69.18971191922236
0.008164176474652264,0.0005861138099405586,0.013446816308283451
631.118713,639.4097972834318,647.771362
0,0.0006406436956142091,0
78.13469071364636,0.8899253990218964,79.45535128243417
0.004355825973134607,0.00010836302057189485,0.005909336362010758
1269.62207,1281.6642745114393,1286.27478
0,0.0016399113535988307,0
24.11582286415401,12.673166345490586,14.349919365236275
0.003282492901286168,0.0019960156315813635,0.003374501082795661
1909.06702,1919.3606655435378,1925.71985
0,0.0013724694335916438,0
20.75337313287402,9.066539428868383,13.526379173973437
0.0027605996591662896,0.0014137676262317657,0.0027993293758821164
