-8.32638100000031,0.12286830620336175,7.99309015
0,0.4270593267346841,0
84.95660906039731,0.84878925651438,73.82929875367769
3.140991214967214,0.06691695397522518,1.9641350496846546
631.118713,639.4959634727351,647.771362
0,0.732617020828537,0
53.1206678082191,1.3557110818007247,51.89606683071895
3.386012674563097,0.1877786026180108,2.660280065001168
1269.62207,1282.090470778415,1286.27478
0,0.017915849356922624,0
24.942670418007495,12.2008099344811,13.6359471504232
0.035826556876402314,0.028697085443369123,0.02123260484697949
1909.06702,1917.579463871674,1925.71985
0,0.026046279185460246,0
17.630994003461176,11.107065617138009,17.073407901833576
0.050181786636196296,0.04754535042507948,0.04569808159559535
-8.32638100000031,0.3544709907540575,7.99309015
0,0.0905046169485814,0
86.90716624138524,0.8759282446715769,67.48961869937696
0.6557430001322166,0.014346863900243189,0.44594008608060864
631.118713,639.3606336258792,647.771362
0,0.319795626029177,0
71.29385296838566,0.9658925871742104,74.20755188009672
1.9601819132112195,0.05984142010043328,2.027439484266784
1269.62207,1281.4579598979767,1286.27478
0,0.05965278144317994,0
23.744737110649467,12.802339219611193,14.615022189601401
0.11881438839125234,0.11111964032280501,0.07351820233662551
1909.06702,1919.0111754837794,1925.71985
0,0.04941609709282177,0
19.934348199989213,9.290172435283079,14.135242592060127
0.09903234389702609,0.04934104828199311,0.053884615140047255
-8.32638100000031,0.12181740587668699,7.99309015
0,0.5408619984201813,0
81.18449733134923,0.8888659957949625,70.60047641539225
3.7509369030793693,0.08962820446564483,2.7368210437676304
631.118713,639.5739029865144,647.771362
0,0.93649699907742,0
48.92340342491719,1.5077344527179726,46.12195244730059
3.810487981151637,0.2719285175900327,3.775166665922966
1269.62207,1282.2642065858133,1286.27478
0,0.16728489434420496,0
25.291214511084238,12.34935498625545,13.654377820181281
0.3346232312130403,0.19594179498211403,0.06576997133708301
1909.06702,1917.4051872294426,1925.71985
0,0.09183195864513388,0
17.355896693591525,11.08247631783351,17.322748264007984
0.18707111037088806,0.13619403144581282,0.1347173127077326
-8.32638100000031,0.36842419909528523,7.99309015
0,0.10965927953617781,0
88.82456114068682,0.8594272997632726,68.50456640471694
0.9286682880808872,0.015187202066941248,0.756671101489036
631.118713,639.3757646970449,647.771362
0,0.28036500744354403,0
69.09121224444141,1.0013070592809594,71.39854015031584
1.2988797686739062,0.06047408525706656,1.8048337430710217
1269.62207,1281.6681094770863,1286.27478
0,0.12824772927770298,0
24.12862278946293,12.728045035224634,14.396860863508099
0.2566906555279459,0.16281522144328964,0.14042277432523195
1909.06702,1918.9030326962989,1925.71985
0,0.07603171588062879,0
19.722803438725897,9.154225568111181,14.232884021107532
0.15243580296162357,0.07281018048013761,0.07752619906944958
-8.32638100000031,0.1731980315539019,7.99309015
0,0.5688418558102794,0
87.77104799237387,0.8309496433232981,75.0628898821848
4.130399765479809,0.08890917222507744,2.876476842559116
631.118713,639.5599774447899,647.771362
0,1.397953292593779,0
79.75138158456244,0.9037037921968328,71.59343758552545
9.586681051445659,0.23490628335948213,7.086074451226148
1269.62207,1281.8773733251871,1286.27478
0,0.0519859054865213,0
24.513207827236265,12.07805447236435,13.395144393134755
0.10395730090195394,0.09422494632249712,0.07139441164530606
1909.06702,1917.5180158199705,1925.71985
0,0.17294212848969265,0
17.749324651710037,11.583961321682041,17.13232713098884
0.2954545914264803,0.36829681004229675,0.1697283228878952
-8.32638100000031,0.3490429159803412,7.99309015
0,0.1947343956464387,0
91.3348878636929,0.8316049729692548,70.40088721908415
1.4120603810136783,0.03019188304277123,0.8549277648925537
631.118713,639.3307084250205,647.771362
0,0.24557121723077222,0
76.71493717638893,0.8893684544304572,78.82423778043724
1.6103491447939102,0.04263781137139651,2.312334103138983
1269.62207,1281.5572165460833,1286.27478
0,0.1711852393865851,0
23.89738193004575,12.517455152653541,14.783572669278978
0.3412967154981263,0.3766001023100255,0.14214491501300677
1909.06702,1919.252976157084,1925.71985
0,0.04326373788005481,0
20.42757269185876,9.460308618152549,14.412122787952336
0.08640627456407655,0.06644732003093018,0.13633464165678855
-8.32638100000031,0.2052386177152492,7.99309015
0,0.4134191751957307,0
89.85029956118893,0.8175478336799409,76.6687917660401
3.052782144395202,0.0634228509255001,2.0600472271685963
631.118713,639.6633591479784,647.771362
0,1.350448642677385,0
81.78824888373785,0.9026448984349411,71.52893371669
9.855641406697849,0.2160731601551347,6.950757426729357
1269.62207,1282.1120947454774,1286.27478
0,0.2967496139473306,0
24.98157634542878,12.352690261859838,13.507556349074344
0.5935330164338353,0.3035991633209701,0.18129879172036154
1909.06702,1917.3030804320385,1925.71985
0,0.21866206955505638,0
17.295036120588136,11.283210979228576,17.14737329767757
0.4315641965021529,0.3656834792813307,0.17072814815946755
-8.32638100000031,0.3334635010483069,7.99309015
0,0.18582578976004854,0
91.77060162691379,0.8245870601319707,70.50035871159608
1.2946226715257516,0.029316690548632767,0.5980965387270566
631.118713,639.3441758125517,647.771362
0,0.24556116262457342,0
76.28395145096954,0.897485209936065,77.64687944063147
1.583981357113372,0.043192651179542636,0.9734407978245352
1269.62207,1281.65630602426,1286.27478
0,0.18265705999622517,0
24.087065642769982,12.516656623554526,14.507400992504905
0.3646641607087538,0.3818930600252754,0.16492710848816503
1909.06702,1919.078031507323,1925.71985
0,0.12092209984749248,0
20.073670263398945,9.317315805229244,14.338031101578862
0.2423510736301802,0.12403259792027756,0.08527295744964963
-8.32638100000031,0.1603762984405197,7.99309015
0,0.021429623397287722,0
90.83451332586398,0.7999712979078025,77.49210874180564
0.14198805139654053,0.0034367880616917516,0.2778913515273744
631.118713,639.6560281801288,647.771362
0,0.07986528933050265,0
76.41429806685187,0.9660361771005747,69.1403444841352
0.5233530628541916,0.014117735565517662,0.3429147946009987
1269.62207,1282.0876384975932,1286.27478
0,0.011763847410184993,0
24.933951598466447,12.279658927392983,13.707408957090504
0.023527259536231547,0.017183850143982823,0.008948373181541383
1909.06702,1917.585014795397,1925.71985
0,0.0037532945793083486,0
17.690965018163745,11.230084254460333,17.12280299408972
0.004430323018541363,0.011384105298163326,0.01027586055243159
-8.32638100000031,0.37454776399810363,7.99309015
0,0.13921911419589084,0
88.25576634579528,0.8663077049985576,67.86639128971908
1.0375886906117353,0.021551598916368705,0.5356000897055958
631.118713,639.3989549731024,647.771362
0,0.021974176755897017,0
78.36891031512474,0.8848583077012873,80.10343975128035
0.14121306530593886,0.0038349260754236255,0.19078685978759344
1269.62207,1281.4847470925781,1286.27478
0,0.030548553425371397,0
23.79433369277468,12.802413314483386,14.594725462364114
0.06071283472169861,0.06318847416664139,0.04429659878232533
1909.06702,1919.0284978864725,1925.71985
0,0.031229038458883557,0
19.972601667412846,9.282622882789912,14.106223520431367
0.06255055150870929,0.03520330515653382,0.03832939818211241
-8.32638100000031,0.18755665486156303,7.99309015
0,0.045124586317556316,0
91.36419081687222,0.8003986210531198,76.92229815820184
0.33210115281560776,0.006875595976258888,0.731896802117031
631.118713,639.6586793833807,647.771362
0,0.12600020259099698,0
76.02375728527593,0.9717397104827099,68.70187622767705
0.7982807611533356,0.022816535986809165,0.688671343979729
1269.62207,1282.1365629386646,1286.27478
0,0.04034917649741876,0
25.033628829929945,12.275755113576905,13.670884261835551
0.08069657524503997,0.05819436017101888,0.029353455950592963
1909.06702,1917.5635517767669,1925.71985
0,0.01365296471568691,0
17.676678874723564,11.272511119148696,17.174174343995723
0.01882617113111636,0.037650443465088,0.038737862345634026
-8.32638100000031,0.4058197620485675,7.99309015
0,0.21398796473213255,0
91.77776596183037,0.8384861892397503,69.49619638703388
2.0329490636355616,0.02568489318922292,0.9594984178341401
631.118713,639.4024984205726,647.771362
0,0.030926871743635023,0
77.87608678787706,0.8913599319842054,79.46560337731317
0.2474002363039353,0.004530992857511373,0.31250155543200153
1269.62207,1281.5948582687834,1286.27478
0,0.05789294491034241,0
23.992912604509012,12.749652745939875,14.467870674057403
0.11581548983388643,0.08182071209346785,0.07959568855526167
1909.06702,1918.953339663664,1925.71985
0,0.0493093711335232,0
19.81797555627039,9.239120406872589,14.195187440073267
0.09880840631963982,0.05012502650406186,0.06046398160691799
-8.32638100000031,0.12420860775218756,7.99309015
0,0.1591062149868399,0
92.37063624224022,0.7796891173235533,78.33740186973476
1.2527020891320988,0.023102431833386075,0.35695880552151443
631.118713,639.6678238399863,647.771362
0,0.05357859088823602,0
77.2807658740434,0.9576030851410119,69.52140575750414
0.34927416420314555,0.009468087109921827,0.38149361020510714
1269.62207,1282.0999707429978,1286.27478
0,0.030287506140483665,0
24.96020260647,12.245747752168967,13.636341530274022
0.060555825881370366,0.05870438958285349,0.02757866626172088
1909.06702,1917.5779710059028,1925.71985
0,0.022731250660548086,0
17.7155064625587,11.31203627961765,17.142584604984904
0.03293439903981423,0.060377037251731665,0.005967023061084503
-8.32638100000031,0.3302641573775844,7.99309015
0,0.6196107309933409,0
92.76700727905875,0.8149629069419355,71.65014891736828
4.761153648228704,0.09209130244463483,2.971112370825411
631.118713,639.3944688076949,647.771362
0,0.07475621273850257,0
77.75868512897895,0.8909871900023233,79.43368982565825
0.4913534855134836,0.012928112096833463,0.6149578317253825
1269.62207,1281.5319758472006,1286.27478
0,0.09688858101072105,0
23.859991006100458,12.62204710055704,14.659300670013703
0.19280461681036754,0.21795082460553356,0.07788585679030237
1909.06702,1919.1089112347101,1925.71985
0,0.04774030934852841,0
20.12800962433476,9.397211523673894,14.232088416692369
0.09546580001624923,0.06644834425432479,0.10440840386146664
-8.32638100000031,0.15229735787734455,7.99309015
0,0.20411294196862564,0
93.77550037386682,0.7729680569489823,78.65368553100005
1.73269809586248,0.027976664850645826,0.45069772405250075
631.118713,639.6564108926638,647.771362
0,0.08934536327940903,0
76.81543259522589,0.9609489352420403,69.11741254069065
0.5722335318143189,0.015997583612795123,0.6255863591619427
1269.62207,1282.1559838157905,1286.27478
0,0.08431187859697084,0
25.077234682418702,12.195209001747566,13.691103291804438
0.16862387431841508,0.1175349924323208,0.06951613568080647
1909.06702,1917.4793685978862,1925.71985
0,0.04949854556196955,0
17.555312604641276,11.283577535981102,17.04835632627097
0.09658761768408085,0.08558013718316705,0.07408297325100628
-8.32638100000031,0.3767377787079145,7.99309015
0,0.5115043287339427,0
94.63615799550134,0.8072595730074706,71.97650362840307
3.045327967020513,0.08419900377344773,1.5234249064376844
631.118713,639.3949730968641,647.771362
0,0.05816629034075211,0
77.42267951516436,0.895055637695189,79.04474887231937
0.21013618719160893,0.011991035748121682,0.294013862819874
1269.62207,1281.6451471292535,1286.27478
0,0.0887636640417233,0
24.07786725297854,12.656622226866705,14.604061104365211
0.17664645883322388,0.21436570334168809,0.09159788307451165
1909.06702,1919.0211919560893,1925.71985
0,0.07495957574572158,0
19.94799889939954,9.345409208593543,14.204848045530373
0.1500896181740097,0.08571702021211992,0.06012836653122797
-8.32638100000031,0.35027079503460534,7.99309015
0,0.3557321319048647,0
72.82655791833325,1.0488533567932108,56.746582709994186
2.2401490038896226,0.06610992825984241,0.8745506642157205
631.118713,639.6807679613077,647.771362
0,0.010244581822628837,0
72.59452878808781,1.0242914922501951,64.92965746969583
0.06137641878740179,0.0019611787522341717,0.06688471531058136
1269.62207,1283.0153503716765,1286.27478
0,0.01782400808538996,0
26.834226068980584,12.617761380991562,13.459769693644958
0.03557754927371315,0.03078039168100054,0.017976689617389706
1909.06702,1916.9313462694,1925.71985
0,0.01022589400878178,0
17.078957196032203,11.867400931004333,18.37585071707655
0.017881135296152643,0.018966869355948365,0.017601054352964936
-8.32638100000031,0.47272517105879786,7.99309015
0,0.45886031355410056,0
93.59647242945647,0.834656682669042,68.59873460739051
3.5145364726316113,0.06854069616126775,2.1765705328969753
631.118713,639.4269802271002,647.771362
0,0.05087756995813012,0
75.91645413253858,0.9204126369924158,76.56993658046837
0.3314674516658712,0.008954660224173695,0.3150651614883275
1269.62207,1282.0598897929451,1286.27478
0,0.04340375032938746,0
24.878702680823054,12.634545009410438,14.040819648820234
0.0868134075113773,0.05278639576382641,0.018934890239588793
1909.06702,1918.7653912287287,1925.71985
0,0.014012862620130106,0
19.4575996762838,8.959942373851861,14.358020391982295
0.027362930133807185,0.04248638192492109,0.02531779072107871
-8.32638100000031,0.3721687283875674,7.99309015
0,0.20444875666957746,0
72.27234044127383,1.0625614693605594,55.7227196542068
1.2257879262014029,0.039458719034615564,0.7942522584221366
631.118713,639.68160766569,647.771362
0,0.022312552882500922,0
72.34703034983866,1.0281024578318163,64.6834185094977
0.13763826942889326,0.004198221725700491,0.1291528681933691
1269.62207,1283.0621671294803,1286.27478
0,0.03321563232954178,0
26.931744446135383,12.633103420747204,13.450250876432694
0.06604962036849778,0.07306671108017966,0.04977279817537966
1909.06702,1916.8958017131258,1925.71985
0,0.02706726090278501,0
17.04918914450704,11.897855533033386,18.442488576945777
0.05443451928373392,0.04498851521203781,0.03716999927981274
-8.32638100000031,0.5130879600805098,7.99309015
0,0.5639572710590575,0
93.33743714287397,0.8447828870836052,67.08433752047114
4.88747060774896,0.0762850361051334,3.3873668717611607
631.118713,639.4266683874934,647.771362
0,0.08427549821011661,0
75.01815666173543,0.9316421917588151,75.67520410607216
0.6876850663801163,0.011837228663705608,0.551724398326987
1269.62207,1282.1957150247954,1286.27478
0,0.07778188484332893,0
25.148252152691494,12.684114140577341,13.996818598632737
0.15556888567926744,0.08370284974704643,0.046094651138917954
1909.06702,1918.7627413081311,1925.71985
0,0.05208082206679486,0
19.470310904847523,8.859804095592004,14.323987383751279
0.10433249486531808,0.06213444965089935,0.0881164775053244
-8.32638100000031,0.3776439692853746,7.99309015
0,0.12998367551774503,0
78.50595018002478,0.9771863620033413,59.138398303445314
0.834233832228767,0.023219683581985645,0.7800641064405921
631.118713,639.6839521884675,647.771362
0,0.03595352819782698,0
72.47414022949009,1.026816946878039,64.81365617892962
0.21036364087258438,0.006985735532041591,0.19745797260625025
1269.62207,1282.9811191793758,1286.27478
0,0.027983859357793885,0
26.760641760025088,12.626137961141675,13.408722786640073
0.055820742153380065,0.05252574553405488,0.036350817124087484
1909.06702,1916.9439162394067,1925.71985
0,0.0211513924596968,0
17.12037256991724,11.911498694569994,18.42476329469737
0.027331075124639302,0.044266807325839326,0.04892232433643416
-8.32638100000031,0.44511091325455254,7.99309015
0,0.210746080073773,0
102.13685799071246,0.7589331752881715,73.39841620882618
1.692062400785829,0.02943276860651906,1.6008379357543032
631.118713,639.4298744994717,647.771362
0,0.10992501906081081,0
75.31521338591298,0.9285999493607581,75.93078147221432
0.7060763315572929,0.019587028693796808,0.6918046123187154
1269.62207,1281.8905308617136,1286.27478
0,0.042641149262343685,0
24.539642641475417,12.452532369738503,13.920503136754448
0.08524933785577503,0.10011738123692125,0.05976734315108342
1909.06702,1918.8710223358628,1925.71985
0,0.0419536828414572,0
19.686759598847047,8.963798038530193,14.59011690750389
0.08236043440080529,0.105248307690609,0.05800287498623561
-8.32638100000031,0.41307014869486736,7.99309015
0,0.26704139082172573,0
79.4678680295361,0.9730322462395989,59.276284900870245
1.7990684015252747,0.04604848043412648,0.9212817663094517
631.118713,639.6785770617404,647.771362
0,0.038218568446947654,0
72.32860011936314,1.0276336547533869,64.70517297266807
0.2342896399309454,0.007220870847164316,0.1975800501968028
1269.62207,1283.0038004809298,1286.27478
0,0.07865144824667746,0
26.813448698028107,12.588465767513192,13.45263593276448
0.15743065125209765,0.09459072987159219,0.11330979143429903
1909.06702,1916.897177928147,1925.71985
0,0.058914625677723195,0
17.040502963545123,11.879315656944986,18.344781864182142
0.12276242868828197,0.09430662720301185,0.10789959039170184
-8.32638100000031,0.4894742008311752,7.99309015
0,0.24014496652095615,0
104.30384987966302,0.7505244529985436,73.32657123242912
2.2091305673232706,0.030389764108272536,2.7493702712575034
631.118713,639.4222739432807,647.771362
0,0.09834010544518117,0
74.42093872139469,0.9383050235004665,75.10798947936829
0.5331735113670995,0.0191450728025515,0.4377582712043054
1269.62207,1282.0491502938487,1286.27478
0,0.08608519758310663,0
24.85446589034478,12.488828755179162,13.973468830720112
0.17217016946285502,0.125242205737697,0.07920473503669663
1909.06702,1918.8994349408695,1925.71985
0,0.044188129457888796,0
19.758279592773633,8.91944216321394,14.538353328423492
0.08670028451252444,0.10532468700802262,0.1311791639526968
-8.32638100000031,0.17210610382047165,7.99309015
0,0.0007924386807307138,0
92.21417337562525,0.7899910198016393,78.21845533529665
0.006549959730992183,0.00011143671996493586,0.002109494475477096
631.118713,639.6637153658246,647.771362
0,0.0015181439280985134,0
77.47095798401304,0.9542631922439323,69.83875399145604
0.009127016984069591,0.0002805236501905548,0.01249546434269865
1269.62207,1282.090256467566,1286.27478
0,0.00025084409977483435,0
24.939312470306756,12.278206939248458,13.704330260122408
0.0005017199887313612,0.0003001788618149735,0.00010161804767242323
1909.06702,1917.5848370544247,1925.71985
0,0.0005098015650373997,0
17.69527632394128,11.24085642876331,17.128169108617225
0.0008844211315153619,0.0011454315320030466,0.001230069995050203
-8.32638100000031,0.38203998832997854,7.99309015
0,9.443190270190699e-05,0
89.71707598022306,0.8534038066973418,68.73227206258011
0.0007353583552070863,1.4093640827142662e-05,0.00024375056433503494
631.118713,639.4001514997932,647.771362
0,6.142492397771129e-05,0
78.31350631821496,0.8857576881582673,80.00126091878411
0.0004439127419601015,9.934575641565722e-06,0.0001759312644379213
1269.62207,1281.5151347003828,1286.27478
0,3.163064656098149e-05,0
23.84760440310389,12.779413663748405,14.552125931873842
6.243304345899263e-05,8.436492982683657e-05,6.52620564539796e-05
1909.06702,1919.002478430283,1925.71985
0,0.00010113643869473332,0
19.917720975703016,9.27653505478475,14.140752196108187
0.00020144904715227148,0.0001911299605232158,0.00016347026053520022
-8.32638100000031,0.17139834544010846,7.99309015
0,0.0018155594174769306,0
92.16718959673165,0.7902679638731314,78.20560762549866
0.014784127188447137,0.00025825365572748626,0.006908684747217402
631.118713,639.6627712210568,647.771362
0,0.003408817903328521,0
77.55084607191958,0.9530420858816813,69.94185807470247
0.02079598838414217,0.0006248273299887435,0.026810049703700763
1269.62207,1282.088325565234,1286.27478
0,0.0005351059848963598,0
24.935411597012944,12.277547810562037,13.705064224296406
0.0010702622167948535,0.0006696540028606792,0.00026713018326019193
1909.06702,1917.5904492093807,1925.71985
0,0.0010665211908283234,0
17.702430219492243,11.237669264276061,17.11852943988023
0.0018530133100149308,0.00239570087884466,0.00254905275677483
-8.32638100000031,0.38210557994706207,7.99309015
0,0.0001537044974708729,0
89.72190135998295,0.8533699989371698,68.73375740323576
0.0014498356459994102,1.843462466131287e-05,0.0005677949254744122
631.118713,639.4001984659656,647.771362
0,8.999282419901371e-05,0
78.31628814034289,0.8857356602306948,80.00231870042944
0.0007641512014824433,1.217246943931221e-05,0.0003366350286261368
1269.62207,1281.5153855496987,1286.27478
0,5.5631047442905585e-05,0
23.848031080619883,12.779113102487964,14.55168020969419
0.00011098912871577219,9.764753006226629e-05,0.00012280735917048798
1909.06702,1919.0018685981472,1925.71985
0,0.00018276774234397944,0
19.916343303647945,9.277021169858992,14.141866615578639
0.00036567800851240224,0.00023821074222024635,0.00030043860024609413
-8.32638100000031,0.1711162674172062,7.99309015
0,0.005115262642608212,0
92.20929261270038,0.7898479373418372,78.23931205693302
0.03885934169496698,0.0007615484499890781,0.033182676868769155
631.118713,639.6682647713868,647.771362
0,0.002686136945201942,0
77.60801004385081,0.95356288117905,69.90254805437425
0.022114019369460614,0.0003730406717257201,0.014867472140625572
1269.62207,1282.0923176825413,1286.27478
0,0.0019169456636931054,0
24.943380088876083,12.282018484608146,13.700498325111603
0.0038341001178718217,0.0023469665644737484,0.0013991575393633748
1909.06702,1917.6017354038304,1925.71985
0,0.001504629395535378,0
17.724830854521723,11.250100536518154,17.150498860734103
0.0024398427165097866,0.0036999107137297626,0.00708004034100252
-8.32638100000031,0.38204671070271523,7.99309015
0,0.002225946989527455,0
89.71305456287197,0.8534441331193154,68.72934530397895
0.01640273327774992,0.00034513708025640577,0.011719027875490595
631.118713,639.4002223264106,647.771362
0,0.0007622703857816053,0
78.31405066023692,0.8857667150675009,79.99990013475657
0.005157150095740535,0.00012916591464329937,0.005174316169841127
1269.62207,1281.5169823919925,1286.27478
0,0.0007512040750130244,0
23.851174583201917,12.780392202919245,14.551325689220018
0.0015006087074695667,0.0012116965704049405,0.0006053152532875315
1909.06702,1918.9993485037057,1925.71985
0,0.0004507330582508076,0
19.911314192303056,9.274511949633565,14.138881877581682
0.0008983069980237499,0.0008234736461935936,0.0006646716548347121
-8.32638100000031,0.17181223852351835,7.99309015
0,0.00688228564160537,0
92.17299997348957,0.7902949281647125,78.20565697747075
0.053608934952373836,0.0010092561825996516,0.0484581423785905
631.118713,639.6631876867315,647.771362
0,0.00198230795067974,0
77.56021509071581,0.9530181310594612,69.94479593558513
0.016646591161659088,0.00026596732298618357,0.012812038843682726
1269.62207,1282.0877721282725,1286.27478
0,0.0030554618686762904,0
24.934289856219763,12.277479149242517,13.703433793500572
0.006111523328115294,0.00323682194731188,0.004015969601154667
1909.06702,1917.5924904758601,1925.71985
0,0.0033606859842780826,0
17.706305013192335,11.239501699461263,17.12033292294577
0.006959856932788606,0.004509672453650302,0.00899786988743618
-8.32638100000031,0.38215861376566984,7.99309015
0,0.0017521182634523105,0
89.72197363969116,0.8533797928118616,68.73354473079388
0.008309921796247274,0.00031778545559957224,0.012891869234169382
631.118713,639.4002358506931,647.771362
0,0.0006208629471613289,0
78.31579745599348,0.8857494276831142,80.00117897734391
0.003017820003650538,0.00012018890659810772,0.006058341691639293
1269.62207,1281.5154245973665,1286.27478
0,0.001135943860737723,0
23.848106881798078,12.779136409220076,14.551097121540753
0.002274001003446027,0.0015186573114087307,0.002858520648508918
1909.06702,1919.0014803721672,1925.71985
0,0.0010104763178652527,0
19.91557647371053,9.27658071789207,14.141951719198373
0.002023349619746459,0.0011796181950444935,0.0025266194776232165
