-8.32638100000031,-0.042090304468965556,7.99309015
0,0.28798235283093887,0
73.65155863929161,0.9439099400944463,69.34863317657023
1.9078091109064033,0.05063544481455066,1.066416818416876
631.118713,639.2133633174946,647.771362
0,0.7344860069671918,0
47.518263175435564,1.4214287058193429,52.975081410329985
3.1891802395375684,0.20294090895442599,2.3972498311984483
1269.62207,1281.9401498358957,1286.27478
0,0.052001546604201525,0
24.64140049031736,12.574794100955195,14.06964196754465
0.10395023979825578,0.10941632312193675,0.08081607734401904
1909.06702,1917.384731429329,1925.71985
0,0.029692576940933985,0
17.386594958408416,11.220963920874958,17.412799789161717
0.06082127208914598,0.04381866417667055,0.0290363375183567
-8.32638100000031,0.3032284862077965,7.99309015
0,0.17001341913140927,0
82.7299534549884,0.910173059923598,65.88117586186078
1.2005033759983774,0.02785928677329139,0.6338600987727285
631.118713,639.3535632253152,647.771362
0,0.24050746597919173,0
68.19691856230425,1.0093044549100918,71.21724775047723
1.4245294335489154,0.04684536627417864,1.360686179151054
1269.62207,1281.0983900698116,1286.27478
0,0.08045455072837636,0
23.139590413048303,13.037527735341587,15.093342873509624
0.16064855211753423,0.12578364531482403,0.07033706467068841
1909.06702,1918.8390544225877,1925.71985
0,0.01829264222697796,0
19.575768707662167,9.231086933099801,14.360293166663412
0.03654192553635532,0.029560696102062564,0.014573167170740767
-8.32638100000031,-0.055996793096138475,7.99309015
0,0.33709693312285366,0
70.11565080910059,0.9894842772496866,66.47011397056679
2.05588562778286,0.06381930826669185,1.742422964773688
631.118713,639.1975430003914,647.771362
0,1.1385165222200255,0
43.617404515311094,1.5515553709924506,49.00884571836585
4.539930936916901,0.34609625748374606,3.5129341708334128
1269.62207,1282.229634724608,1286.27478
0,0.25184559208776985,0
25.215187723135323,12.634699083475038,13.934616719536294
0.503691087552139,0.36385405178071195,0.17234244720748917
1909.06702,1917.1744700798115,1925.71985
0,0.05909821342451608,0
17.013875925804374,11.083223410601999,17.673569144907788
0.11293041384641782,0.10640087906152251,0.09490889385102579
-8.32638100000031,0.28566690584959,7.99309015
0,0.15305860972759133,0
82.86091753722302,0.9049662405130429,66.54889230938403
0.9788580023504857,0.026548698152640212,0.5044322463073599
631.118713,639.3424710897233,647.771362
0,0.30692233349255976,0
67.10035966382316,1.0235081664104164,70.44259122814623
2.083419823612292,0.05351464935847669,2.24158373612888
1269.62207,1281.3895918310823,1286.27478
0,0.19861065004592662,0
23.668140199766782,13.087323898582099,14.914189948886051
0.3990237636920859,0.23750262999452584,0.13733396463813766
1909.06702,1918.791374302197,1925.71985
0,0.03593193281389073,0
19.506901834256688,9.000630753892768,14.336316316866986
0.07198733087037737,0.04062305828196064,0.040012579936489115
-8.32638100000031,-0.0008865412796996708,7.99309015
0,0.3767852491005679,0
82.2177039188276,0.8518792535729864,74.30294220844087
2.695736887240018,0.06053979782097838,1.9452650810759555
631.118713,639.3122493048297,647.771362
0,0.47016529961087833,0
64.40991552215331,1.0597291182465,65.68374917864077
2.6338043839248533,0.09699356047638269,3.719115497015616
1269.62207,1282.0643406369772,1286.27478
0,0.3584835926054451,0
24.886168793103053,12.300779456662431,14.021642920092741
0.716939543995043,0.5742917846253585,0.11572290250998431
1909.06702,1917.3076389373336,1925.71985
0,0.2025085762580576,0
17.587519035921588,11.863353300431438,17.732710981253895
0.35152953617451305,0.39530238022512626,0.24742355370278912
-8.32638100000031,0.3508967039905606,7.99309015
0,0.14883389149669077,0
87.45993644984418,0.8695555740793712,68.39207470615867
1.0377989458096897,0.024080408284871454,0.885891780323101
631.118713,639.3932520691272,647.771362
0,0.7001202230627969,0
82.0709978728067,0.8429103639681816,83.71054137018415
4.939644806050218,0.11329851451250408,4.496243882941338
1269.62207,1281.0759397731792,1286.27478
0,0.2028813906038862,0
23.010580216028487,12.5918294255801,14.981281856842532
0.40171017539579656,0.4233393790456318,0.15696690248328635
1909.06702,1919.1699316470847,1925.71985
0,0.052533451217269184,0
20.272918207757414,9.312457031183685,14.830955658113577
0.10208745995415994,0.16728097101364175,0.06583873302146623
-8.32638100000031,0.03764933852901642,7.99309015
0,0.5567647582279932,0
85.77386087473715,0.8235045327201034,76.5366128960841
4.211958605728127,0.0849821419288441,3.0930258604316534
631.118713,639.4075673496454,647.771362
0,0.715952311127539,0
59.28324809056647,1.1825170738359911,58.87796837698463
3.6113813039304024,0.16444935531717392,4.394728643251584
1269.62207,1282.7943260347708,1286.27478
0,0.834779256804335,0
26.37574813599265,12.54624069310606,14.524203290428286
1.6705996926865816,0.9803767526502585,0.3146915001411332
1909.06702,1916.9053398438737,1925.71985
0,0.22361361127824536,0
16.826659889521732,11.470266775077661,17.68107975116841
0.4242610347522336,0.3944575919435216,0.271124135706771
-8.32638100000031,0.3004306937673267,7.99309015
0,0.13112912860204737,0
85.54181770181607,0.8790389483486933,67.33925381301975
0.7291853551124441,0.023579783043462636,0.6675694732998082
631.118713,639.3872863834217,647.771362
0,0.6342770553687835,0
84.81471671653466,0.813912514847776,86.2123656260372
4.302253309717405,0.10320522443251051,3.688907927204865
1269.62207,1281.3185602423935,1286.27478
0,0.31105266675628207,0
23.462673508680155,12.634873169391435,14.911993170820699
0.6214100414921662,0.4941337601684979,0.13313393297981402
1909.06702,1918.925728395218,1925.71985
0,0.12953918498520733,0
19.785262389928576,9.074083250344792,14.420769882936813
0.25865957909811566,0.19633549265751987,0.1879344630604072
-8.32638100000031,0.03675369290681196,7.99309015
0,0.03169809285429103,0
80.91386957591894,0.8738380098459815,73.31671449398564
0.2275401124555574,0.0051186456097023275,0.1384695055644544
631.118713,639.3901142862279,647.771362
0,0.024513989605935944,0
66.05221923924016,1.052560592817483,67.79015196970627
0.1451434080071106,0.004843322662477849,0.11068308000267857
1269.62207,1281.993459973419,1286.27478
0,0.028098339427907088,0
24.749519869151534,12.663539372845333,14.111039980497463
0.05619894473471376,0.03871901021238553,0.017194387679983374
1909.06702,1917.3786411447243,1925.71985
0,0.0047831621548371,0
17.44936258020573,11.377419038249354,17.492686019904017
0.005940228933691263,0.012688853679612267,0.012940670579745758
-8.32638100000031,0.33632599151361653,7.99309015
0,0.11733317639125704,0
85.11160581249561,0.8910231927465605,66.6878037883854
0.8527162568246024,0.018686945753008215,0.41097228945588105
631.118713,639.3998208271784,647.771362
0,0.013333578464362589,0
76.40804466944712,0.9083044075043357,78.06606600906082
0.07544267070483275,0.0025046508796562152,0.16670378379028028
1269.62207,1281.115545339623,1286.27478
0,0.020528184821756276,0
23.17708383391824,13.069868477376488,15.106519948463196
0.03972288381149995,0.05010964199969469,0.03916671747516398
1909.06702,1918.8860377938188,1925.71985
0,0.024315238483632064,0
19.673349487837417,9.247557113629794,14.29775310173056
0.04869084101868156,0.02657832171200327,0.030266338692511826
-8.32638100000031,0.05167958375913351,7.99309015
0,0.07924499956685971,0
81.13859574549579,0.8745119337532969,72.99073538343231
0.579229929957594,0.012624164303548858,0.32444860893285843
631.118713,639.3910062260965,647.771362
0,0.08390315180599148,0
65.49369697944994,1.0620690082376323,67.18832878530921
0.46812861111833576,0.017296671084845224,0.4998639992202785
1269.62207,1281.9898296243775,1286.27478
0,0.023703002414286467,0
24.745489262750514,12.723930603243401,14.167105618862989
0.047308906703113315,0.0632641548299142,0.048485447868583734
1909.06702,1917.3693368114289,1925.71985
0,0.015268906445959166,0
17.446548946583523,11.40040971437451,17.517174613523245
0.025065910357136525,0.033795040899603127,0.022971903474240024
-8.32638100000031,0.3754767987062433,7.99309015
0,0.2526695347272711,0
89.2391884710072,0.8567577118951695,68.5900590829263
2.470992767803659,0.028133756683923258,1.181299077813437
631.118713,639.4085764855662,647.771362
0,0.023229250962750157,0
76.0391866648264,0.9147736919304662,77.36687608705631
0.18957435717247648,0.0032885028273777206,0.3925528634593336
1269.62207,1281.243660866269,1286.27478
0,0.06014233698247062,0
23.386083708469993,12.983721342698427,14.93386322007696
0.1206126351113589,0.0804687347537282,0.10523884534470826
1909.06702,1918.7931954881235,1925.71985
0,0.060046167195101016,0
19.483757655106537,9.188965213184213,14.411037110005742
0.12027650703195951,0.05829291192925796,0.07509816132739844
-8.32638100000031,0.017371379378319673,7.99309015
0,0.13008600472103382,0
82.04766004084733,0.8574706412587745,73.86739738566597
0.9234155303502702,0.021043686288497645,0.4125764196871135
631.118713,639.3999534811079,647.771362
0,0.1015663610068384,0
65.33970506826137,1.0669994873580824,66.71028067050325
0.5725790764900313,0.020836180676820044,0.6289535091236264
1269.62207,1281.9585004999228,1286.27478
0,0.023510914264518085,0
24.682041734284866,12.677589677071524,13.90106765088947
0.04689995069108429,0.07053010732637141,0.017356448707313375
1909.06702,1917.3836345233265,1925.71985
0,0.026944832051422382,0
17.505371596988837,11.480951100396037,17.522791668603812
0.049319068004115854,0.051876033345060045,0.03943436542641709
-8.32638100000031,0.28372565898616564,7.99309015
0,0.6807666824470856,0
90.70531398099057,0.8248054881108747,71.1403610545588
5.138574464132591,0.10303157043324718,3.0152876257845196
631.118713,639.3913919731997,647.771362
0,0.09436191069312899,0
75.69567368730685,0.9151746548781927,77.18185026307731
0.6030990192928171,0.016791253304873174,0.8443814081869893
1269.62207,1281.2414513714805,1286.27478
0,0.1058893522537436,0
23.36442965532183,12.892223019249414,15.180316459028024
0.20807322410499385,0.24444697754610628,0.09802990083348828
1909.06702,1918.9620347385703,1925.71985
0,0.05074931067396573,0
19.821670120937334,9.35107178970834,14.465784101408005
0.1015779474461386,0.06007658257337916,0.11767366395310841
-8.32638100000031,0.036148043402750574,7.99309015
0,0.26074759575528805,0
83.95692141028188,0.8413816745230482,74.9675801305788
1.9167953704339862,0.04089365033210693,1.0974738819699343
631.118713,639.3866367071786,647.771362
0,0.09616827802075961,0
64.76611270457957,1.0732531544437538,66.19021199123392
0.5287595645373742,0.020098760415988525,0.6222824362472276
1269.62207,1282.0476012136305,1286.27478
0,0.05930645898453753,0
24.855419197326384,12.660389481328536,14.102560710435135
0.11861952981099004,0.07777364867953193,0.11207115804712069
1909.06702,1917.263814857646,1925.71985
0,0.04753259644527286,0
17.292513942524614,11.397677272628345,17.359505667093096
0.09582053530888597,0.07570838504912289,0.08716768699521692
-8.32638100000031,0.34132291458373665,7.99309015
0,0.5966826643532872,0
93.47524097795893,0.8107647527005283,72.05258729654584
4.002567367096907,0.09476302293045,2.126405265864092
631.118713,639.3951173691017,647.771362
0,0.0715827890271096,0
76.04172722030097,0.9117380427003963,77.3675396444078
0.22441950915718614,0.01524615194648476,0.20526740469786028
1269.62207,1281.337102524242,1286.27478
0,0.10349067045354694,0
23.539613339984395,12.903985670389794,15.074085626866353
0.2036530941978735,0.24328733182447984,0.14707166409690292
1909.06702,1918.8498994630495,1925.71985
0,0.11156548888941316,0
19.59131653988951,9.295467953184735,14.447501186917345
0.22339198391237652,0.11194836213732658,0.08515299604073145
-8.32638100000031,-0.5688730626883549,7.99309015
0,0.6021232539492176,0
54.97131829337231,1.1174485640479332,66.7382655903711
3.16153998415548,0.13520966239271182,2.5282289532714755
631.118713,639.2981689111537,647.771362
0,0.046698854488753216,0
69.57533204595474,0.9752687651119135,74.59094550015114
0.28555298047798494,0.008814192940398292,0.26906559191269847
1269.62207,1280.721798199472,1286.27478
0,0.03558305600417173,0
22.521655497123845,13.15879389173381,15.502356942292124
0.07194669856555379,0.0454884970170729,0.016243770463994597
1909.06702,1917.3600488852899,1925.71985
0,0.03068586613396245,0
16.937131553012815,10.183872809886884,17.046608625437667
0.058935502171135565,0.061653947965152604,0.0687869796795495
-8.32638100000031,-2.352908923529613,7.99309015
0,4.379025684821926,0
29.10205649307857,1.282642723680485,92.8025188453655
12.428344540924273,1.6934150772942744,101.33124559156454
631.118713,639.3061526755656,647.771362
0,0.32231936022992214,0
80.46287517184038,0.8419161139758474,85.9600157483238
2.289301068240255,0.05213328273854187,2.034493566313622
1269.62207,1279.2389567907987,1286.27478
0,0.23050231210175648,0
20.426056036665344,13.651258632501182,17.289342514536184
0.487614304209392,0.3309613932464735,0.062220054044672145
1909.06702,1919.9817391300476,1925.71985
0,0.11461707370415558,0
21.89513266751485,10.100149704116243,13.371138247272626
0.22199073001473157,0.3978507265581958,0.2784745938326254
-8.32638100000031,-0.5847537088171517,7.99309015
0,0.64937032380826,0
52.16763500700138,1.1753301459685777,63.79950937899202
3.1936319499094297,0.15560778045105053,3.014794614249544
631.118713,639.2958758172347,647.771362
0,0.07880261441143616,0
69.36853396056412,0.9777040552385382,74.44993628707141
0.48773512994249285,0.014771051911349694,0.40317303272786276
1269.62207,1280.722543026472,1286.27478
0,0.04644288751643541,0
22.53807991096464,13.210884466976689,15.545046796962286
0.09223040814157785,0.07731260199639536,0.056343306560182306
1909.06702,1917.328061280943,1925.71985
0,0.05870290686178709,0
16.882961765862404,10.17750981455862,17.097810959648882
0.11523149956662311,0.10424980339743407,0.12184053161812705
-8.32638100000031,-1.5343064795144556,7.99309015
0,5.201221249049245,0
25.24024107928454,1.9836189463895546,49.1271293570707
4.016714525957608,3.2640972588135733,13.2160161724148
631.118713,639.2939997681342,647.771362
0,0.33243273743840407,0
79.2353181986958,0.8526800748351673,85.13898342944648
2.367531664998366,0.0539474883970603,1.9223134016798105
1269.62207,1279.2922922518399,1286.27478
0,0.2292180554254173,0
20.634268976881078,13.912974536689227,17.4333916144325
0.48689077679923387,0.33347904892132757,0.22483566466877633
1909.06702,1920.100137168663,1925.71985
0,0.2205300347924289,0
22.18509127514532,9.945857247386641,13.13616439163324
0.4363549477842754,0.425334283252825,0.37280927127598146
-8.32638100000031,-0.44731831293977287,7.99309015
0,0.41589017121364985,0
64.59711792499309,0.9757672250534045,72.89015111849501
2.468636046453955,0.08122824224712219,3.283687016437742
631.118713,639.3077265054515,647.771362
0,0.14077999935898525,0
69.69440084840411,0.9758639402066152,74.61353622622637
0.851016668940505,0.02675828641254951,0.8437360546784164
1269.62207,1280.5934853075225,1286.27478
0,0.07254840761302522,0
22.302100017352856,13.144529992488636,15.359563329508497
0.1449021392747155,0.1131486592369857,0.09150964261485632
1909.06702,1917.4486256335927,1925.71985
0,0.06014141177975272,0
17.104718127159302,10.252809755402339,17.06564596909467
0.10768473658580827,0.15618810823476956,0.05657858144418175
-8.32638100000031,-0.6312090796653447,7.99309015
0,0.31597276724476636,0
53.851304771571264,1.1230345822244634,61.24423722961375
1.672553190484123,0.07082333520982875,3.23231972273399
631.118713,639.3605404361692,647.771362
0,0.39292310032522926,0
85.48059498040546,0.8021846325235357,89.64649223146225
2.928411778091873,0.060323932991875925,2.809193780536255
1269.62207,1278.1568289929394,1286.27478
0,0.15802162658809962,0
18.106546769357447,12.073148863927988,16.440484665339127
0.32763185270165346,0.2380740489404545,0.2848758155725622
1909.06702,1920.0422746298643,1925.71985
0,0.2338814217424635,0
21.9506690302318,10.933459363369735,15.150718852690957
0.4677554359678489,0.47748257389751303,0.2832903127251595
-8.32638100000031,-0.4509907058942657,7.99309015
0,0.1677503803027496,0
65.0652726481506,0.9676136896775233,73.38970580755131
0.9717794316278711,0.03315617941207084,1.1055894032500133
631.118713,639.298028452806,647.771362
0,0.047737467288603515,0
69.54309552170353,0.975699903331093,74.5150275929401
0.2908722605463869,0.00903231044955854,0.35121656372735766
1269.62207,1280.5574837592212,1286.27478
0,0.0742705313431602,0
22.20374800202293,13.017163078139635,15.449673456730974
0.14741000970856197,0.12436742355365869,0.1485661399813302
1909.06702,1917.3842645843558,1925.71985
0,0.06653818437177537,0
16.980415768607585,10.195221797061341,16.827292651283816
0.1335771689697202,0.0995922373046169,0.17398675258439666
-8.32638100000031,-0.32154061661720057,7.99309015
0,0.7848887203380378,0
60.004243947209346,1.0875952896762067,65.77006460156011
5.686735692259654,0.11717449759384141,5.117845226152729
631.118713,639.3119121221206,647.771362
0,0.3065729961915582,0
87.81341690435443,0.7712180150699546,92.99689485344246
1.6879862797848886,0.05211261159715414,2.1680976955485
1269.62207,1278.932888803946,1286.27478
0,0.45474207783207277,0
19.641159102291866,12.94346858543278,17.855746348431175
0.9565577132675464,0.638572336067697,0.8220978577915115
1909.06702,1919.6557945159598,1925.71985
0,0.2973862888203168,0
21.20174715127649,11.107208264182821,13.880170769066943
0.594073738312568,0.5250966235425288,0.7006897737127169
-8.32638100000031,0.04782309549580965,7.99309015
0,0.00019864728397406639,0
82.2995653604308,0.8611078398097984,74.1704724164475
0.0014283465809310667,3.1868507368871025e-05,0.0009276477114189775
631.118713,639.3944398936428,647.771362
0,0.0001686191541500471,0
66.22214806539122,1.0508873835120653,67.82571509773724
0.0008315495051711313,3.6729807958960756e-05,0.0017788798915302974
1269.62207,1282.013679737587,1286.27478
0,2.495639800392454e-05,0
24.79003869148081,12.685730013959429,14.11702135147075
4.931405643859732e-05,0.00016801961855069205,0.00015580991275048004
1909.06702,1917.379621652102,1925.71985
0,5.838872450957699e-05,0
17.448946637091268,11.37345207638481,17.489397212204114
0.00011991509323519193,8.685931286774667e-05,8.286076332856552e-05
-8.32638100000031,0.3433267515890943,7.99309015
0,0.0008263700745574691,0
86.30057503969105,0.8799257926569691,67.3842612206285
0.005986704097092257,0.00013128948637098045,0.0035135508328050665
631.118713,639.403171217575,647.771362
0,0.00035982882884186946,0
76.47173834849409,0.9082729008277207,78.006925694301
0.001819481085346453,7.022023718206055e-05,0.0057131390952713185
1269.62207,1281.1318943550664,1286.27478
0,0.00018648686500830853,0
23.201910050880706,13.052196155580317,15.078619342535173
0.0003482875136895237,0.0005901112696610351,0.0004962364406772061
1909.06702,1918.8681501357137,1925.71985
0,7.930098646240262e-06,0
19.636047082180355,9.242320218009501,14.321758057675867
1.1931200436896306e-05,8.932533124880743e-05,3.618855313950562e-05
-8.32638100000031,0.047718182216659244,7.99309015
0,0.0005199505136181307,0
82.28518024970332,0.8612397866624694,74.16130870042048
0.0037403479683280646,8.339330636253943e-05,0.002417067810778526
631.118713,639.3941581172052,647.771362
0,0.000498422343230081,0
66.23180784676615,1.0506563682048504,67.84465967576668
0.0025136322740648403,0.00010754791343567396,0.004984180832785788
1269.62207,1282.0135434466201,1286.27478
0,0.0003197943467858622,0
24.789678303986324,12.683670288628083,14.115285656702943
0.000639236453024941,0.0006452505766301094,0.00048033648486912173
1909.06702,1917.3789574873747,1925.71985
0,0.00015400178790528067,0
17.44779787186289,11.373070098827482,17.490194795692425
0.0003044352651539905,0.00025649734627648167,0.00025440705379882147
-8.32638100000031,0.343057855938774,7.99309015
0,0.001277617060868479,0
86.2573067005752,0.8803211970249407,67.35945898615866
0.011391508701115199,0.000164474854227027,0.006578871035944669
631.118713,639.402428739572,647.771362
0,0.0005396249233570869,0
76.48746026177203,0.9079169233234083,78.05048614188662
0.00413592961703973,8.28732073338043e-05,0.011353608339071482
1269.62207,1281.1338052427284,1286.27478
0,0.00037088208094120866,0
23.204682670019228,13.04950274805165,15.074838324803046
0.0007341796751259263,0.0006929730685951259,0.0009975574661134454
1909.06702,1918.868074336828,1925.71985
0,6.509241506475746e-05,0
19.635965773253538,9.24168274898943,14.321583354051834
0.00012998619780538946,0.00010811607180343647,0.00011011146150984303
-8.32638100000031,0.046937777173507556,7.99309015
0,0.0004186886426185045,0
82.33138308669811,0.8605840146748727,74.2163019049729
0.0033589617045562733,6.133374310507795e-05,0.0041955891929492785
631.118713,639.3956842995002,647.771362
0,0.000754428661027915,0
66.24872537877958,1.0507730916305773,67.84029524725653
0.005340374747664066,0.0001242247006236148,0.003583216146137714
1269.62207,1282.0179747729214,1286.27478
0,0.001440865164476993,0
24.798598284352913,12.689409600173637,14.117599446040503
0.002882486073409481,0.0015044102074218333,0.00025999441498119626
1909.06702,1917.3821702791206,1925.71985
0,0.0006526476087462962,0
17.45378783975318,11.375847170580926,17.49171117121267
0.0013360505182978728,0.0009814861686542986,0.0002429260445307897
-8.32638100000031,0.3425889421996331,7.99309015
0,0.0032737316589944963,0
86.25123260727901,0.8802882576890111,67.36203440192475
0.023185287871308514,0.0005278483629996987,0.01840589156736572
631.118713,639.4056790953107,647.771362
0,0.002412217419668365,0
76.52057000299624,0.9082355084511158,78.0206253216729
0.018899884863690347,0.00036128114316265347,0.007839838701075106
1269.62207,1281.1418763220245,1286.27478
0,0.0016371730072656167,0
23.220978940037142,13.058773985042015,15.085060328145337
0.003287403351069856,0.0021730994184773105,0.0022304113964842945
1909.06702,1918.8683076923112,1925.71985
0,0.0006321153410190524,0
19.636463703048186,9.2416589915734,14.321129190497338
0.0012629320403901205,0.000993861012431327,0.0008059660634339238
-8.32638100000031,0.04820618263682164,7.99309015
0,0.007598936881672801,0
82.28848889347685,0.8613058670695432,74.15843936788488
0.05154651801683297,0.0012638718984446119,0.056745273328819186
631.118713,639.3943339247149,647.771362
0,0.0012838363982658938,0
66.23292127880174,1.0506834994124215,67.84363948923942
0.007986217106677372,0.0002439513730309749,0.0075985606844229765
1269.62207,1282.0129751821216,1286.27478
0,0.0031330116867888244,0
24.78855714351094,12.683432651692954,14.11372323815915
0.006267285682988,0.00358253632733518,0.0045163516620867206
1909.06702,1917.3796507428688,1925.71985
0,0.002210559719076503,0
17.449349351650795,11.374225266341194,17.490461507783245
0.004549708614010795,0.0032641084042322865,0.005149229051588684
-8.32638100000031,0.3429292088434046,7.99309015
0,0.0035241425438159195,0
86.2577018551734,0.8802906818595765,67.36212138214647
0.02657277097134869,0.000544202129098862,0.02339385876122872
631.118713,639.4026024264303,647.771362
0,0.0017998178873397425,0
76.49192101563337,0.9079012232723292,78.05242656993448
0.01172063163047887,0.00031543052480903294,0.008129978730637616
1269.62207,1281.1348051651585,1286.27478
0,0.003114813604823309,0
23.206652724987713,13.050430951479601,15.075362446134566
0.006271982567037095,0.0037071929545588298,0.004672093330166631
1909.06702,1918.8678184245268,1925.71985
0,0.0020362050403797314,0
19.63544323449117,9.241520267435618,14.321065464171841
0.00407836300526503,0.0020782059499088266,0.003385163223914032
