-8.32638100000031,0.07889165588255231,7.99309015
0,0.4126376299239199,0
76.36979230484636,0.9365715491392035,67.81877807182028
2.7552183493899056,0.07162076717997988,1.6807125515068655
631.118713,639.4624536713758,647.771362
0,1.2512736695089466,0
51.362904089440406,1.3932044600529847,51.02774915372089
5.798031858084538,0.32374838351918317,2.9769905901864506
1269.62207,1282.3951705290851,1286.27478
0,0.02558491128232522,0
25.552221718158215,12.498781528933247,13.703240762229553
0.051136891326446166,0.055369811015517176,0.04345495609253161
1909.06702,1916.9405035577834,1925.71985
0,0.024005670108321768,0
16.593745808327284,10.913427251613609,17.976374002200384
0.04488490667570976,0.04452474625720239,0.036969798221249926
-8.32638100000031,0.3511456101640551,7.99309015
0,0.11559918210995693,0
84.5092946530864,0.9006178660367701,65.74474127322648
0.8353923279084665,0.018538312192310006,0.390452158482483
631.118713,639.3429279232557,647.771362
0,0.2859079606459058,0
73.50840857511113,0.9319511240893601,77.16006061629362
1.8209771696194337,0.05151495141481599,1.8102607413353613
1269.62207,1281.3068199591357,1286.27478
0,0.050678138204904716,0
23.486957835313078,12.916473155460059,14.827508066644086
0.10123706608432537,0.07896496224972081,0.04423867440049014
1909.06702,1918.7100624802601,1925.71985
0,0.040887766417771726,0
19.310315444950778,9.171626575833525,14.529742163019801
0.08187187689584306,0.04019941928439553,0.04486991927690336
-8.32638100000031,0.04911575181669292,7.99309015
0,0.4953924863009463,0
72.38865577849151,0.9823920504632484,65.2339186268199
3.2083356941653944,0.0893556542251562,1.616566993983292
631.118713,639.3353884363252,647.771362
0,1.6271080099534023,0
44.81758828123853,1.560765466167993,47.31421592721983
6.647788193515131,0.48384043789255043,3.9337092800060796
1269.62207,1282.466538066365,1286.27478
0,0.07174842355007133,0
25.699440952176886,12.482356343741058,13.645268358541461
0.14328017326584022,0.17018033908438704,0.12214172811435785
1909.06702,1916.7847218700692,1925.71985
0,0.06722837993734382,0
16.44968906512029,11.068283547118776,18.283656386198544
0.10981975394591835,0.1385602374942745,0.15074302177342827
-8.32638100000031,0.34504747670380276,7.99309015
0,0.08567947207743745,0
85.01428629291854,0.8938814784887545,66.33076085772515
0.36969116741959684,0.016496404441114387,0.3064796690701528
631.118713,639.3551572372976,647.771362
0,0.2692834226914695,0
73.86886689585478,0.9300814825709764,77.0904718441117
1.6149441643391576,0.05011405295462286,1.838857702047588
1269.62207,1281.507519149307,1286.27478
0,0.13870592533908216,0
23.859114306815613,12.954463195764351,14.710429998574682
0.27827112759476536,0.16121563813006595,0.08577059092285023
1909.06702,1918.599443786705,1925.71985
0,0.08683921980840922,0
19.091409619198252,9.042339075102921,14.652876983632487
0.17391717062398843,0.0829835523534468,0.10439786062450972
-8.32638100000031,0.17125990142810998,7.99309015
0,0.37742984993711043,0
82.53709410861245,0.8843536726889838,70.04295886248896
2.6447629034082434,0.061867223571121434,2.203966669152998
631.118713,639.6956613471796,647.771362
0,1.0655416183187671,0
67.53890898786834,1.1073661671338901,58.41718751883934
6.000672378204412,0.21892556696133603,5.714464938986693
1269.62207,1282.2088245267962,1286.27478
0,0.10268962312713456,0
25.17531286865437,12.436974680851025,13.455222044031643
0.20533219934437327,0.2335269646340568,0.10921112911630604
1909.06702,1916.4058588103971,1925.71985
0,0.19158809411342564,0
16.0530240716859,11.277102809308749,17.556425551550745
0.2329333887642869,0.3950597241895971,0.10585203062231427
-8.32638100000031,0.3820519730296681,7.99309015
0,0.12403963207622803,0
88.5487946732554,0.8648885318067195,67.94476489329848
0.8568904346937527,0.020085845216217146,0.6893312162332594
631.118713,639.3679302888627,647.771362
0,0.2204605910361258,0
81.1744169690665,0.8471542987612216,83.84556038992383
1.5541161274648778,0.03581244574948239,1.766706044616681
1269.62207,1281.3058345827214,1286.27478
0,0.17880558657786558,0
23.433921062927503,12.598328372618306,14.834111024132588
0.35589392776374607,0.3491755714522293,0.09609185085330754
1909.06702,1918.9355659541468,1925.71985
0,0.034519623826460684,0
19.764556722057762,9.36148439432928,14.841249911477922
0.06903264916394508,0.04836285722495043,0.21535390274811464
-8.32638100000031,0.126315962823508,7.99309015
0,0.33016737461436263,0
80.49308059248462,0.8976404403159051,68.15494423744828
2.2879105876783683,0.0549329253702292,1.9509750765066765
631.118713,639.6831900922753,647.771362
0,0.6684489515552675,0
65.90605722579573,1.1324090887849483,56.67586581171912
3.477234813795536,0.14541943175747996,3.5781699785245578
1269.62207,1282.4765019568683,1286.27478
0,0.1396807790505118,0
25.71509363656604,12.574546375567556,13.636298056338621
0.2791644330152424,0.30805317303128904,0.2660483075820692
1909.06702,1916.2235997038147,1925.71985
0,0.1654261971298661,0
15.920589439688255,11.445930812399638,17.859566393629336
0.23668925805964156,0.3107999952651199,0.22695374680664077
-8.32638100000031,0.3589125075244546,7.99309015
0,0.12099011869413025,0
88.88570472229682,0.8569279969344171,68.36655428172398
0.8252298594362567,0.01965650779426274,0.5931955434271728
631.118713,639.3628326746456,647.771362
0,0.1972530811201349,0
82.02497709771978,0.8371390449603029,84.49900031474925
1.249984469238161,0.033712206104694366,1.2981695728533122
1269.62207,1281.4114481610757,1286.27478
0,0.23278988823242017,0
23.65223909650173,12.757605535622835,14.681771562706082
0.4646726711517773,0.3876298886426243,0.1025451934493361
1909.06702,1918.818077671407,1925.71985
0,0.11124848519613047,0
19.534756128447775,9.202977020307383,14.857469637486282
0.22283236346552704,0.11066579632602358,0.13183065146807985
-8.32638100000031,0.17029125040502535,7.99309015
0,0.01349432917686264,0
84.8514124345698,0.8595287564627593,72.05696843140164
0.10885303669828178,0.00196473899812821,0.08896575543002352
631.118713,639.7212083367062,647.771362
0,0.14639356244874527,0
73.27040146868207,1.0243174705492222,64.29172409177131
0.9298810114432227,0.026908464953656733,0.46269127770201596
1269.62207,1282.4290639370327,1286.27478
0,0.01242054436494517,0
25.61604054365774,12.6458796526532,13.81540568376172
0.024839617955849894,0.020458892474719447,0.011315088565125515
1909.06702,1916.8869964996557,1925.71985
0,0.021593361694785193,0
16.580322930705314,11.042386867904135,18.108009654013102
0.04405123708075941,0.03376613679668647,0.03140695469842739
-8.32638100000031,0.37213679642272623,7.99309015
0,0.11193296027683104,0
86.14928630408434,0.8874333507163052,66.33387037876305
0.82411535327432,0.01761683591147937,0.36329967671053975
631.118713,639.3756063943381,647.771362
0,0.0272377295942636,0
80.38087394812877,0.8573092616541169,83.07841018647231
0.1544989973341878,0.0049304438059770824,0.40948671567607753
1269.62207,1281.3230662718252,1286.27478
0,0.026462741734642962,0
23.52028614175598,12.938129188899222,14.83337274816995
0.052106626246526226,0.06012484228431268,0.04470022941785961
1909.06702,1918.7046495093348,1925.71985
0,0.01865089020366416,0
19.29876351392774,9.173287509542758,14.538239407497041
0.0373445874717799,0.018318010815352385,0.020260588507955736
-8.32638100000031,0.19507054997479223,7.99309015
0,0.07415581964545746,0
86.01841542416084,0.8526327622306066,72.1727800529052
0.5923952792997369,0.010883419037233269,0.15913376593788364
631.118713,639.7100207099553,647.771362
0,0.22383003438274937,0
72.50782061964759,1.03267460484589,63.96392097077367
1.4059849891190592,0.04160037940840471,0.7338789738441579
1269.62207,1282.4281229820751,1286.27478
0,0.03305685845217468,0
25.613439467993842,12.676039339789284,13.843465544414489
0.06610775632499556,0.06367812582761795,0.040689961762555196
1909.06702,1916.8057511677832,1925.71985
0,0.04970368607757414,0
16.453443966557316,11.01795728381145,18.230580311308284
0.10026995552760519,0.08001035455417155,0.09320376691511326
-8.32638100000031,0.4022528788060722,7.99309015
0,0.2002509258801815,0
88.94602753629869,0.8649880821388093,67.48174873210559
1.8999340488255356,0.023563293743864018,0.8571247110624004
631.118713,639.3971930442005,647.771362
0,0.05279767126991361,0
79.78674589435364,0.8684069220755,81.62272139156411
0.4607307655507423,0.006910295665570929,0.9552043055706502
1269.62207,1281.432569343775,1286.27478
0,0.05844813588448069,0
23.70875797794454,12.873401297304289,14.69522077097271
0.11697554509276184,0.08250545861537775,0.08961881603019875
1909.06702,1918.656638574974,1925.71985
0,0.03174605343011952,0
19.20587966903542,9.097302561485463,14.58174998948827
0.0635785425230118,0.030447423966437664,0.033080353428438784
-8.32638100000031,0.13914291480360852,7.99309015
0,0.09957600045565417,0
86.12753669714768,0.8402790419389253,72.87972083076289
0.7427282275158693,0.015389939200768157,0.18515794279626138
631.118713,639.75012325336,647.771362
0,0.07143667761025391,0
74.45654828612606,1.0144210933080675,64.46890055103324
0.4409914559062563,0.013324281360998056,0.42030402361744934
1269.62207,1282.3761865450153,1286.27478
0,0.045909435958730815,0
25.50921447494904,12.642728113407678,13.689781447250644
0.09180452065875619,0.1128662204953032,0.011879496581951627
1909.06702,1916.844022390299,1925.71985
0,0.038544014572483666,0
16.62333461721264,11.244592004236578,18.211048815740348
0.037786071887823666,0.09434911057994629,0.15344769358938523
-8.32638100000031,0.3252538392608919,7.99309015
0,0.4902062836592855,0
89.6713636020281,0.842641701813537,69.28692558742344
3.6413798002609896,0.07543796393901435,2.094183029844299
631.118713,639.3394187360891,647.771362
0,0.09293312465607442,0
79.29323218326208,0.8616426519365444,81.96347029053656
0.6095175089266271,0.01588944627668054,1.279157343162492
1269.62207,1281.3859181679873,1286.27478
0,0.09769440854604337,0
23.604795182092374,12.755531987483353,14.910882346828398
0.19334065251856522,0.22476797750366284,0.07296378962918623
1909.06702,1918.8289192785242,1925.71985
0,0.010827962278613316,0
19.552415341783885,9.247474372947881,14.773630686545939
0.02129700209040457,0.039093661973073505,0.09738172532757117
-8.32638100000031,0.16391046100561013,7.99309015
0,0.08671321888596636,0
86.62539361834982,0.8402980566829523,72.50890005481239
0.6933036149544708,0.012695854832019186,0.3564434104800577
631.118713,639.7388820542435,647.771362
0,0.13532269188963167,0
73.52294926085077,1.0249568582686792,63.774407708036726
0.8230515073271512,0.025599360190896755,0.8290347230266109
1269.62207,1282.4636951672944,1286.27478
0,0.06219262530645667,0
25.68613817221958,12.65049023655714,13.807015048401396
0.1243929817194782,0.07404559600092595,0.09708279078842846
1909.06702,1916.835050541572,1925.71985
0,0.059017707253552244,0
16.602553121768114,11.228543895017827,18.319161939401923
0.12401797250611174,0.08861512112923173,0.1726690746555791
-8.32638100000031,0.36886535180167357,7.99309015
0,0.43723159271470174,0
91.74478906623224,0.8316433062178726,69.89973236585749
2.931167915812351,0.07038837852692242,1.4439767936147607
631.118713,639.3662545048588,647.771362
0,0.07111677434699197,0
79.44277899519884,0.8656712215768902,81.46569861207544
0.18559697137597866,0.0146707523973647,0.753796542160166
1269.62207,1281.5004861759926,1286.27478
0,0.09799659412944094,0
23.82186981484285,12.790479970931955,14.850287475652781
0.19428036319616163,0.22527006361725502,0.09616817795796098
1909.06702,1918.7580122975514,1925.71985
0,0.055539586731262115,0
19.409408211926824,9.189000631959477,14.681478925968309
0.11116437313992107,0.06464348128738781,0.031911987064662174
-8.32638100000031,0.15004149370137654,7.99309015
0,0.05087037572513702,0
83.51639125217031,0.8693565174155932,71.62692606393426
0.35255979335678056,0.008345868663085157,0.3467331939980858
631.118713,639.7390315009488,647.771362
0,0.007992669490691948,0
74.09344701811774,1.0168771077924008,64.46440474834608
0.04914298244443608,0.0014968198880470648,0.0461720987907829
1269.62207,1282.3895095501282,1286.27478
0,0.010057944076195292,0
25.535984140810772,12.649211416437492,13.842606850369537
0.020114237935168255,0.019803162836412848,0.01320874544173547
1909.06702,1916.8788751211125,1925.71985
0,0.0069519095017750955,0
16.578251656947046,11.061223692369143,18.127628702374984
0.013204873946532058,0.012407978690291348,0.012110807417296435
-8.32638100000031,-1.8977210381365053,7.99309015
0,4.654624614510733,0
14.465605209275914,3.918324574481944,48.00332724891145
7.541032043918428,6.589790674009598,36.553375188503026
631.118713,639.3383931232603,647.771362
0,0.6333489942331093,0
83.28043224785867,0.8193335083020303,87.63746086370074
4.346254662293442,0.10310908418978121,6.176119042958937
1269.62207,1279.8785117080686,1286.27478
0,0.7781115706692189,0
21.226213300336436,13.34137281328987,16.493271679458438
1.4869254623142543,1.461071937869123,1.1713756207940436
1909.06702,1919.6414268828132,1925.71985
0,0.6106902147322908,0
21.190365599918486,9.931995314201709,13.738221386425762
1.2230351469367169,0.6663389264728368,0.41850635128799935
-8.32638100000031,0.17001947914395998,7.99309015
0,0.13032417598443222,0
85.09207428044168,0.8569923534300528,72.27140658541431
0.9963171415656704,0.019876744474827034,0.36184796252069146
631.118713,639.740265375458,647.771362
0,0.019902722831030742,0
74.19835695730116,1.015693635470521,64.51764693380152
0.1239380943689208,0.003694943600868157,0.09323448423735886
1269.62207,1282.3840366222437,1286.27478
0,0.016672766797904946,0
25.52533973014672,12.628692189371925,13.827430146282481
0.03334395344949752,0.028091116491965468,0.018640404731311615
1909.06702,1916.89621980759,1925.71985
0,0.014800453367352983,0
16.605483711517422,11.066643571847733,18.101951476685485
0.027919016307201516,0.02671215491726799,0.029936044572608234
-8.32638100000031,-0.1571499053987946,7.99309015
0,5.454858796579064,0
19.31086500783813,4.508487763518939,34.16838820983901
7.862530669146369,7.1034592325239165,35.46671321641644
631.118713,639.4558974239654,647.771362
0,0.5337889143128577,0
84.13717196967261,0.8344098363505378,83.73661220917074
2.46834690715932,0.09900440611625726,5.274890730661027
1269.62207,1280.9727376476362,1286.27478
0,0.9241747608507265,0
22.73092778361216,11.945216795073954,14.416656287631263
1.847704206692368,1.4221966874565666,1.3788583388570974
1909.06702,1918.2998274836727,1925.71985
0,0.7644503039395698,0
18.492469138834227,9.744350702581558,15.5402795954743
1.5306999974438222,0.8727942320849827,0.9477543332585475
-8.32638100000031,0.12682834894197903,7.99309015
0,0.2976419745662444,0
87.66637876199758,0.8228215261029221,74.60580108608882
2.200254346439278,0.045932922510147925,1.2231776810552155
631.118713,639.7466741583311,647.771362
0,0.037175287496821106,0
74.095541722919,1.0186768948672094,64.26980677563019
0.23114793056852403,0.0069142575991307425,0.2126813424893903
1269.62207,1282.4397772810223,1286.27478
0,0.025193065826365813,0
25.639087220305917,12.60256796488819,13.742760666273306
0.05034619161077211,0.06896369610574131,0.019761506837390187
1909.06702,1916.9061824536327,1925.71985
0,0.025166981290574434,0
16.656140945255064,11.139527358763978,18.14924255189686
0.042468603515413116,0.05123416417258675,0.042600594765893285
-8.32638100000031,-0.7892233764357286,7.99309015
0,1.979782525157303,0
36.92244065267596,1.6086860689885265,55.28123924668566
6.823272010656072,0.6959311690676417,12.417056181868253
631.118713,639.1104904158597,647.771362
0,0.32335072559803846,0
98.02565232817128,0.6559381094740877,105.46556735589955
3.0529474661213576,0.039761892592807456,1.656678649459379
1269.62207,1279.9108822548305,1286.27478
0,0.8903348898405139,0
20.905717977629312,12.297473697876683,23.08666189357808
1.592721690263902,2.5344702458354287,1.5146117730244153
1909.06702,1920.5016203025305,1925.71985
0,1.3035480503354224,0
23.559935657728595,14.61149709243305,13.42425617005161
2.402829865977811,2.784405667554036,1.553961844526549
-8.32638100000031,0.1318095384664364,7.99309015
0,0.10247413998378663,0
87.25959395225553,0.8277152861781619,73.55690397024838
0.7990272818981676,0.015272958668166865,0.5844053308191648
631.118713,639.7379447347573,647.771362
0,0.05983698502309758,0
73.61845416570819,1.0233633551239736,63.889109198009464
0.3457199795172752,0.011651592297514194,0.42176927907936956
1269.62207,1282.4434348894827,1286.27478
0,0.03508946107654295,0
25.651201553127304,12.495998515457256,13.784286510284293
0.07007104363191655,0.09008574467884149,0.12159504483277157
1909.06702,1916.8066300447667,1925.71985
0,0.044246907420801555,0
16.509517568061046,11.125208041111318,17.98592853985037
0.0740800658272803,0.0892023926903176,0.08325643836966841
-8.32638100000031,-0.6071928305820125,7.99309015
0,2.028288995208057,0
70.72132693969809,0.852828779259876,89.00550214609858
17.086537205319623,0.2725240487292574,19.06097602284822
631.118713,639.2881528476761,647.771362
0,0.2736050153554312,0
100.2029710238791,0.6705326273522515,102.55774501577179
2.1363861759790197,0.037688951815700686,2.210561368771372
1269.62207,1280.448688935996,1286.27478
0,0.8247274781387793,0
21.65451532755636,10.944862649107048,18.95684398053916
1.6489034758606302,2.286508916417535,2.4334017128705026
1909.06702,1918.4701596563068,1925.71985
0,1.3578196353222558,0
20.079561595531096,13.558042168267932,15.640032277829079
2.3614049915277495,2.641369690883253,1.7351532485746617
-8.32638100000031,0.17408318933002676,7.99309015
0,5.8081946649801715e-05,0
85.59996418999219,0.8526272809211214,72.55672497883465
0.000421296509279571,9.179714500847913e-06,0.0003013543172748461
631.118713,639.7428508969243,647.771362
0,0.0005054503975599995,0
74.90744350133309,1.0064239288638352,65.05199034473868
0.002662769457429414,0.00010159693749080932,0.0052361324693689605
1269.62207,1282.415830783242,1286.27478
0,0.000180912224442185,0
25.588973549989234,12.658189831923501,13.834621005360546
0.0003618448517336498,0.0001795692346022147,6.489316288470773e-05
1909.06702,1916.8906886473758,1925.71985
0,0.00045507906761728807,0
16.599672221531563,11.070664211106727,18.11216517830791
0.00011404989854785149,0.0012782241610442026,0.0012426290279356261
-8.32638100000031,0.38067113593676183,7.99309015
0,0.0002665392458890435,0
87.39030528251496,0.8763062363756198,67.00492753530911
0.0019453395634856363,4.200890411644059e-05,0.0011296136188966388
631.118713,639.3830262607074,647.771362
0,0.0002447140019456318,0
80.61166257688791,0.8563552186480061,83.02339870436188
0.001953830088996972,3.602916731684294e-05,0.00039819419457488565
1269.62207,1281.3489540725002,1286.27478
0,7.736333194342557e-05,0
23.562892436220842,12.913994204011823,14.792867673174898
0.00015505977957932048,0.0001020364365494037,6.601885327529428e-05
1909.06702,1918.6858814054126,1925.71985
0,2.5001189847396027e-05,0
19.26119107360462,9.15533176063179,14.559473902787795
5.004108486789698e-05,2.817334426921856e-05,2.36701647868058e-05
-8.32638100000031,0.1740637837323149,7.99309015
0,0.00016246674582244216,0
85.59549463975232,0.8526687750137146,72.55363298112698
0.0011802995547168993,2.5651998204879468e-05,0.0008325683617487741
631.118713,639.7438636811441,647.771362
0,0.0015942000224973276,0
74.87470326869445,1.007115934844559,64.99252955190342
0.0086894750139455,0.0003161601949827184,0.015297059853041192
1269.62207,1282.4177002221304,1286.27478
0,0.0004785842259548459,0
25.59270756525845,12.66027531736156,13.835373368658225
0.0009572210573451287,0.00048026426391294797,0.00019685064452918348
1909.06702,1916.8847455783416,1925.71985
0,0.001323682008840771,0
16.59771045722091,11.08348534537237,18.126314185853154
0.000617706657623788,0.0036486888710430946,0.003621445109113044
-8.32638100000031,0.3807387501670192,7.99309015
0,0.000379451200886843,0
87.40289340053407,0.8761911919513079,67.01232035094733
0.0033370508165244807,5.002595457027748e-05,0.001988511620665737
631.118713,639.383401853518,647.771362
0,0.0003620330961434972,0
80.62401939923814,0.8562997937421073,83.02130318681893
0.0032546292613922427,4.540788411312104e-05,0.0005302707804751164
1269.62207,1281.3484922483103,1286.27478
0,0.00013075536828369564,0
23.56189963114833,12.913115797843082,14.792469429725115
0.00026249825848138783,0.00015454874862070626,0.00010283651148569308
1909.06702,1918.6857215141322,1925.71985
0,4.054528644916942e-05,0
19.260879958523837,9.155092342057667,14.559621506358164
8.117578498447733e-05,4.1433396542584794e-05,3.861069061003567e-05
-8.32638100000031,0.17362977271793767,7.99309015
0,0.00015459284836700894,0
85.63464151433003,0.8521831583720405,72.60062287946838
0.0009394793282968863,2.6667019655807595e-05,0.0033453783829108996
631.118713,639.7398157992326,647.771362
0,0.002230665194525485,0
74.84666254227147,1.0065451697479715,65.02693559711949
0.016649136654298815,0.00035055663292087524,0.010161958831570237
1269.62207,1282.4123856093443,1286.27478
0,0.0014281145726009134,0
25.582057900430506,12.655942982737635,13.835634330998658
0.002856231559216348,0.0020012607504840056,0.0006132684372385154
1909.06702,1916.8562834442969,1925.71985
0,0.004301469167807254,0
16.538866506308786,11.046284225697498,18.08544442014897
0.008556431053741258,0.007104107816979063,0.0030923984171312147
-8.32638100000031,0.38096597539186305,7.99309015
0,0.003603898827503462,0
87.39550157179012,0.8763130193239671,67.00450119712502
0.025660535350783123,0.0005770369931440847,0.019953115437835157
631.118713,639.3824252071944,647.771362
0,0.0025875656005026684,0
80.6056997582001,0.8562940226765371,83.02540857472513
0.019256314121234904,0.0004057702325746804,0.011568160611268415
1269.62207,1281.352227055372,1286.27478
0,0.0015459379569440245,0
23.569305222925014,12.91666525677768,14.791299440479698
0.0030967790072336035,0.0021073876757726376,0.0006594651343834495
1909.06702,1918.6855133574152,1925.71985
0,0.00039136393489620037,0
19.260468311670273,9.154844389883692,14.558701609379966
0.0007813353133223172,0.0007162962060290377,0.0005547200505590607
-8.32638100000031,0.1744213240214929,7.99309015
0,0.006411738963270663,0
85.58898791361446,0.8528073804770402,72.54294294203574
0.041809238813610095,0.0010742374063336386,0.05311406778132587
631.118713,639.7436814316826,647.771362
0,0.0013543939688375156,0
74.86977391633646,1.0071409240898814,64.98958633000208
0.009485832106761868,0.00022841753106697083,0.012661664748966473
1269.62207,1282.4167685486073,1286.27478
0,0.002442305833490166,0
25.59084584464925,12.659272963023037,13.834543214277724
0.004884733016404572,0.0030308373089753776,0.00408333248205854
1909.06702,1916.8824755543858,1925.71985
0,0.0068527359752211196,0
16.59387376208216,11.082222519068216,18.124029754850117
0.014518250868115805,0.009778305085213563,0.010777744127546153
-8.32638100000031,0.3808656331618554,7.99309015
0,0.0031665115071268708,0
87.39858835448396,0.8762610331684398,67.00725019378666
0.018980195031986256,0.0005503867104067602,0.02202755160809638
631.118713,639.3833872275682,647.771362
0,0.0018687405846718552,0
80.62237076071456,0.8563146204409449,83.01951956964945
0.008125739779344507,0.00036088122811808076,0.006723707884125015
1269.62207,1281.3486610642872,1286.27478
0,0.001121821449610905,0
23.562187452391083,12.91300865072946,14.791794521608344
0.0022410167693847683,0.001751670747619544,0.0023756296307100846
1909.06702,1918.6856141917012,1925.71985
0,0.0005749889483538906,0
19.26067661162359,9.154878886138844,14.559992132604343
0.0011497846861450397,0.0008208716306178423,0.0022229706944631687
