-8.32638100000031,0.017701294755012142,7.99309015
0,0.40021730279148654,0
71.84515871630221,0.9825164160066735,65.72623393216038
2.5018904864798035,0.07409689957113805,1.8082484476449119
631.118713,638.853640300191,647.771362
0,0.7737193519871741,0
37.38517715683069,1.6754276100674739,49.18301051018139
2.728740270582672,0.2697835999721085,2.8854726047278056
1269.62207,1281.6397036575756,1286.27478
0,0.055581268460034895,0
24.109338360058107,12.998878008755243,14.652021191495814
0.11105922176397376,0.08706280194231476,0.05084937954088881
1909.06702,1916.4716476936876,1925.71985
0,0.052012458247530244,0
15.822458747477146,10.696734520346197,18.694454913183115
0.10345552411668457,0.08628134243813815,0.06243434924959701
-8.32638100000031,0.38156899502049413,7.99309015
0,0.30776985011700664,0
84.14193885157927,0.9110608336906553,64.50530569113933
2.2033334636884634,0.049815319883527914,1.0161871996006984
631.118713,639.1282010426272,647.771362
0,0.6217651637166095,0
53.890513711253234,1.2179373623194247,62.57310319284465
3.088244261562134,0.14805982870127193,2.4439579582526085
1269.62207,1280.6363578517028,1286.27478
0,0.025347143522697686,0
22.63771054877301,13.926909691445127,16.20981273639938
0.043924911248279914,0.06358388946401261,0.054225733639579575
1909.06702,1919.3902503468425,1925.71985
0,0.03689523186902549,0
20.79947860159778,9.1405757964801,13.523925223830489
0.07424100843213405,0.03607587589983299,0.0383739071503634
-8.32638100000031,0.008200571546391089,7.99309015
0,0.5310436159589901,0
69.35298470090689,1.0165180225028903,63.753476696846406
3.0497898478121237,0.10513041446151795,3.415334275098899
631.118713,638.9212502269612,647.771362
0,0.988395760425398,0
34.96764507070581,1.8375941313700836,44.54114934194249
3.246404994686897,0.3762417776423127,3.2563431670545597
1269.62207,1281.6882204095923,1286.27478
0,0.1037964539763932,0
24.188673602072384,12.919562194485474,14.549641008357266
0.2063320798632503,0.22501739422002184,0.1599270607641299
1909.06702,1916.3800158671106,1925.71985
0,0.08962547082896606,0
15.689488950993965,10.683777292049612,18.851608314074717
0.18407662126025406,0.14200401555871955,0.1749226186241887
-8.32638100000031,0.2791138999952505,7.99309015
0,0.8437812377353292,0
77.92015796820897,0.9622736267708807,62.86122187153287
7.3816493446431855,0.10363219173346681,2.9193275338937243
631.118713,639.0627803056227,647.771362
0,1.0166401137277188,0
48.201562712587304,1.3468925320155445,57.79347899828379
5.505177120398273,0.22204620710363035,2.7468500225875134
1269.62207,1280.8410683696065,1286.27478
0,0.07994414485469,0
22.971550609835326,13.946894956178486,16.065584054811502
0.1616142033900656,0.11390921857929048,0.17072982006130333
1909.06702,1919.2955530347963,1925.71985
0,0.1783100055521723,0
20.647224557991215,8.925727289767355,13.556550690687846
0.35991116534659195,0.15631029407368613,0.21259615684345012
-8.32638100000031,0.07938374275419413,7.99309015
0,0.34959335729389424,0
78.55078643113279,0.9100490710546177,69.31286418262997
2.3957912805996444,0.059008735271326204,2.3341294455847055
631.118713,638.8894421635223,647.771362
0,0.3279726856408813,0
51.312259804526505,1.2051019110112398,62.98058440599139
1.5640208359803647,0.08091580459885511,2.429557056367281
1269.62207,1281.7391392451764,1286.27478
0,0.10980483927692686,0
24.281852747330028,12.901666880245042,14.586773245032756
0.2185644393119405,0.2333032136956634,0.0769518090364156
1909.06702,1916.4450634502025,1925.71985
0,0.0675698748067293,0
15.947978948356344,10.998718053939804,18.368256312771322
0.0872167168689115,0.14524674603547197,0.14879641930467102
-8.32638100000031,0.47094614267986934,7.99309015
0,0.3556369059762931,0
94.55086572361921,0.825744085498842,71.000314809276
2.673122646730649,0.053505772386441115,2.491668775993153
631.118713,639.2598907516302,647.771362
0,1.6392091957472146,0
80.49821632850166,0.8319553899328584,85.22493446354294
11.548882282575171,0.2658471533146229,10.364772884547557
1269.62207,1280.78549019939,1286.27478
0,0.19783605689960582,0
22.783951445690214,13.662473536483827,15.983114245594592
0.3793210240861319,0.4035648582589915,0.06502046973547654
1909.06702,1919.554807040879,1925.71985
0,0.039160855690871015,0
21.183950243969406,9.109996724735508,13.884897486460458
0.07816598196519778,0.054153927578005676,0.06956264601445998
-8.32638100000031,0.009469349277184236,7.99309015
0,0.6005623277326068,0
76.29442515478442,0.9219063143243308,67.6805467224205
3.7016038052042646,0.1090162919679972,4.7385969980645735
631.118713,639.0797445312096,647.771362
0,0.5191439174622906,0
53.53848545518814,1.2111846408001012,63.76221500886221
2.672602244585143,0.12033822267101306,2.465873376968909
1269.62207,1281.9236018650392,1286.27478
0,0.21378165901011364,0
24.65904495154789,13.159846661880714,14.69767155542597
0.4282369818208928,0.2573571591946395,0.32364770472781396
1909.06702,1916.388852039755,1925.71985
0,0.1411629821823834,0
15.884639034470785,11.019853415582215,18.63621302152051
0.2744495756049891,0.2417851317362469,0.4047206288924113
-8.32638100000031,0.4230742067026423,7.99309015
0,0.6223956010668944,0
98.39356099161841,0.7842795819054532,74.86820196369462
6.449413311089205,0.06747257334867192,5.598137143866563
631.118713,639.3585938606809,647.771362
0,1.737795010771387,0
95.1768653553907,0.7187912440196913,102.23674277179444
16.421850936993103,0.21505113633750128,19.638797096116875
1269.62207,1281.4143157245396,1286.27478
0,0.38458043361604377,0
23.791922697135128,13.463391467802673,16.29759633115951
0.7707912749990553,0.548337024191448,0.19128507349924592
1909.06702,1919.4312318124428,1925.71985
0,0.21297351803039563,0
20.83697054943449,9.356435875527591,13.901959969300968
0.4280824192773924,0.1971514426761106,0.34034712501288417
-8.32638100000031,0.07893343228656313,7.99309015
0,0.016158331060742527,0
80.38685734343787,0.8886910732697152,71.36759748909587
0.09601840118033125,0.002908152848383266,0.21383859707457223
631.118713,638.9921804850884,647.771362
0,0.03995187898706067,0
52.323851799133855,1.2128802958632394,64.75930499830679
0.20161350003056955,0.009441486899471708,0.1418584304938544
1269.62207,1281.7042397536347,1286.27478
0,0.013572920045616827,0
24.254869066242055,13.17425944660232,14.759947115094029
0.02675562941931402,0.03300432019343837,0.024328955133822123
1909.06702,1916.5158168031544,1925.71985
0,0.011238784622169502,0
15.940974951215683,10.80669917153927,18.645827950005522
0.02337967185620662,0.017298052337103822,0.010368815786847037
-8.32638100000031,0.42621529346011755,7.99309015
0,0.06553536791422471,0
89.52662928286367,0.8640390686899941,67.13159201403852
0.501588308132348,0.00992836816722647,0.192353757021268
631.118713,639.2760615380059,647.771362
0,0.006467706597116977,0
68.08860783205752,0.9917352721786513,73.76330901535485
0.033811738919712626,0.0013382811836567879,0.07172279493949417
1269.62207,1280.617114479459,1286.27478
0,0.01222312076475767,0
22.61977400381044,13.95989471709828,16.25285549338767
0.02242926959966159,0.026783786983551196,0.020967791469773955
1909.06702,1919.4412074927616,1925.71985
0,0.010540497023563288,0
20.902719460205,9.183623924409352,13.476211955731943
0.0211924064773783,0.010884492939377969,0.011413863336650931
-8.32638100000031,0.11003073924915263,7.99309015
0,0.07407105026658373,0
81.05966489195521,0.8877553678920919,70.88874450648728
0.5259405923315774,0.012081476603334852,0.5557434118797062
631.118713,639.0045850043416,647.771362
0,0.042961136377681716,0
52.22216260220129,1.219283667264962,64.2535923350348
0.19136433390734744,0.011017887186456719,0.35851576881628283
1269.62207,1281.70173523986,1286.27478
0,0.019439682217249808,0
24.25087185757136,13.17799668997817,14.765001885999371
0.03848407054628471,0.042564663643858365,0.030536078036718817
1909.06702,1916.4988654155097,1925.71985
0,0.01236283720343218,0
15.92523353104523,10.82110228665946,18.678650273113107
0.022008472331540452,0.0233178582604485,0.026488512791492235
-8.32638100000031,0.4887327354382087,7.99309015
0,0.4481499310057183,0
95.97511180592191,0.8165977679910235,69.79069459436153
4.858613329971861,0.04204953127081492,2.265623398565699
631.118713,639.2854411397615,647.771362
0,0.018505791724546746,0
67.79928931727244,0.9984218930150156,73.12337218769974
0.14774457649742218,0.002513996516135716,0.39622954085671686
1269.62207,1280.7655699736467,1286.27478
0,0.06347762972175705,0
22.82823680279163,13.884848499649117,16.071702301646585
0.1296215858344264,0.0820992203045699,0.13574914712751246
1909.06702,1919.3651495232043,1925.71985
0,0.06847151743982177,0
20.741255906467707,9.14651502229139,13.562252987550997
0.13790055240065585,0.06107046550776841,0.07973677920211356
-8.32638100000031,0.03160221287243026,7.99309015
0,0.06447676679001445,0
80.93519654931524,0.87251490901221,71.58193874300618
0.46230399386585685,0.010417274712882518,0.6980352854632583
631.118713,638.988669768552,647.771362
0,0.03838845320282195,0
52.75622675250017,1.2013652591594692,64.7203802254057
0.19030346063363948,0.009166646147574073,0.41668565838530897
1269.62207,1281.6743272060066,1286.27478
0,0.04132967450204242,0
24.187986165187155,13.097868036000582,14.586077348350242
0.08234319899024271,0.0745074776020523,0.05433035869138422
1909.06702,1916.4612384692464,1925.71985
0,0.04743523254909348,0
15.945626751588925,10.954639385859789,18.53991873663812
0.052310607586330854,0.10728276120449105,0.046859107965081886
-8.32638100000031,0.3722324742447132,7.99309015
0,0.92265783863241,0
100.88703022038007,0.7556660895526727,74.16135026364061
7.652016118055079,0.1266281638189921,3.7932283176587775
631.118713,639.2753355560279,647.771362
0,0.043459374054979245,0
67.48058720690767,1.0007621326804192,72.8462353046309
0.24732014073837022,0.008672614342472653,0.42897250305964474
1269.62207,1280.8345003613445,1286.27478
0,0.10079243657171508,0
22.918604772380412,13.825103850841334,16.200864578328968
0.19171537830840255,0.2096871968613479,0.05147830401389343
1909.06702,1919.3897688880297,1925.71985
0,0.06061452520860786,0
20.7831194335755,9.197671639014954,13.550948501440875
0.1210003773504536,0.08668758475992311,0.035311336896882754
-8.32638100000031,0.07373246783268783,7.99309015
0,0.04429526080453848,0
80.87912297083216,0.8820561689748236,70.56643631421197
0.24849637326341784,0.008110747473425214,0.916186143480227
631.118713,639.0041336339257,647.771362
0,0.07001162537823101,0
53.462936436942215,1.1895118615044429,65.20943664139347
0.3776490191555867,0.015558615206154798,0.248782223225555
1269.62207,1281.7440570641356,1286.27478
0,0.07264317931455705,0
24.316021042253148,13.093237471525534,14.678854761787232
0.14517823961842363,0.11255226415134557,0.10718003343224534
1909.06702,1916.4106477704145,1925.71985
0,0.059349717597145364,0
15.848050941606663,10.900820867121048,18.502474828298894
0.11494569459734036,0.10209017624765754,0.12978688909385316
-8.32638100000031,0.45252965348124086,7.99309015
0,1.0595293046843326,0
112.62899468157637,0.6884841951040189,80.76635418964267
11.296836934364928,0.1158358778034791,6.153398934657788
631.118713,639.2726758153628,647.771362
0,0.06144954851900519,0
66.89965273768487,1.0090530347897038,71.94481187687332
0.43146204698048685,0.01030501894524932,0.6800827571598913
1269.62207,1281.0396900656367,1286.27478
0,0.15774770219442585,0
23.192600923911716,13.624140801017203,16.130008195732557
0.314263264221302,0.2533093744614975,0.19177821289824745
1909.06702,1919.4003336985595,1925.71985
0,0.08946915441140706,0
20.789296939452242,9.267109194870338,13.740168615069651
0.1793668414442053,0.1054387292721146,0.16369754073153805
-8.32638100000031,-0.06594607244020168,7.99309015
0,0.24963040349796023,0
106.69062857082496,0.6434379334553533,101.58385340411196
2.309988335369898,0.030645716411684346,1.97250659257208
631.118713,639.0266506849254,647.771362
0,0.011038222932188204,0
57.159442760507645,1.1158360807505046,69.64739279808808
0.0593982787318768,0.0024181625316505614,0.04588895825578639
1269.62207,1281.1652314417847,1286.27478
0,0.003940865277365281,0
23.149905995002715,12.432251558829558,14.532248461309965
0.007690302622286886,0.012917698194119453,0.010993743223949496
1909.06702,1917.296807039824,1925.71985
0,0.009752988110319426,0
17.01130450394612,10.654308927814467,17.313388843704864
0.019508299360529068,0.015428020087820474,0.017528872985187193
-8.32638100000031,0.23433806008425861,7.99309015
0,0.6341726384081142,0
70.37706211148753,1.057213954943975,58.02165831084925
3.958637277981748,0.11937306955722295,1.4192048359800185
631.118713,639.2759521288385,647.771362
0,0.03657047327033688,0
67.1325202106326,1.0062652150726328,72.72895215097662
0.21297438474314415,0.007218005162363031,0.23553284372472139
1269.62207,1280.7761535921095,1286.27478
0,0.03522443616034296,0
22.92726285288917,14.109621732851195,16.252641337908045
0.07065072598170052,0.05427056820597413,0.028020673626037305
1909.06702,1919.4504525439181,1925.71985
0,0.018937717827929943,0
20.967849822362624,9.035819200541498,13.385945816026437
0.03675523934200028,0.04070305362652504,0.02694315165998316
-8.32638100000031,-0.04938533422309277,7.99309015
0,0.353354731586393,0
103.38359181385238,0.6669675698115578,97.6488795619366
3.063758956123396,0.04574934529686261,3.3339000068158158
631.118713,639.0252192908713,647.771362
0,0.032709661687933,0
57.01859251214291,1.1182916872561268,69.52180055742716
0.17468299906195695,0.007210935753124368,0.14284707128177312
1269.62207,1281.1767398183106,1286.27478
0,0.014207881310175117,0
23.17534842992046,12.461630221791522,14.547363654768473
0.02815786259534233,0.03261781404962899,0.026695061460754916
1909.06702,1917.2698295840078,1925.71985
0,0.027141497896350956,0
16.96987374487597,10.654745310472814,17.356428040873535
0.05367691488948572,0.04519721841927987,0.05236532424727468
-8.32638100000031,0.21201345410497474,7.99309015
0,0.835311215292041,0
64.42147862938839,1.1522855968206929,53.75172600937353
5.323412692334956,0.15548763543609032,2.0934827477559597
631.118713,639.2754901580334,647.771362
0,0.18462836049159556,0
64.9536249886873,1.0409995386248374,70.38055901179048
1.4547973605920923,0.024321407206692434,1.6540394061020425
1269.62207,1281.1624426494689,1286.27478
0,0.2617580975286183,0
23.65356977275295,14.413798581742638,16.233947485969615
0.5362910968081837,0.3284897836156495,0.08608359189400767
1909.06702,1919.4858611402458,1925.71985
0,0.06234138567980381,0
21.163031895779334,8.733211576373739,13.190889068106834
0.12596228806838858,0.0632446959505219,0.1154054221018935
-8.32638100000031,-0.09540662443919068,7.99309015
0,0.34259188802521556,0
107.65211533660599,0.6330548865429125,101.43250877658872
3.1626688617700918,0.041905433962195926,4.149522741747371
631.118713,639.0359079928224,647.771362
0,0.10175408687839016,0
56.74370947213523,1.127035694456269,69.03185065098387
0.5161484806857497,0.023269641472317856,0.5506235593139135
1269.62207,1281.042056969806,1286.27478
0,0.05600610210005364,0
22.91217872438132,12.364869359744871,14.319120046889322
0.11140502609505169,0.10978679881577538,0.06559814160679675
1909.06702,1917.3084670247051,1925.71985
0,0.04308472326280268,0
17.092529651431338,10.808386265922463,17.328148655159673
0.06580230633959572,0.11405660890960956,0.09055775367778375
-8.32638100000031,0.3079348848377208,7.99309015
0,0.6963990813428678,0
77.90226082754728,0.9690405593220356,53.916841689067454
4.373421183978911,0.12601313625340138,6.251289701080403
631.118713,639.2692343859449,647.771362
0,0.5242244636445772,0
62.023460261243116,1.0902260435647708,67.728564270584
2.843614816129973,0.1119300724294356,2.784269922164815
1269.62207,1280.335349531219,1286.27478
0,0.048384131832645026,0
22.179727052113705,13.955297997917603,15.708505914283695
0.05796888056748953,0.15197102156236947,0.16090459552463662
1909.06702,1919.9833305041136,1925.71985
0,0.40806741933056445,0
22.501111244586127,8.528577152854348,13.72626336216484
0.7767913725106239,0.6933269790564581,0.04098840799085724
-8.32638100000031,-0.06839221878380464,7.99309015
0,0.34974763048233987,0
104.82873500431486,0.6546192228185973,97.51277809302383
3.0312751644876563,0.04495045466039837,4.026900434546426
631.118713,639.0258077091078,647.771362
0,0.08177026744392768,0
56.44594827591743,1.1302791362966318,68.77500456952278
0.42137850268645305,0.018545743995229885,0.48454845277785297
1269.62207,1281.118647882926,1286.27478
0,0.07500384012696022,0
23.055095029439844,12.371969616477562,14.423057434378148
0.15018490822605385,0.09817566531060017,0.11252340949695717
1909.06702,1917.2027796718548,1925.71985
0,0.07367171880781963,0
16.910724082881693,10.758091251238946,17.30938624192707
0.14260754293382835,0.13123637937475158,0.0930066080710599
-8.32638100000031,0.4685221771571726,7.99309015
0,0.6900139589904263,0
74.6606041324807,1.050815707401506,47.88135755648979
3.6424272512758495,0.14067455405961804,4.860999633041957
631.118713,639.2563952235695,647.771362
0,0.4565543603292766,0
59.56195368291861,1.1333816603671385,65.45425929787882
1.8404988881243403,0.11377041856511079,1.6862068239169652
1269.62207,1280.569673862028,1286.27478
0,0.2878522923323905,0
22.66719116340947,14.266232362785212,15.812476643940844
0.5901046501563456,0.4008466065458632,0.2848348428814686
1909.06702,1920.1214780520695,1925.71985
0,0.2786056540305265,0
23.06578928297266,8.245552860250646,13.507180828073507
0.44672413954127377,0.6204156291842677,0.3472445656518089
-8.32638100000031,0.08376106605209799,7.99309015
0,0.0005134471043276271,0
80.95124831167632,0.8833817182913155,71.69929885764323
0.003608226316865375,8.429174269467542e-05,0.0023533072531719706
631.118713,639.0016435640804,647.771362
0,0.00034695241150078807,0
52.977582849198484,1.2001481858288106,65.28220338409328
0.002220329292199967,6.017270107838279e-05,0.01063171956362075
1269.62207,1281.716567528647,1286.27478
0,0.0002243941328907601,0
24.278083045641054,13.178011504249325,14.754675867825236
0.00044943205942754485,0.0003000806730862586,0.0002226885978749964
1909.06702,1916.5248536151516,1925.71985
0,0.0002567740267998254,0
15.969574798846388,10.837426104675298,18.638905779228363
0.0002039731304323193,0.0006385822897308343,0.0004563563074321966
-8.32638100000031,0.4308282419655747,7.99309015
0,0.0002537491720225301,0
90.38000896422218,0.8566334013366472,67.61541852196999
0.001903426446651042,3.886698477026809e-05,0.0010815980621626826
631.118713,639.2767622972177,647.771362
0,1.726032800984179e-05,0
68.09131543260128,0.9918676007985157,73.74172257384
9.070815107175602e-05,3.5635905529044636e-06,0.00018742068064976153
1269.62207,1280.6255884508505,1286.27478
0,2.6991432585756634e-05,0
22.63152493472886,13.955660556231297,16.242429071383423
4.0095584372697545e-05,8.164538272885269e-05,8.494381056016931e-05
1909.06702,1919.436535810474,1925.71985
0,3.8186847302572366e-05,0
20.89283813674149,9.181186596313797,13.481288418527631
7.245262938301157e-05,0.00011002823756949706,7.06651662959059e-05
-8.32638100000031,0.08398117942898864,7.99309015
0,0.00113006159740445,0
80.98208290365463,0.8830846014112219,71.7188852056714
0.007959111467000918,0.00018521798887995524,0.005087624799864583
631.118713,639.0056008726037,647.771362
0,0.0013236145673965992,0
52.98895449023638,1.201112024628843,65.17397344983435
0.006601952585721056,0.00031441057040124636,0.027734426632611147
1269.62207,1281.7147064315093,1286.27478
0,0.0007369930406243483,0
24.27395540169963,13.173496801619287,14.751989813563679
0.0014711318278302719,0.0012085388461279853,0.0008676082771988642
1909.06702,1916.523702182019,1925.71985
0,0.0006024875273872532,0
15.971530742250646,10.84414592644439,18.642744383689966
0.000595401296303619,0.0014518444466889871,0.0010390216502437686
-8.32638100000031,0.4309502490204604,7.99309015
0,0.0005743695079459549,0
90.4020785714328,0.8564443286779306,67.62781285611345
0.005649799920390513,6.36316488701794e-05,0.0031764600369160035
631.118713,639.2767914768684,647.771362
0,3.542636446706407e-05,0
68.09024688216886,0.9918908354234179,73.73954188316154
0.0002736802686248581,5.181568531953914e-06,0.0005593640198707638
1269.62207,1280.6256120796802,1286.27478
0,5.5690152083649694e-05,0
22.631110788321315,13.954467211373137,16.241412158160365
0.00010791763330687022,0.00010238057584372587,0.0002598421887501376
1909.06702,1919.4362533738624,1925.71985
0,0.00011138707026306062,0
20.891965000238557,9.182040400506308,13.482128933589522
0.00022292713216516026,0.00014385524176712213,0.00021467311982121173
-8.32638100000031,0.08403564003700659,7.99309015
0,0.007353574762829733,0
80.98222211641708,0.8830946136911332,71.72286831229833
0.049578416753384875,0.001238985233094724,0.041406247790413235
631.118713,638.9940857474991,647.771362
0,0.011813948805214828,0
52.921847222997876,1.199114838936164,65.27357665653618
0.06485435270882028,0.002582919428174832,0.010889273436635705
1269.62207,1281.7264047484207,1286.27478
0,0.0030765184599885003,0
24.297481377370445,13.186517456150215,14.752570176984184
0.006165984841127248,0.003899828138845095,0.0015755963963219506
1909.06702,1916.5092925578645,1925.71985
0,0.003196492059134599,0
15.941064940956945,10.823945696320283,18.631718214402586
0.0068179136015933325,0.004692057162919939,0.001177423860224807
-8.32638100000031,0.43061996318690277,7.99309015
0,0.00650722702507582,0
90.43103191532677,0.8560996241671738,67.65792829044388
0.04800332388127895,0.0010072775366404111,0.0335476448297347
631.118713,639.2765959589453,647.771362
0,0.0007655692584305339,0
68.09109142445023,0.9918299079262122,73.74394855242383
0.004606393643401881,0.0001471410659295226,0.004561635363232508
1269.62207,1280.6306174720842,1286.27478
0,0.0011853042780509112,0
22.64139183820755,13.960778995008749,16.246178660365647
0.0023798899019181635,0.0018167876582834308,0.0009475854749960224
1909.06702,1919.433078746032,1925.71985
0,0.0006680698318134486,0
20.88535588204008,9.180002743797644,13.476369323094898
0.001308917600939557,0.001402239155476527,0.0011663280669559355
-8.32638100000031,0.08408543737836638,7.99309015
0,0.006155733497484239,0
80.98973353941571,0.8830214579565187,71.72301363267394
0.04211030048766521,0.0010280849765414114,0.03911578537600669
631.118713,639.0050572907404,647.771362
0,0.0035836296631857755,0
52.98587878474515,1.2010155553879458,65.17563132317682
0.023128124766514106,0.0006093695093659305,0.023950962885408985
1269.62207,1281.7146288307972,1286.27478
0,0.003674001285550053,0
24.27383188984579,13.173617241262265,14.751524035356951
0.007368625777263049,0.004375339703143559,0.003844043670921239
1909.06702,1916.5227011619343,1925.71985
0,0.0038922954854020836,0
15.96953751768954,10.842976334197374,18.641658604251546
0.008278866239861864,0.005747233312441399,0.003949630281076099
-8.32638100000031,0.43107759392394307,7.99309015
0,0.006149368481914513,0
90.40870810197163,0.8564054609711933,67.62744921067224
0.04264617346514982,0.0009860751057438853,0.04791473385837864
631.118713,639.2767900898442,647.771362
0,0.0007788183575342038,0
68.09097646903786,0.9918795461634976,73.73973507124819
0.004758288523243324,0.00014817350803279284,0.008459580770579407
1269.62207,1280.6254766161946,1286.27478
0,0.0016181913089700446,0
22.63059311327856,13.953663286905337,16.241016800710636
0.003285974077548183,0.002291540507142111,0.003594543671973861
1909.06702,1919.4361470796227,1925.71985
0,0.0011560087701852587,0
20.8916517709651,9.182306183834779,13.482892445584383
0.0023078519569598843,0.0016324767684204318,0.00270395413196361
