-8.32638100000031,0.035951220529996775,7.99309015
0,0.4773840006308413,0
72.6146150016388,0.9761317803238069,65.84781207863941
3.0275487014825844,0.08725379620688542,2.0429623401303565
631.118713,638.9157555560503,647.771362
0,1.208286540104058,0
47.93438796522537,1.303731873320416,61.54448072234219
5.547825054597391,0.31493263239970243,4.476400161785862
1269.62207,1282.2719887316166,1286.27478
0,0.03579015127089768,0
25.301314235666723,12.787337754649855,14.04057526505288
0.07157229040708882,0.07102876647399814,0.050402450722025816
1909.06702,1916.7992662516574,1925.71985
0,0.062405112324753736,0
16.33773525199677,10.803780564752206,18.174832722555166
0.08006919786761876,0.15483496051618126,0.09737548189771064
-8.32638100000031,0.32329087894929387,7.99309015
0,0.15815146733366683,0
80.42141952209664,0.941327847478875,63.43451654518269
1.0833660322089593,0.02675033027688281,0.5583373862806036
631.118713,639.3336596483849,647.771362
0,0.5297942596573777,0
64.80824458558152,1.058599596074928,68.32339180145993
3.068916185336251,0.10675907241848105,2.3127298327166463
1269.62207,1280.859066508136,1286.27478
0,0.0281279987053224,0
22.884282496652,13.59910805909981,15.756001895636132
0.052801113402797854,0.06490940426171433,0.05112423242633006
1909.06702,1919.2201942564861,1925.71985
0,0.022422020515812734,0
20.465749222356273,8.95820786040773,13.674545732549369
0.04452654656621789,0.03630282128293584,0.0159071000476676
-8.32638100000031,0.03633950872213276,7.99309015
0,0.7228622418214268,0
69.40172537237271,1.022757382316401,62.94011820700334
4.286271462066625,0.1405731416813489,3.5472109081432257
631.118713,638.6045489359984,647.771362
0,1.2498350696154503,0
40.72639903660501,1.4258777709827606,60.60318927900737
5.3875541549645165,0.3555762696190069,2.3013625397357473
1269.62207,1282.3328162359917,1286.27478
0,0.09960990833247853,0
25.422667518887298,12.589120551517164,13.824821491151045
0.19920514691924654,0.18829849860116446,0.12310217248815997
1909.06702,1916.805600284297,1925.71985
0,0.10112858501324219,0
16.310272471092766,10.72819321194787,18.15112795023936
0.08119680485052032,0.28624140894061656,0.19645829734162767
-8.32638100000031,0.3153340433551204,7.99309015
0,0.32717651887174004,0
79.09314006505208,0.9557425932635971,62.63840691264879
2.8250652667137577,0.04189923541970466,2.154766494180391
631.118713,639.3191738070602,647.771362
0,0.7700898169469945,0
58.79588433117458,1.1669052359404466,62.423870146091176
4.745842241352668,0.14812754593994057,4.39314685557778
1269.62207,1281.1210271207374,1286.27478
0,0.09905360570871942,0
23.31680756534041,13.579956252737015,15.536828870750778
0.19992382244191667,0.12963525129026718,0.09170935802111262
1909.06702,1919.0464645768852,1925.71985
0,0.13384223395196326,0
20.160198283139653,8.659154159964144,13.814877385461926
0.27025084259569654,0.11977704047482433,0.15084465413719222
-8.32638100000031,0.035356753711516475,7.99309015
0,0.5292287425851452,0
77.24083383660059,0.9160677702048469,67.46766981849026
3.3851351642994336,0.093713147350168,4.0332426446118115
631.118713,639.3003074336746,647.771362
0,0.6279872396389469,0
79.89512332095991,0.8468046966983925,86.05888647648959
4.328690491952094,0.10377124429205066,4.987931007462645
1269.62207,1282.664097778127,1286.27478
0,0.0731684773968427,0
26.084236195848565,13.090655864347895,14.517445361523004
0.14633349792741326,0.1703170905874096,0.11591703866586452
1909.06702,1916.9456031496811,1925.71985
0,0.20436674519056022,0
16.580144519945392,10.869456998457329,18.062760580967378
0.3187623634853004,0.4682697334360242,0.23171198249768465
-8.32638100000031,0.3661528225520474,7.99309015
0,0.13377229560302392,0
83.46940394434233,0.9152800697270908,65.07830574079448
0.9168541686834225,0.022341818077717658,0.5528605972931525
631.118713,639.392311123207,647.771362
0,0.3161023717712537,0
74.08808737584492,0.9357517475887032,75.70185875608571
2.0309344827961056,0.05659876831898983,2.263713506674391
1269.62207,1281.1745793210162,1286.27478
0,0.31625108581302086,0
23.30633200194842,13.181500465053988,15.913553052190007
0.6215621701399584,0.6437980284019913,0.07991925441302125
1909.06702,1919.6576318570576,1925.71985
0,0.051490399508753316,0
21.423132214808973,9.10639042653748,14.119690262688655
0.09184978486740873,0.16488478259206235,0.21371189894416293
-8.32638100000031,0.12254168558409795,7.99309015
0,0.6046373813206948,0
74.11880319621449,0.9759573021034204,63.158205316476824
3.5378655160437824,0.11531199356611341,3.8410995975301594
631.118713,639.2234743153687,647.771362
0,0.8151392409151208,0
80.26318739254754,0.8269164094201964,87.37413900728035
5.7992244734896605,0.13130638461057187,6.908712353559397
1269.62207,1282.398927009268,1286.27478
0,0.23451399335470913,0
25.554420463457497,12.872216918403542,13.920334165274795
0.4690315690844755,0.3092230165881254,0.31358620481190674
1909.06702,1917.202798852733,1925.71985
0,0.3276983558732648,0
17.0178842856043,11.001169830830593,18.573847549332207
0.6461810277967949,0.5494367353476145,0.4069945271457492
-8.32638100000031,0.3510435775075873,7.99309015
0,0.15863629633760562,0
81.44808291011611,0.9352257509566213,63.64737350527962
1.1880049660314878,0.024921288832641896,1.1047921968078174
631.118713,639.4421579036408,647.771362
0,0.3929631034915874,0
74.4378384097048,0.9426430493070854,75.61789462149123
2.901046978618975,0.06276471838385612,2.798482317484213
1269.62207,1281.4231781994324,1286.27478
0,0.29167484120142684,0
23.774220673002795,13.314428597242392,15.746182087298259
0.5723675195635407,0.6327577709242608,0.16053811119439715
1909.06702,1919.411698192795,1925.71985
0,0.2194776911891998,0
20.97625252257201,8.759419935681267,14.136516081159687
0.44198347701075846,0.2401973632748224,0.12650846312757003
-8.32638100000031,0.11856145284896691,7.99309015
0,0.032210018521037366,0
81.29438455350727,0.88694596273485,70.79916425359768
0.24734322798425531,0.004929788581459599,0.030798571391464722
631.118713,639.2760768347011,647.771362
0,0.08416690715214292,0
77.76976135711831,0.865262576136137,84.27373510166635
0.6016517843357689,0.013696092213586784,0.36281096409194746
1269.62207,1282.3744762184172,1286.27478
0,0.006650126233816872,0
25.50848479104507,12.97065571353905,14.143489596838997
0.01329752608286409,0.012363707826883454,0.0074917221452454
1909.06702,1916.7922033956004,1925.71985
0,0.01206948389723142,0
16.43656022765756,11.022147003268215,18.253390264799172
0.022182149542517432,0.022404872582790794,0.020115749001161885
-8.32638100000031,0.35094049806265204,7.99309015
0,0.08284025976686885,0
83.06839139893478,0.9165455456129726,64.63694151094523
0.5833336504559752,0.013607519990261137,0.30084794899677975
631.118713,639.4034359663427,647.771362
0,0.0025070933481838634,0
76.0383459199527,0.9136359347350866,77.55489437701112
0.017273942823819787,0.00042407214844236886,0.07333386439755178
1269.62207,1280.8620156522707,1286.27478
0,0.013942006525070418,0
22.899080949171456,13.630274023915982,15.779796039069353
0.025527450936893164,0.03498323139526634,0.028647901846595603
1909.06702,1919.2617505624519,1925.71985
0,0.016351912926890085,0
20.555088901123877,8.975473526116737,13.622288797602584
0.032778985832380855,0.01984288485067333,0.02053421925202272
-8.32638100000031,0.1480000498878269,7.99309015
0,0.0510979853833655,0
82.06002421823999,0.8846915910841445,70.45314353611812
0.4193271856089525,0.007295395905269566,0.29867195212272507
631.118713,639.2772579395806,647.771362
0,0.0776176735748674,0
77.44814319423915,0.8691925783235346,83.8774678461283
0.5525132623569675,0.012685981953461298,0.35797426240408675
1269.62207,1282.3935951586736,1286.27478
0,0.014744050067437182,0
25.546480449019374,12.982550889296295,14.142870314640192
0.02948862521781283,0.020324626539611066,0.01024131614067799
1909.06702,1916.7499802858822,1925.71985
0,0.020971539609721444,0
16.393702368988784,11.0535084243999,18.332680240902043
0.0400100938099195,0.03695696551322511,0.04049324301540216
-8.32638100000031,0.3878288438937165,7.99309015
0,0.24633003162124015,0
87.11470070600195,0.8805965334957406,66.56644686130934
2.4025806274293777,0.02667401209706742,1.234406159638807
631.118713,639.4188496532769,647.771362
0,0.01528272735583923,0
75.8664590841044,0.9192101031024379,76.8156382728954
0.13885749092031266,0.001723401694744538,0.4164612699265099
1269.62207,1280.999556400779,1286.27478
0,0.051622976209758614,0
23.109100621341035,13.569602687633004,15.62074387016142
0.10423996100518962,0.06882374057713185,0.08189356194200652
1909.06702,1919.1802535592435,1925.71985
0,0.051504131256135594,0
20.378609190766138,8.94655155729256,13.727169314010979
0.10372756870684893,0.04755635351729123,0.06348913710596384
-8.32638100000031,0.09019621380823928,7.99309015
0,0.15891447690211655,0
82.42499669282891,0.8685861915773526,71.17415108852806
1.1364170918901313,0.025621497754899886,0.2379426457933542
631.118713,639.2748543805224,647.771362
0,0.07636168796721365,0
78.73548203402176,0.854153926694679,84.7433994386768
0.5144837749595687,0.012856134799534326,0.5639934092536939
1269.62207,1282.4699113818438,1286.27478
0,0.07513602636909808,0
25.696482640275818,12.94961610732987,14.202459405943143
0.1502654907223347,0.1389174174757636,0.02824184155978998
1909.06702,1916.6274475798843,1925.71985
0,0.07622302515645628,0
16.220557572328907,11.045675999257003,18.159545876560635
0.12482892296996084,0.15267796320604873,0.07335097580979806
-8.32638100000031,0.3257804089570886,7.99309015
0,0.8095747290845996,0
90.73453856366066,0.8326846868949667,70.0502294851143
6.093489933775656,0.12297074049528918,3.675067002761378
631.118713,639.3765862567523,647.771362
0,0.021497832279767336,0
75.49197193008133,0.9143828808893795,76.79999877219937
0.13986653205255226,0.003786173522242474,0.572178299521588
1269.62207,1281.1761366990859,1286.27478
0,0.20785278717972466,0
23.36931366384279,13.426709641924552,15.986069077839264
0.4038182280847375,0.44813617626337643,0.03188787012075733
1909.06702,1919.3055599824106,1925.71985
0,0.08343629760670641,0
20.608944741073486,9.140664025604801,13.675322829356102
0.16512628079617908,0.15268098256667204,0.10110560186040132
-8.32638100000031,0.10971810165782436,7.99309015
0,0.2234140045933318,0
84.33877526071127,0.8524481857864903,71.99400219316712
1.7038827868801476,0.03415408634367267,0.5122501165190214
631.118713,639.2917319280416,647.771362
0,0.0924351579772025,0
77.71522474275974,0.869248352824315,83.37092976287462
0.6218172711801226,0.015681878507956732,0.7606043762010464
1269.62207,1282.4907988558941,1286.27478
0,0.06569665162361787,0
25.73752767198231,12.898768835352612,14.157780509872062
0.13139318818054552,0.10021342222376363,0.08929076559850242
1909.06702,1916.6362471391626,1925.71985
0,0.05278463847419745,0
16.301989675854436,11.175150482678347,18.257974154934068
0.08520283132131559,0.1051737815900857,0.12844455314112144
-8.32638100000031,0.369310012430752,7.99309015
0,0.7615419972513228,0
95.18844731424555,0.8011142996484543,72.56735413950217
5.842753594879539,0.11228295606165435,3.641561469221039
631.118713,639.4006561141268,647.771362
0,0.0560514969432583,0
75.9630757498125,0.913942355405605,76.74624241118087
0.49511136996518096,0.0068456516190224,0.20794866574750887
1269.62207,1281.2149998939979,1286.27478
0,0.14024079544843032,0
23.432577959209716,13.41199058261782,15.768153732161117
0.2598370658513412,0.4110776293702758,0.10819093698170033
1909.06702,1919.1789321349481,1925.71985
0,0.10891943900802704,0
20.341628533881163,9.077792845516793,13.751422660754946
0.21718709988061538,0.16467353268273274,0.09773426467698365
-8.32638100000031,0.1117652595418761,7.99309015
0,0.18130033635360526,0
83.26773939578693,0.8640672244481726,72.75204907708789
1.297405980949712,0.029134524253632558,0.8988986016028502
631.118713,639.2837943284476,647.771362
0,0.010586832238923472,0
79.25486813650885,0.8503148130326987,85.57050455000982
0.06572243405665948,0.0018530824150902012,0.14346630293140725
1269.62207,1282.2941484662135,1286.27478
0,0.02782728166249661,0
25.34662707602937,12.850241147368823,14.083425395203445
0.055640246976287215,0.060107573829676124,0.04042149499234065
1909.06702,1916.9358378795155,1925.71985
0,0.013908494110545238,0
16.63404060038525,11.010444116236913,18.018385837782375
0.026485979371117217,0.024871027926050223,0.012930773704070354
-8.32638100000031,0.3600143363512931,7.99309015
0,0.3615960946996442,0
80.36262962450323,0.9501461309354777,62.27670071018931
2.4970163642737626,0.060912669796181304,1.0664496394103071
631.118713,639.4172114586627,647.771362
0,0.04240635808697196,0
75.26277831208051,0.9263980356910061,76.26331258711583
0.2727080391082696,0.00754802663678616,0.30883361947577315
1269.62207,1281.164764431399,1286.27478
0,0.052493816852865714,0
23.374519490229627,13.519811412361772,15.45169978825522
0.10211858411886192,0.10920241374241627,0.08101455898279128
1909.06702,1919.088295179203,1925.71985
0,0.050222738766450614,0
20.202536519192826,8.832542822387959,13.812131234016213
0.10039950149298764,0.06746129183301725,0.06514005503096076
-8.32638100000031,0.1101736736134118,7.99309015
0,0.19649952942044083,0
84.17611275270062,0.8542227590649965,73.60144204164274
1.4631740384080167,0.03060398273720175,0.7866607004453141
631.118713,639.2819245875279,647.771362
0,0.07214666678253158,0
79.79792383919947,0.8440116720457274,86.23474781751693
0.48171117152079895,0.012135622212219576,0.6705940895834168
1269.62207,1282.1969491798257,1286.27478
0,0.1040989577600203,0
25.15493852342695,12.83270766425616,14.129378709107531
0.20817773989252997,0.16494346700756793,0.08807723235467291
1909.06702,1916.992210094109,1925.71985
0,0.03775098980367148,0
16.68446216015296,10.946877191476144,17.90648501917706
0.0461534912038614,0.09829244400662242,0.0942409138289899
-8.32638100000031,0.46368138358335464,7.99309015
0,0.3998163468602859,0
86.64852837491308,0.9010786555185035,63.857045088264954
3.2315741139461545,0.05812247831586,2.827934586097875
631.118713,639.4471093619569,647.771362
0,0.12480078637512484,0
73.46616808277693,0.9565934752380315,73.39618076820604
1.066763756529848,0.01563497644152461,1.3547988270722464
1269.62207,1281.76886283372,1286.27478
0,0.24166397422205443,0
24.413646369649484,13.415936959562757,14.935771081807818
0.4853689866769036,0.28208912703686734,0.26517037758701567
1909.06702,1918.8486703710867,1925.71985
0,0.1451189273811818,0
19.749150206027608,8.523076126735509,14.070501198161935
0.2926713769501893,0.13560895425403657,0.1983795640040092
-8.32638100000031,0.1185540269230696,7.99309015
0,0.6602318177223475,0
94.27774777926669,0.7626245374725029,82.17990332159236
5.272123220762349,0.09422216970644555,4.3623494637954146
631.118713,639.2822542270118,647.771362
0,0.11344974449672654,0
80.42305103195125,0.8373794432436252,86.66136701767914
0.7931684384932534,0.01851564336187246,0.7390589838304691
1269.62207,1282.4877429779344,1286.27478
0,0.04261172166997712,0
25.731350144997087,12.873016458970612,14.214810035384458
0.0852234011142542,0.0957059795933075,0.04264788063785717
1909.06702,1917.0155277119775,1925.71985
0,0.05471171326502676,0
16.68827221307933,10.883000521409565,17.939745281836203
0.08615857168758541,0.12645412404198672,0.11627623120417889
-8.32638100000031,0.27369498697462546,7.99309015
0,2.077328832250102,0
117.6713449377913,0.6319350641084671,87.25769219886611
20.404542820714106,0.24014112932421405,12.448569376141561
631.118713,639.3568093358492,647.771362
0,0.5736812233225959,0
68.59912381181427,1.0040109163466382,69.06736095349878
3.4046077580883725,0.11134120601373994,4.320908776390011
1269.62207,1281.9609648793228,1286.27478
0,0.6606754924280615,0
24.68266773426759,12.586680106324495,15.575167243488352
1.3207887056260974,1.3523912540783218,0.23139131477450328
1909.06702,1919.7254064669828,1925.71985
0,0.1461688102012009,0
21.677474655674573,8.8697211312836,14.777097806577792
0.27764178943455,0.30479433686222845,0.657724687397798
-8.32638100000031,0.13650750223951746,7.99309015
0,0.32741306536484477,0
95.6640893784476,0.7546189168797938,83.22523084147423
2.6181194016503953,0.046445658341647725,2.4407532906643916
631.118713,639.2943697385663,647.771362
0,0.08433949527966075,0
80.89442644989145,0.834895764875819,86.98461241633032
0.5891808151044351,0.013745542973983371,0.6722511932967274
1269.62207,1282.3191360709095,1286.27478
0,0.1370081729972183,0
25.39506978974071,12.806647668659673,14.023435330497188
0.2740230276323839,0.15959538834547676,0.129605588748746
1909.06702,1917.1615967985929,1925.71985
0,0.07600527629304552,0
16.950342942345166,10.986417758866994,17.92372515475949
0.14521898085464735,0.1375209020037771,0.15191088659242688
-8.32638100000031,0.5351255727006183,7.99309015
0,2.137593370673871,0
144.23039921256708,0.5465212929592406,97.62062452264396
28.167684637183264,0.18848590952249467,15.00975992623121
631.118713,639.4013941547399,647.771362
0,0.4274526760446325,0
69.04966891127816,1.008250693593777,68.54888522983123
1.1605351181735228,0.10130155253920661,1.9516911797099628
1269.62207,1282.4635083023074,1286.27478
0,0.6146404994984769,0
25.68325100332246,12.772286818783686,15.099276915396999
1.2292317141893734,1.3380556025420567,0.2744167288464126
1909.06702,1919.2573985880438,1925.71985
0,0.20175971739208112,0
20.6939626067869,8.553602836613301,14.72763139927176
0.3979196703351194,0.31886313549229944,0.38741341245777106
-8.32638100000031,0.12571602821833672,7.99309015
0,1.2561744011598767e-05,0
82.14032898164534,0.879114901034537,71.28581088524933
3.873969023975587e-05,2.539249653205618e-06,0.000307645564910814
631.118713,639.2873944569579,647.771362
0,0.0006087255955854042,0
78.76624715864673,0.856469609389677,84.89646880013235
0.004204283649713279,0.00010100227013573558,0.004084892536963771
1269.62207,1282.3718979982214,1286.27478
0,0.000104453817287864,0
25.50339118121499,12.96993044411792,14.144376829560425
0.00020889644672128271,0.00016180503570977007,7.849839695520115e-05
1909.06702,1916.784873163055,1925.71985
0,0.0003729975350423003,0
16.434199212370558,11.037643612488129,18.270510904869106
0.0007544357430234766,0.00059880359942111,0.0006977454578050227
-8.32638100000031,0.35375300244021624,7.99309015
0,7.830230567803868e-05,0
83.64920349168132,0.9106360996477532,64.99712693509163
0.0005791529033853166,1.2375583806940993e-05,0.00013664438085445567
631.118713,639.4059280608383,647.771362
0,0.0005204747408401941,0
76.13588395359459,0.9129924695752488,77.56256771716352
0.00340992991158405,9.107807244041937e-05,0.0032441868185127294
1269.62207,1280.8748785603204,1286.27478
0,4.8733670870921006e-05,0
22.915999809140004,13.616717421501033,15.758124540064383
2.95612986956242e-05,0.00024313971337426628,0.00024384402477624318
1909.06702,1919.2544263355217,1925.71985
0,0.00019737603344186001,0
20.53825294201434,8.976179978490414,13.633139101942728
0.0003977801896874686,0.0001786227200531808,0.00021220706013516113
-8.32638100000031,0.125634071239892,7.99309015
0,5.77215665171999e-05,0
82.14074579209392,0.8790931073181961,71.28900149785613
0.0003411051345242584,1.0304909789276865e-05,0.0008612328123489713
631.118713,639.2876390943746,647.771362
0,0.002219916149631889,0
78.81350618428135,0.8559964753168988,84.93759792326516
0.015294322505737151,0.0003688269595865161,0.015487185770778324
1269.62207,1282.372946777539,1286.27478
0,0.0002942546781522508,0
25.50545235431811,12.969904338142726,14.14372198370953
0.0005884916488360406,0.0004405346146472127,0.00020371793134636018
1909.06702,1916.789508001709,1925.71985
0,0.0010880325274345902,0
16.44204485601658,11.040311137110935,18.26393109280199
0.0021857263891962896,0.00176884900034054,0.002023861841450811
-8.32638100000031,0.3538412905493882,7.99309015
0,0.00013897358186442204,0
83.65399462117713,0.9106015137123794,64.99804509900301
0.001248926973974906,1.726869939249408e-05,0.0002758053713306558
631.118713,639.4060025415672,647.771362
0,0.000927331312691549,0
76.16605021837043,0.9126385962491274,77.59056915037402
0.007835903433694178,0.00012421168194050208,0.0072984526898103325
1269.62207,1280.8752943222353,1286.27478
0,6.06419274488119e-05,0
22.915978966088232,13.614483245380933,15.755911999511948
7.93500056579965e-05,0.0002470140048723023,0.0005720583687527796
1909.06702,1919.2560578873672,1925.71985
0,0.00043286325142251374,0
20.541589326543658,8.977454048860364,13.631402560815784
0.0008726099281086065,0.0003835641339840253,0.0004567954503340002
-8.32638100000031,0.12469876090232468,7.99309015
0,0.0007400903294726472,0
82.16447319943306,0.8786370729334803,71.32381344900305
0.004246249327569015,0.00013355096238452683,0.006730311530907639
631.118713,639.2884108965402,647.771362
0,0.002400163149165378,0
78.83704682655983,0.8558987053770206,84.94975414498008
0.015893295477361437,0.00040814794689359975,0.022246705953713652
1269.62207,1282.3737711203694,1286.27478
0,0.0005286699295031527,0
25.507046159263695,12.969090886754925,14.150698262710126
0.0010570706457022994,0.0010325223679617359,0.0018509807975986114
1909.06702,1916.7875838097202,1925.71985
0,0.0025180676131803604,0
16.436197945150194,11.034132563120272,18.27971631900958
0.004650006066818946,0.0046415648055173845,0.004696600974948054
-8.32638100000031,0.35247688929898935,7.99309015
0,0.004107874124771757,0
83.64644220831995,0.9103961067975999,65.01499074032444
0.02816190762689012,0.0006849036623752864,0.023843400574647764
631.118713,639.4066790315367,647.771362
0,0.001511650948516282,0
76.17637419781326,0.9126626837566676,77.59067741315374
0.00942751639122745,0.0002721060938133888,0.01281998951836813
1269.62207,1280.8803823785302,1286.27478
0,0.0012915526925655321,0
22.926247400268167,13.620345837978793,15.76344433340454
0.0026036985401870828,0.0018166450762444554,0.001999581111252198
1909.06702,1919.2538781739465,1925.71985
0,0.001518925819810558,0
20.537226883810554,8.975422596293418,13.637275597542677
0.003035226482814582,0.002067249327000748,0.001686130539818018
-8.32638100000031,0.1258604628008726,7.99309015
0,0.005233188878103653,0
82.14163574425987,0.8791309836678858,71.28802364133388
0.030752212881189112,0.0009363008234265673,0.045964311727459635
631.118713,639.2878329498575,647.771362
0,0.0012016576542484311,0
78.82204293596237,0.8559427831371696,84.94375339446965
0.008223345065686474,0.00020047709296148176,0.010420980673466949
1269.62207,1282.373517653029,1286.27478
0,0.0018126577714470287,0
25.506601506167343,12.970700961603244,14.144255516825556
0.003625487944234891,0.002368326600232186,0.004530704342939822
1909.06702,1916.7902944484301,1925.71985
0,0.001840606025373505,0
16.44321554398679,11.04044905002402,18.26640439716357
0.00382181728836243,0.0027977130082227596,0.006314647860384611
-8.32638100000031,0.35391733471550246,7.99309015
0,0.006176582036319435,0
83.65826844351795,0.9105700905207224,65.00066139756407
0.052620821847138774,0.0008386563305922233,0.02210511623172812
631.118713,639.4061044947042,647.771362
0,0.0013645876953465503,0
76.16992437661321,0.9126137677635768,77.5926786300025
0.007290706815026072,0.0002625064859969788,0.005665631620613532
1269.62207,1280.8755732800307,1286.27478
0,0.002579969300743924,0
22.9165085862268,13.614699370546392,15.755741895611663
0.005240664329188744,0.0032558371335191507,0.0029305141154671063
1909.06702,1919.255768375653,1925.71985
0,0.0018381102772554877,0
20.540981681119185,8.977282178491604,13.631975666700257
0.0036834278039992174,0.0022597567466900665,0.002349490027539447
