-8.32638100000031,0.07325020917209812,7.99309015
0,0.4680153541110986,0
73.72993109649693,0.9696750434560137,65.66501194767501
3.062532104173527,0.08337098760390413,1.5648031524847246
631.118713,638.6221142053012,647.771362
0,0.980208022165423,0
43.45232107796089,1.3368245488645405,64.02900272316253
4.286541941864623,0.2707590068896721,3.522365356240503
1269.62207,1282.018817334822,1286.27478
0,0.07240798199073216,0
24.837091920248834,13.15403170458515,14.531634124982133
0.1444321363028796,0.13759823458901185,0.08846378224564361
1909.06702,1916.8353922691913,1925.71985
0,0.04649841859302725,0
16.372358726571946,10.768024605578129,18.101157662153174
0.05553774294576318,0.12091933710244764,0.09286689377809294
-8.32638100000031,0.3525171848996891,7.99309015
0,0.3085976119572622,0
74.83785863854422,1.0203991608052518,58.23518264082969
1.9783741906508938,0.05611843205392576,0.8838908615109381
631.118713,639.3072186005983,647.771362
0,1.0302470148021123,0
56.45012321657384,1.2139068973057199,60.28248332467826
5.298324006264237,0.23715288992724942,3.345464553083639
1269.62207,1280.6683280902869,1286.27478
0,0.03153820902575215,0
22.641689330427248,13.799091250334829,16.077070581443657
0.06049490010433464,0.06176419475188717,0.04413615798718232
1909.06702,1919.230855795714,1925.71985
0,0.026302222927441193,0
20.41256888921221,9.276400536812996,13.815933222137172
0.05266160394649242,0.032872207481329394,0.02146190508532337
-8.32638100000031,-0.011235433203806267,7.99309015
0,0.5039220983781499,0
73.14874392578676,0.9577601267983328,67.87906116307404
3.3834491293846924,0.08798101939741981,1.6806965369803841
631.118713,638.581508987927,647.771362
0,1.1732677249787131,0
37.823087319231135,1.534744195038496,56.68056656351531
4.347254470001381,0.38640976973335395,5.336241394740605
1269.62207,1282.4235513667234,1286.27478
0,0.29650768070385736,0
25.605284702440294,12.975054620760247,14.127113460013419
0.5929069156661302,0.5961451816070478,0.3742109428973259
1909.06702,1916.8789912255343,1925.71985
0,0.08446983794733649,0
16.580464549620526,11.065310065022866,18.13229266084268
0.14364224345231072,0.17156825759818384,0.18540864885977762
-8.32638100000031,0.2494931791964028,7.99309015
0,0.7827825092311823,0
68.42252675808736,1.092312247510509,56.044832076315764
5.993995119799089,0.11134582651738278,2.085373406160235
631.118713,639.014483573601,647.771362
0,1.5661607440342287,0
46.32648861927555,1.3872783380207159,56.929585915236785
8.000957110742274,0.36797492603096577,3.87327776124467
1269.62207,1280.9784426172948,1286.27478
0,0.1803345031653319,0
23.164854705082416,13.85958003825436,15.887139784189301
0.36727911309201766,0.22536314067785493,0.19520828609135782
1909.06702,1919.2713198140516,1925.71985
0,0.07603485922198928,0
20.555866778523107,9.049853563254532,13.6564390767429
0.1530748373387455,0.07086706930293267,0.13854284238834566
-8.32638100000031,0.21240913162642094,7.99309015
0,0.6673682601079827,0
92.15351314876145,0.7981020062205607,79.5027127709803
4.962791275909905,0.10082910896730819,5.473371196280642
631.118713,638.9122100876557,647.771362
0,0.6767284365124421,0
60.79204578290674,1.0161043966300853,76.64871835814199
3.7853125515702994,0.14020474400419175,4.838961084740329
1269.62207,1282.176372127431,1286.27478
0,0.20821004563224002,0
25.109097150254478,12.633212533896282,14.482422133363304
0.4163926950695972,0.48219956601748715,0.3108490844288869
1909.06702,1916.4737816082657,1925.71985
0,0.09739871809611562,0
15.817645025448625,10.681791321798055,17.25112172221899
0.17330012962729627,0.18546055452619928,0.25170526914549934
-8.32638100000031,0.4394257665846659,7.99309015
0,0.6369422304009176,0
77.06359055413117,1.0103363634707305,58.52656508206332
3.99462522231212,0.11669081581228777,2.304615004663996
631.118713,639.6015079305071,647.771362
0,1.2390057347393513,0
67.82087870343575,1.0781368556470452,68.05307767169356
7.179425843391768,0.24834233979851608,4.624909959073963
1269.62207,1280.7816565672656,1286.27478
0,0.1974795584872575,0
22.71197386486302,13.458858031015312,15.772270179461223
0.379777797444467,0.41021727652008094,0.13713303551261677
1909.06702,1919.2548647841857,1925.71985
0,0.06199688115578616,0
20.49180127032846,9.156727334444527,13.713951655760209
0.1230548773646605,0.10881119951489915,0.1483018895400218
-8.32638100000031,0.10164416593769765,7.99309015
0,0.6304077942127353,0
96.14706295564294,0.7445464839363028,84.89073845903587
4.6869269356509475,0.09255743913611134,5.460984710191612
631.118713,639.0232248323787,647.771362
0,1.2304891386548835,0
67.17854734972869,0.9433244820974261,81.34214719505823
8.058975263375249,0.22103526820125086,7.452505879533998
1269.62207,1282.5925683155258,1286.27478
0,0.27370071956456316,0
25.956275488225437,12.532904375972803,14.234802541030863
0.547052414993023,0.4749164718314745,0.6210319991124433
1909.06702,1916.6584078657452,1925.71985
0,0.23156215634064092,0
16.26118159720139,11.042177480481836,17.732843811362848
0.45455139741492917,0.39201252819833193,0.3362579282970892
-8.32638100000031,0.3981534729818499,7.99309015
0,0.9097475802061339,0
70.27025303522383,1.100444006409583,53.958200676757414
6.206288464986538,0.15752881891852935,3.906256876716279
631.118713,639.3789957680995,647.771362
0,1.9994448430777714,0
55.20500771607058,1.264965100135146,58.1390172159538
11.62071615322337,0.408345106641181,10.29984437373357
1269.62207,1281.2335967665388,1286.27478
0,0.43328881009835796,0
23.46770091777046,13.423729963888777,15.86082248918689
0.8698255374109134,0.6051547063594134,0.2914234123557751
1909.06702,1919.3542523284018,1925.71985
0,0.4354086489834979,0
20.681982220091072,9.28792503447174,13.635749613298039
0.8751483162719761,0.4044000983224802,0.5119539294004047
-8.32638100000031,0.12290745557387694,7.99309015
0,0.026506625232901718,0
84.80731973887482,0.8503219178668115,73.69324551942553
0.2096555176528313,0.003928002597523711,0.14060586067286918
631.118713,638.965135665725,647.771362
0,0.009992372288731016,0
70.14374104278733,0.8889836740222511,88.12301191645136
0.06385293407794189,0.0017965756280835154,0.07743272570689495
1269.62207,1282.155284493917,1286.27478
0,0.005552511915275682,0
25.102496741367652,13.223833021162143,14.507143866907622
0.01108205244992354,0.010437475710759389,0.00652184593999887
1909.06702,1916.8168282590366,1925.71985
0,0.00531927920138389,0
16.425171032505627,10.930495156018635,18.18212652378876
0.009175564782672778,0.010721363716108786,0.012280037626983379
-8.32638100000031,0.42168812340237594,7.99309015
0,0.054104061371681555,0
79.53581506000799,0.9741225132372369,59.823259070053965
0.3708604246891394,0.00921277419476926,0.12640565756620803
631.118713,639.4776061591488,647.771362
0,0.027623770855113257,0
74.01347098615284,0.9563904599362042,72.87934258660768
0.17664937264662076,0.004983650094475653,0.15826195856357345
1269.62207,1280.645322283386,1286.27478
0,0.01448510729929781,0
22.619042238001157,13.837994381257356,16.128151451225932
0.027284510399286872,0.030100361454074034,0.022540293009147786
1909.06702,1919.306386869566,1925.71985
0,0.010002859206255805,0
20.572714531552005,9.304261593442325,13.72511540804284
0.020094966270919702,0.009239497245453943,0.008939189612946133
-8.32638100000031,0.15442385378156942,7.99309015
0,0.08027961654111751,0
86.03346547523296,0.844286229836129,73.6231283418156
0.6381576673526943,0.011824430438203167,0.46251052490007005
631.118713,638.9736908712789,647.771362
0,0.06438656313143047,0
70.319405718996,0.8886651190106203,87.98469176913372
0.4033273507623429,0.011710312366256281,0.5592925820635701
1269.62207,1282.2278301589704,1286.27478
0,0.02936586276611578,0
25.23877844331938,13.205729687814332,14.44602969841338
0.05864523731155397,0.054521431172856336,0.03384568205740606
1909.06702,1916.8223863585417,1925.71985
0,0.018781722650998773,0
16.454580542821933,10.973669315689417,18.187929362871515
0.03427494761952926,0.035417743958414086,0.03492112420862945
-8.32638100000031,0.4810954329704469,7.99309015
0,0.3899966629765504,0
84.56945909133113,0.9274241253078808,61.78178714913335
3.7305527684343636,0.04154398006940914,1.7440569434217046
631.118713,639.5023424353675,647.771362
0,0.03764930899699112,0
74.2288808081003,0.9592686578638359,72.23997574536378
0.2869326130694312,0.005787600076599658,0.32399083473225726
1269.62207,1280.811586343833,1286.27478
0,0.0726093299328596,0
22.863586503752625,13.77286585748649,15.940873381638573
0.14797641437731573,0.092588907622051,0.13475904682927434
1909.06702,1919.233397212516,1925.71985
0,0.060609616324665314,0
20.430376968195247,9.217766738557998,13.783278909688011
0.12180080179474922,0.05497876929252556,0.06015948317177841
-8.32638100000031,0.0781853523938274,7.99309015
0,0.16350087316866763,0
86.33380026279734,0.8260861172308411,74.71850789557945
1.2116444861543256,0.02528878304126443,0.3042173042957175
631.118713,638.9588755438813,647.771362
0,0.06705486819883799,0
70.17698940498032,0.8871159032048854,88.09834783212551
0.41424699524366476,0.012294323257049274,0.5858356232439624
1269.62207,1282.1483964568222,1286.27478
0,0.0251303759288725,0
25.075728655822523,13.075625801264392,14.410550647466785
0.04999254929706651,0.07035986208044341,0.06722453676567706
1909.06702,1916.7858228481919,1925.71985
0,0.025883279406548235,0
16.412616426295394,10.992627843039477,18.12036298025238
0.03170871423189211,0.062335721141846906,0.04515720881966961
-8.32638100000031,0.3660433358023152,7.99309015
0,0.8341111713123929,0
89.18192088941714,0.8554426982829473,65.62918387885634
6.12617156120406,0.12981561087643936,2.759572793539541
631.118713,639.459668182959,647.771362
0,0.11663147619123913,0
74.66632133160238,0.9436930696080251,72.77829354523158
0.7650846128418639,0.020601100470685148,0.30596944269751214
1269.62207,1280.8649933999648,1286.27478
0,0.10644555649309884,0
22.918638706756038,13.675774510881746,16.071048904847654
0.20386080605400425,0.22137501467407458,0.06491695344659991
1909.06702,1919.3284751329152,1925.71985
0,0.026604433884339043,0
20.625987611610594,9.283246364076543,13.874784123896351
0.053153702446909264,0.03764662742162247,0.04365815446203569
-8.32638100000031,0.11119576819614885,7.99309015
0,0.14000629430036834,0
87.22318209492738,0.8239973785974019,74.50119820550044
1.118284987821431,0.020464231892104334,0.4736492378411645
631.118713,638.9758755699207,647.771362
0,0.07492006988958705,0
70.16860224319714,0.8911266339784093,87.80063499268968
0.4810950388946722,0.013434061432146647,0.5860833213088211
1269.62207,1282.282343567921,1286.27478
0,0.087973942171871,0
25.33803176479703,13.139586401937816,14.47131046610286
0.17595249720175168,0.12554228370067838,0.10525313927620343
1909.06702,1916.7732932614256,1925.71985
0,0.05365367011583599,0
16.379410935191522,10.961821638719194,18.119945298635418
0.10804027889819791,0.08664263145464367,0.13717524871535494
-8.32638100000031,0.44959039641555876,7.99309015
0,0.9933712269337581,0
99.73088668537316,0.7783292921338028,71.61640822650762
9.534532039340622,0.12073930160235549,5.059992506409484
631.118713,639.4842118435599,647.771362
0,0.15124416823601936,0
75.17781907430425,0.9427016939031485,72.51438641852334
1.157403960430682,0.023201015911930693,1.221124550801355
1269.62207,1281.0782641494725,1286.27478
0,0.16620848859391216,0
23.219986516825667,13.493489759599807,15.986055073858475
0.33128112549117494,0.26598531103361256,0.1973915351160233
1909.06702,1919.3211713071742,1925.71985
0,0.09032198957965748,0
20.604898132185077,9.30603663692012,14.024827531276955
0.18140556325159848,0.08696101079442688,0.1317318139715516
-8.32638100000031,0.07891657947834929,7.99309015
0,0.3294423421371506,0
68.11058476021867,1.0535664904661826,60.50688164462635
1.8822357339389513,0.06624267398997945,1.7303092541097869
631.118713,638.9465045275873,647.771362
0,0.018180495049659254,0
68.42856295120993,0.9074843210817273,86.72510315356183
0.10950727719093004,0.0034202589483273227,0.18237237294653308
1269.62207,1282.1925101042432,1286.27478
0,0.02935025278113998,0
25.210172168850292,13.539019048507772,14.770001898557572
0.058416601482414496,0.05778051081984929,0.037014051661090654
1909.06702,1916.5395030645088,1925.71985
0,0.015352226399616021,0
15.99718858616336,10.851576507528183,18.618236119840297
0.02679553151309803,0.029538544206363516,0.027444790065434193
-8.32638100000031,0.42119720898383584,7.99309015
0,0.057150397716051377,0
80.55377985093301,0.9614001339625592,60.59704189482577
0.39508937287766815,0.00963326230930172,0.15206733374101597
631.118713,639.4860721105725,647.771362
0,0.006276276141126474,0
74.44347779762413,0.9526729035860919,73.00892030127648
0.039242394930329765,0.0011459894254837117,0.051916569185846966
1269.62207,1280.6783214558425,1286.27478
0,0.010526701300983186,0
22.670104290772233,13.83359389684819,16.097693029709042
0.019441241430156013,0.02345685256669053,0.01872133932766044
1909.06702,1919.2978437979073,1925.71985
0,0.010908601924475493,0
20.558314040006536,9.283509764165398,13.726050530539485
0.021854428849396326,0.013143985036120232,0.012668573810031572
-8.32638100000031,0.10269948377355753,7.99309015
0,0.5374970176799257,0
68.64770828783575,1.0510790043084535,60.29636654186623
3.0023431251353156,0.10923527583163047,3.2752834620406626
631.118713,638.9621407680909,647.771362
0,0.09699302560902254,0
68.95084009616806,0.9040747021111644,86.74083327009043
0.6158487438837686,0.017630455437271732,0.6895522807263534
1269.62207,1282.2585438527328,1286.27478
0,0.09156492487262227,0
25.307405475717985,13.313794812723579,14.526706113809936
0.18293478139395833,0.15539527118338722,0.10422140293291111
1909.06702,1916.672257858027,1925.71985
0,0.0782959582741932,0
16.252565915438037,10.989293930758539,18.440405477050653
0.14506585301617672,0.1426980093955609,0.16746205834391892
-8.32638100000031,0.4511206269624992,7.99309015
0,0.14765404948371766,0
83.2578786758283,0.9358925659114246,61.7146509419437
1.3563449896693176,0.01718961262399538,0.8235975323415102
631.118713,639.493197208342,647.771362
0,0.021314824403408515,0
74.44440108102418,0.9543052704205693,72.76373073693611
0.18525852968950346,0.002589664326469846,0.11056572984802178
1269.62207,1280.7620703968555,1286.27478
0,0.02317967849772298,0
22.781978279844548,13.769018732648766,15.976489622653412
0.04657687875233736,0.034644503391749085,0.078782092672692
1909.06702,1919.2323942786995,1925.71985
0,0.051596923066222725,0
20.420002832890486,9.256431965505458,13.803609107028608
0.10363403413335197,0.04776893114884125,0.06709708988726186
-8.32638100000031,0.07942565046202432,7.99309015
0,0.8355989948469277,0
83.30222735962828,0.8570248270913259,72.07011928926045
5.9042302740478005,0.13514645616529736,3.9054871581304913
631.118713,638.9339713379488,647.771362
0,0.0676629269020957,0
68.24355233839464,0.9070603635198083,86.24682977017804
0.41048244105596066,0.012684432575922427,0.6692040475709186
1269.62207,1282.5925847231156,1286.27478
0,0.09063209645547037,0
25.955677216757824,13.413777552007842,14.95978053288376
0.18048533910071707,0.2814053663177417,0.19892015029827972
1909.06702,1916.3945734863407,1925.71985
0,0.05997448744776647,0
15.74657513072855,10.753498840901766,18.380454380657508
0.1099040974856257,0.10947506784488764,0.19580564507740822
-8.32638100000031,0.39090864775232426,7.99309015
0,0.7498772758845867,0
89.5240623117605,0.8570394761500402,66.00314063546145
5.515549938803423,0.11655277501915565,2.82892230279594
631.118713,639.4885521026977,647.771362
0,0.04577491089066989,0
74.40861663239762,0.9537034842552273,72.7316095464239
0.29735716717785987,0.008160003989873675,0.2247712957711114
1269.62207,1280.8515738440292,1286.27478
0,0.07242738436643997,0
22.927809173122156,13.770276583162502,16.05274913652087
0.13942056777629694,0.14432525416095499,0.028246372710906242
1909.06702,1919.2380396302103,1925.71985
0,0.06351508355504644,0
20.425915436133042,9.2883686023574,13.784245875554777
0.12680352055228028,0.09514315381294633,0.03359950474066931
-8.32638100000031,0.10130063689136826,7.99309015
0,0.3691855312667618,0
78.10029020851249,0.9202616151781967,65.86012088320801
2.402538298939732,0.06462499392175033,3.0255682994927646
631.118713,638.9573333495491,647.771362
0,0.11428519809581518,0
67.31545373255923,0.9255010204756998,84.6295397977999
0.6656472963198324,0.022096146440468305,1.0200683780529147
1269.62207,1282.2903943480126,1286.27478
0,0.18735227819309938,0
25.35229224226264,13.12138616630274,14.42104877954355
0.37488105536685234,0.21438175581578833,0.28241919221262796
1909.06702,1916.443013115776,1925.71985
0,0.09854095145438818,0
16.02040539565686,11.133994114732179,18.345969036693393
0.17659675853291967,0.1798442223633514,0.2801779763485365
-8.32638100000031,0.46013095999747655,7.99309015
0,0.9859009084185446,0
97.74471587734905,0.7963287966713484,70.64446440454441
9.53185427529117,0.1182130131217981,5.630250667850751
631.118713,639.4831926428012,647.771362
0,0.05255795863278727,0
74.0629956946668,0.9570288543985088,72.18552415832119
0.37350491459850554,0.008725829979333594,0.4564605125420121
1269.62207,1281.0264945211964,1286.27478
0,0.16249198233415085,0
23.15875458761379,13.584640332079356,16.041797758342252
0.32733254367262316,0.2246390220812692,0.1279079508298438
1909.06702,1919.2553145474305,1925.71985
0,0.085748943528064,0
20.45116944308063,9.353095688833731,13.948689139625689
0.17162590888712256,0.10942406840900971,0.16173869391697634
-8.32638100000031,0.1272784314144264,7.99309015
0,6.499919505893888e-06,0
85.76251715912468,0.8415395083679957,74.36273890222984
3.617977690804314e-05,1.1489747449112673e-06,0.0002881992744523374
631.118713,638.9653171537469,647.771362
0,0.0011776251725632337,0
70.33751254722887,0.886512748907711,88.36007248149104
0.007829602084746186,0.0002059670522534368,0.006359139463615263
1269.62207,1282.1455312851601,1286.27478
0,0.00014018370401164263,0
25.08467273669668,13.230172843019908,14.518946253544504
0.0002807648378337407,0.0001519677331890319,1.4349108185633869e-05
1909.06702,1916.8180671524945,1925.71985
0,0.00011226342583937892,0
16.422086071826843,10.92074703772446,18.176820054661018
0.00023390232402953045,0.00016610434177319957,0.00018055297610204875
-8.32638100000031,0.4279133126839554,7.99309015
0,0.0012356831061515873,0
80.51620875627097,0.9633553751483884,60.37227351850826
0.008378660441144001,0.00021129338916726112,0.004010664965821846
631.118713,639.4831565793781,647.771362
0,0.0008941330486901854,0
74.51386490053025,0.9510775614043336,73.17899324074412
0.0034587972091192323,0.00019074217173171266,0.018218360713343033
1269.62207,1280.65475440257,1286.27478
0,0.00016963556395754707,0
22.631931304920236,13.832104265681327,16.115537584828207
0.00034021184681005576,0.00026013018961314644,0.00012072626209200426
1909.06702,1919.3003662829778,1925.71985
0,0.00033047442040101167,0
20.56015803180117,9.300973084031943,13.73166769548989
0.0006615440036526763,0.00042009969145690644,0.0004132326080218991
-8.32638100000031,0.12738166358235503,7.99309015
0,2.1900600308436932e-05,0
85.76273067639787,0.8415581300788582,74.35920092222804
5.21687220900339e-05,4.311355911019831e-06,0.000907825682535371
631.118713,638.9663413486293,647.771362
0,0.003524998587962321,0
70.42931237611533,0.8855615343255615,88.4327123924608
0.023513074135181358,0.0006148468067262685,0.01861818377642462
1269.62207,1282.1471646694833,1286.27478
0,0.00041446110626198546,0
25.087912075889875,13.231587190795725,14.519203583806437
0.0008301282445679302,0.00044438943626442303,6.522858626700424e-05
1909.06702,1916.8195891702762,1925.71985
0,0.0003365803128253238,0
16.42483170690189,10.921926032448754,18.174735012937557
0.0007025085246250647,0.0004955213536677124,0.0005332827061860308
-8.32638100000031,0.4269782829751634,7.99309015
0,0.002834502043391563,0
80.41961291734667,0.9643323666571331,60.32773359458804
0.024883893153871562,0.00035182006689280063,0.011548840402285734
631.118713,639.488367277342,647.771362
0,0.001323514705921918,0
74.47665339393703,0.9527667251570352,72.96200828988971
0.009335857752027683,0.00022112816084558808,0.05534622002018434
1269.62207,1280.6571457664977,1286.27478
0,0.0005085742854330445,0
22.635993179454275,13.832782789929693,16.11416139754401
0.0010406639718302097,0.0006548779320506642,0.00035554290555645017
1909.06702,1919.3039513238625,1925.71985
0,0.0010018638928519976,0
20.568025409318444,9.301081181045483,13.72677710192848
0.0020121395750901565,0.0009564814525025635,0.0012513000460237984
-8.32638100000031,0.126825597965599,7.99309015
0,0.006422410100077254,0
85.76183493538082,0.8414552793728465,74.36919101693164
0.04609768359870764,0.0010186117048629182,0.035555578745741286
631.118713,638.9635950800075,647.771362
0,0.014198831468706473,0
70.45979676097494,0.8845411243713187,88.53286710073496
0.09299156740872322,0.0025076755402711477,0.09099784826414016
1269.62207,1282.1413999031042,1286.27478
0,0.001845717966655269,0
25.076319377118292,13.225056444300552,14.515053691028815
0.003694960664670599,0.0022446014596710063,0.00122208892987518
1909.06702,1916.817467741477,1925.71985
0,0.0012663266375867106,0
16.419946624178202,10.91815011426603,18.178443229259045
0.002231875727560436,0.002499301696910642,0.002029512946493697
-8.32638100000031,0.4259275444340993,7.99309015
0,0.011122011751868744,0
80.36892209236997,0.9647210583245496,60.296319699057335
0.07216976253104922,0.001958208782025007,0.05609447646729059
631.118713,639.4698928038667,647.771362
0,0.014628109972358729,0
74.36215777232557,0.9500090286144544,73.13772033591135
0.10627348621009922,0.0023757323472236727,0.024690107347467433
1269.62207,1280.6588431672665,1286.27478
0,0.0010654119910664516,0
22.638804967213126,13.83306726638561,16.123159119535394
0.0018510805267223547,0.0027317203974892984,0.002218044820873333
1909.06702,1919.3021657307725,1925.71985
0,0.002446245975701989,0
20.56482950426119,9.297607662044184,13.738877205565675
0.004876060005574712,0.0038838071639509908,0.002940670784185501
-8.32638100000031,0.12743331427402538,7.99309015
0,0.006241240683895551,0
85.76901781661367,0.8415055921019063,74.36304848226925
0.04606937988198497,0.0009724055620075388,0.03893964623645246
631.118713,638.9662032970422,647.771362
0,0.0012411787948193804,0
70.43492259636126,0.8854576233777546,88.44207691032688
0.008910843529530445,0.00020381186720826609,0.013500371200854051
1269.62207,1282.1464809605602,1286.27478
0,0.002460529349611744,0
25.086559425268298,13.23102678850933,14.51918513862221
0.004924295925771375,0.003185389103360953,0.0033166416528632994
1909.06702,1916.819519220959,1925.71985
0,0.0018239992619805822,0
16.424538478142857,10.921535169914804,18.174254112291784
0.003765851439446891,0.002764335238303202,0.0030296925629448605
-8.32638100000031,0.426964141107824,7.99309015
0,0.008740470233317591,0
80.41601027616431,0.9643734760573011,60.32264501771308
0.034993104082069265,0.001804191645776343,0.04002196775618489
631.118713,639.4874618956156,647.771362
0,0.009614645819294918,0
74.46579607951094,0.9527004333344397,72.96063389948506
0.04029019342492226,0.002023233575170623,0.042519409795607005
1269.62207,1280.6568905235347,1286.27478
0,0.0012707647697188893,0
22.635213597831466,13.831758677430402,16.114152678264833
0.002333346015797554,0.0028661135480170957,0.004115714363336035
1909.06702,1919.304109387354,1925.71985
0,0.001205339659442845,0
20.568330124099006,9.301285670259157,13.728358183759095
0.00234182931358481,0.003369572058215334,0.0037551445863660627
