-8.32638100000031,0.0416220970572212,7.99309015
0,0.42750156203510414,0
71.68310385338677,0.990535174215505,64.82702883979229
2.6881156477995307,0.07898771257091082,1.70479194581707
631.118713,639.0540365632863,647.771362
0,0.8505626223826068,0
43.52693491681076,1.4982471102566126,52.25830754817011
3.4285185660944992,0.2548550929108872,3.06459517589443
1269.62207,1281.8469860871755,1286.27478
0,0.06891662448574473,0
24.469972237620468,12.731284405117487,14.272154625477944
0.137923801204087,0.07816419349198812,0.0390613529180431
1909.06702,1916.7631272501023,1925.71985
0,0.028747132960965815,0
16.416564792538033,11.062372985549656,18.31503341007723
0.04666104507151617,0.059314806283067616,0.03838881374016466
-8.32638100000031,0.3671818637599902,7.99309015
0,0.1866956631008167,0
83.05048567803347,0.9202215045418765,64.11745026016455
1.308824971935203,0.0307835360233746,0.6961257506763406
631.118713,639.2583358180092,647.771362
0,0.4415380659762089,0
62.2554040185029,1.083062341628549,68.0044228159348
2.472798573099878,0.09212906537422726,1.9840826975293981
1269.62207,1280.9073856486177,1286.27478
0,0.03134877002204113,0
22.952870562153084,13.562152776759811,15.686557342070081
0.058551937097412014,0.07552911226162015,0.06049000712502057
1909.06702,1919.1994758608184,1925.71985
0,0.010689242121338626,0
20.39411393337145,9.051060016254652,13.748550330986323
0.019505353365984242,0.040810630184445626,0.02038739476867863
-8.32638100000031,0.05287420582429547,7.99309015
0,0.4898460884792127,0
68.68399173957415,1.0379306146844518,61.79103259801265
2.9245915276089236,0.09531059401279549,2.0805809529523245
631.118713,639.0645703293737,647.771362
0,1.1710412866599722,0
38.44641219743354,1.719063617150326,45.92509603002888
3.9910998014998214,0.41740365030516663,4.997376812663447
1269.62207,1281.8626238537847,1286.27478
0,0.07140199024792174,0
24.500265243006567,12.73447815623061,14.26391846579568
0.14267514430384393,0.12827041968826003,0.08443077657068213
1909.06702,1916.4545462104313,1925.71985
0,0.1602573704741335,0
15.803469085047947,10.705636336579404,18.739441634854586
0.3301048853805666,0.25097783541768687,0.20021697351959122
-8.32638100000031,0.3632841019663591,7.99309015
0,0.29496272312607835,0
80.54142310975833,0.9487084325566595,62.3131524915909
2.451477592209412,0.04082095694846308,1.6816274767580741
631.118713,639.2286623536768,647.771362
0,0.6161794718707786,0
58.226700488767094,1.1523795185138093,64.50250914515584
3.7876850197574496,0.11893913120194445,3.173340162365695
1269.62207,1281.1649698583878,1286.27478
0,0.11194906396619066,0
23.362102860701306,13.472259228939807,15.412046839601484
0.22559795860190057,0.14634508467398974,0.16881660876942892
1909.06702,1919.1599982391983,1925.71985
0,0.05616815683044365,0
20.33613263918798,8.934630896586686,13.752493268365015
0.11275699615230009,0.06325191073150921,0.07778913411775627
-8.32638100000031,0.043773706683557734,7.99309015
0,0.30254757684210054,0
80.03829552228424,0.8851127313332943,69.14230211369912
2.0413340889545215,0.051110085880198025,1.3021641410331262
631.118713,639.1094915068908,647.771362
0,1.0420828154226052,0
67.22241745690629,0.9636849166622047,74.18964782424663
6.450533865723933,0.1959187132101275,5.307843293968621
1269.62207,1282.0453089379914,1286.27478
0,0.11846667679063856,0
24.852119647167775,12.690818258490934,14.200303646199284
0.2368313782666754,0.23502153080251748,0.04837537712862114
1909.06702,1917.074899075976,1925.71985
0,0.11442466600287295,0
17.170817723187056,11.681070022843853,18.6645150512287
0.21115481074311682,0.20822118470846238,0.284177448560185
-8.32638100000031,0.3728542364553107,7.99309015
0,0.45466151966380036,0
83.10952049753573,0.9207670210110486,63.27461976244344
3.094394902026646,0.07642991624011211,2.5667356543467497
631.118713,639.2965595940875,647.771362
0,0.7942440841277699,0
74.16475136626738,0.9129768577642524,77.78663150823623
5.130848421022957,0.14097743266862992,4.123134786417827
1269.62207,1281.2021502263117,1286.27478
0,0.2403690566075496,0
23.352956645311544,13.173771871573619,15.656443124399644
0.4689513909662378,0.5398570221094896,0.1721586270039012
1909.06702,1919.3650034287714,1925.71985
0,0.10803557157694019,0
20.80402704724395,8.934559045157872,13.867816664719019
0.20668176189027174,0.2592587678500236,0.09482058594355351
-8.32638100000031,0.06426299592346396,7.99309015
0,0.5109918142049853,0
81.20540513752886,0.8764323030923963,69.36858945052651
3.620327933800969,0.08326248595523579,1.9163445436755129
631.118713,639.3659144844867,647.771362
0,0.6172291366773297,0
66.2118547907189,1.0437051333095027,69.31670552710858
4.0851762788093335,0.11055466703364468,2.405309858430056
1269.62207,1282.4460049235797,1286.27478
0,0.43627829629017223,0
25.65270467201649,12.57733963911977,14.440333862841646
0.8726363782486429,0.5301251303077169,0.28905165478370226
1909.06702,1916.8335634248747,1925.71985
0,0.302022797945758,0
16.402618534060494,10.836129360131665,18.87582901189503
0.6179540807940208,0.4640646375461891,0.44126254282651656
-8.32638100000031,0.4078326355890205,7.99309015
0,0.3556685354745081,0
84.4287869585751,0.9134427760410131,64.0508391138973
1.5646068861710787,0.069081810648663,1.3154633677724235
631.118713,639.3051094067063,647.771362
0,1.1935009864966806,0
80.83970987647034,0.837692451829244,85.04166175071423
10.63898469134183,0.15308079377846406,9.77793546481666
1269.62207,1281.5640226461403,1286.27478
0,0.32967347317053936,0
23.989058637111434,13.116358437019205,15.691372632840965
0.6562742366386212,0.5916175127245191,0.11983300727409468
1909.06702,1919.4367833207548,1925.71985
0,0.17779235566291038,0
21.020641737381396,8.79717947512124,14.026834719906777
0.351402511649763,0.2806454261712821,0.1198551098155525
-8.32638100000031,0.1036047364093875,7.99309015
0,0.03777126372250133,0
79.93886409255349,0.8991000975222849,70.12842579048541
0.2756748858962505,0.006056905010714734,0.08044496868142587
631.118713,639.2309771426321,647.771362
0,0.006795333568147601,0
62.85670875966325,1.0650108632745772,69.55086375318501
0.0391645571914374,0.0013830381282826552,0.03127645888228613
1269.62207,1281.9844786990227,1286.27478
0,0.014738254888944868,0
24.744419161527937,12.864572321711345,14.29539341047425
0.02947578414317875,0.021411230075814427,0.010054986807627758
1909.06702,1916.8222114108987,1925.71985
0,0.003460825431899414,0
16.574179347095466,11.208195874585817,18.271607201960943
0.004743848067944671,0.007744977312299453,0.006371373009508119
-8.32638100000031,0.39623914712478125,7.99309015
0,0.11441404504959896,0
85.24210480093785,0.9021117920056586,64.87698473353274
0.820856559876252,0.018419881541162586,0.4214640570549276
631.118713,639.3111703717422,647.771362
0,0.003407628921477462,0
70.82737993733696,0.9606337993072772,75.46858258245244
0.01707908394163169,0.0006996866052371466,0.06371803026098759
1269.62207,1280.9226829789063,1286.27478
0,0.01457101347319229,0
22.98154356140028,13.572593679207948,15.68313019657161
0.027330623438123067,0.034564334379157624,0.0272829108474203
1909.06702,1919.2350659381252,1925.71985
0,0.02181879174601579,0
20.47744674717915,9.037766204884564,13.690826163987067
0.043898642044772916,0.020999899136119816,0.024296004817099755
-8.32638100000031,0.1386786694943325,7.99309015
0,0.11955792783559838,0
80.92005355177463,0.8954399399627709,69.79226499728269
0.8721293204012616,0.019142875101509915,0.3837227819604905
631.118713,639.2345761675821,647.771362
0,0.022777176045866,0
62.86351428908576,1.065853202150404,69.4399597024943
0.1331605961497252,0.0045874929456086976,0.0903012309309875
1269.62207,1281.973928144907,1286.27478
0,0.026960491356255296,0
24.72438462723819,12.867562640207963,14.305147867624848
0.05395204350465936,0.03185148352022189,0.008292250620853562
1909.06702,1916.7965562279073,1925.71985
0,0.013823270183638266,0
16.559649591968544,11.247950189842205,18.32712123839477
0.025816964251164504,0.02487093518440605,0.02435920456845339
-8.32638100000031,0.44969153106925575,7.99309015
0,0.3630757495572474,0
91.26135514113042,0.8518959158764664,67.65390084895094
3.6973040853634846,0.037402441922334974,1.862817738921061
631.118713,639.3212376506503,647.771362
0,0.010477348854181522,0
70.72208572655026,0.96450318653071,74.99718363740686
0.08708025402873878,0.0013609539826961493,0.2777236645308535
1269.62207,1281.048210491557,1286.27478
0,0.053033523740131386,0
23.17408906496076,13.511340368592883,15.533588079732738
0.10705471855087431,0.06947389828921201,0.09249039341941559
1909.06702,1919.1370901890043,1925.71985
0,0.0666014789255429,0
20.2787261906941,8.955990640110572,13.795521214732624
0.13410608316095335,0.05976877375817044,0.07429363771551667
-8.32638100000031,0.057231757656103,7.99309015
0,0.14681265752142428,0
81.01258722093823,0.8770763688026874,70.71205567033027
1.0444309545849069,0.023867716490076817,0.45380122067010287
631.118713,639.2344027805335,647.771362
0,0.016925229087931447,0
62.77348865939851,1.0673891418979913,69.35704033986204
0.09406143907157287,0.0035337198212949702,0.07792208748801918
1269.62207,1281.9410802166626,1286.27478
0,0.048272980145344126,0
24.660230697539134,12.853309190213162,14.174362359721506
0.09627280425564558,0.1101404912386931,0.029303032330931747
1909.06702,1916.7880212981536,1925.71985
0,0.020689434603884144,0
16.579334235211668,11.307069953593597,18.237396489568795
0.018057448635760226,0.049913363246097193,0.07536946232236094
-8.32638100000031,0.3398430647069386,7.99309015
0,0.9142478941470746,0
94.83327251259725,0.7986788329792047,71.58635309269795
7.166393458243842,0.1330667897829568,3.9192275859547236
631.118713,639.3048691827794,647.771362
0,0.052638458651407795,0
70.3296764843569,0.9661146468493644,74.73803073339693
0.3096331347446645,0.010120705563546993,0.5611038710957995
1269.62207,1281.079133940127,1286.27478
0,0.10652246738078704,0
23.19690322052662,13.403933714151005,15.648875214836847
0.20640514771720359,0.22946605508853937,0.07343281348649866
1909.06702,1919.3025447488658,1925.71985
0,0.036295051044764784,0
20.616894126591063,9.084472401742916,13.901795690746097
0.0727605886613128,0.04358347763801113,0.10648892692673666
-8.32638100000031,0.1085522222345201,7.99309015
0,0.2796695907346174,0
83.71630924605736,0.8586788948950774,72.04877115984802
2.082950555187676,0.04362015975076164,0.9983899368917222
631.118713,639.2320357415824,647.771362
0,0.02582974101490036,0
62.99659471185867,1.0628454878616391,69.58683248894724
0.14347920634521108,0.00538569982309874,0.17171756720480533
1269.62207,1281.9991345931667,1286.27478
0,0.04460352873629292,0
24.773722949910503,12.879415285525573,14.28155120714678
0.08925038666951234,0.05404221936774564,0.08653863991048777
1909.06702,1916.7570340064644,1925.71985
0,0.03912364636612201,0
16.503356954424312,11.243982317343644,18.242019982696647
0.08195194945709934,0.0599655913954634,0.09851241232831526
-8.32638100000031,0.42295290174585,7.99309015
0,0.8810601727402229,0
101.83673041864142,0.7573338018075967,75.30277771376367
7.4426232115787565,0.1193355767437077,4.234139233451645
631.118713,639.3065593793716,647.771362
0,0.041477270083038274,0
70.22770474357728,0.9679624279670381,74.40307868703394
0.13373291366851234,0.009398872918513691,0.3417049328630644
1269.62207,1281.2553092755884,1286.27478
0,0.1494375114596146,0
23.482992001592258,13.332241830153954,15.675948766951219
0.29678660128291295,0.25814795743471414,0.09103084821859575
1909.06702,1919.2285113897358,1925.71985
0,0.1141034203336148,0
20.44285192819405,9.116147050953714,13.947122402154617
0.22946106372472425,0.10653697891793765,0.08793566790617749
-8.32638100000031,0.09173377796199489,7.99309015
0,0.6651317836963643,0
77.85453944728701,0.9211166465121005,68.72057925985305
4.606067718398208,0.11182546833622484,2.1807399915508134
631.118713,639.2717780441039,647.771362
0,0.02228068329929895,0
63.11790253056258,1.0713318870646722,68.50419087159153
0.12470503352177614,0.004628780747527358,0.13210713277837283
1269.62207,1282.3106659548803,1286.27478
0,0.025510873101585833,0
25.38223145362764,12.438230208896483,13.701712484731821
0.051004202564004265,0.04900350689125996,0.03293213089418159
1909.06702,1917.0012884964674,1925.71985
0,0.020434650106147135,0
17.027454565213088,11.600948633362771,18.153437392758857
0.03856926477446319,0.03626585935374385,0.03577218950723474
-8.32638100000031,0.3078281270068075,7.99309015
0,0.447097311818216,0
74.43353943590463,1.0154108899994694,59.192110912550014
2.9008050558639287,0.08059891590359414,1.1051340154796654
631.118713,639.3053943989178,647.771362
0,0.009018799539871161,0
70.52594419253606,0.9634757627241296,75.35319845503751
0.05157057404474553,0.0017574397666388127,0.15909239855212925
1269.62207,1280.9303428230103,1286.27478
0,0.035942695443781425,0
23.01404932262276,13.63648053462566,15.731361553283525
0.06598882600187472,0.09116907737597967,0.07488499720290508
1909.06702,1919.2419126105485,1925.71985
0,0.04479773525748018,0
20.4966936305699,9.023531396469936,13.67431631283797
0.08997754706425633,0.04879005105796542,0.05298230966127603
-8.32638100000031,0.013330414552356729,7.99309015
0,0.9822862452952449,0
72.15220231490406,0.9771796890551465,66.19692924407444
6.39934736692481,0.17634525370927776,2.865497388224339
631.118713,639.262893768755,647.771362
0,0.04876229335077626,0
63.26263277734418,1.0664264643468828,68.9513003072426
0.26279653925457697,0.010352782463108369,0.3529166309114737
1269.62207,1282.2083194138359,1286.27478
0,0.06858275640455563,0
25.17311096170372,12.4987798277459,13.822258091876982
0.13716349985444093,0.11036222291082784,0.06373161201504643
1909.06702,1916.9983208095207,1925.71985
0,0.03572462651723928,0
16.966511696711635,11.49325539280105,18.112157109767445
0.05716559082481195,0.07350170851573501,0.07509834842192978
-8.32638100000031,0.34364480165014477,7.99309015
0,0.562960342693955,0
77.5949895279849,0.981145752477114,60.65034862410552
4.3447793039027784,0.08537544626361522,1.4920785571766426
631.118713,639.3288478186969,647.771362
0,0.04206706437476935,0
69.87032832061897,0.978436091094805,73.82632981500271
0.35322958474025634,0.005216045060053069,0.76430333383635
1269.62207,1281.292962259802,1286.27478
0,0.14803131283788554,0
23.587559364394487,13.491870684559235,15.33430345925191
0.29820541718144616,0.18928072279008798,0.2188532921672282
1909.06702,1919.0440165714763,1925.71985
0,0.11639271772558449,0
20.094563105987163,8.860940110627238,13.893947943553947
0.2343295761176845,0.10705062408578613,0.13962482627242778
-8.32638100000031,0.24814188084324051,7.99309015
0,0.7438850672993101,0
85.76476615706915,0.8660013226042,70.69122020113014
5.309938929032339,0.11909446469177225,3.9840619866635527
631.118713,639.2879769537292,647.771362
0,0.04833811246883655,0
62.88644308029645,1.0797680594069117,68.4241775384906
0.2572645526021302,0.010382763842591795,0.3499396418833006
1269.62207,1282.1140650788861,1286.27478
0,0.20080004441269544,0
24.98665620075538,12.675827340842982,13.538693512294495
0.4014981141428507,0.4215508520187483,0.06290532671618453
1909.06702,1917.090655933736,1925.71985
0,0.044397859652275426,0
17.228810592714602,11.749567973598936,18.594911543012216
0.08106023942061902,0.08144029691192681,0.2159279505084598
-8.32638100000031,0.30448504642187046,7.99309015
0,1.0716637236016262,0
96.90980599274624,0.7748675970925785,73.06172847248423
8.663545575624594,0.15140251011513356,4.34598268348148
631.118713,639.2763114532356,647.771362
0,0.22215265069095322,0
68.22273184980259,0.9897887773939029,72.78977682595499
1.2872514996576148,0.04365013175050131,1.759008031843134
1269.62207,1281.2212016942233,1286.27478
0,0.19012966266610265,0
23.397956444907074,13.224178337029432,15.807459504094517
0.37178123688320325,0.41268520107235906,0.24726741712179362
1909.06702,1919.5149823917038,1925.71985
0,0.07395292223585966,0
21.08911131796802,9.12056973666898,14.041051950350601
0.14318094076711213,0.16545744659798214,0.20840624350115602
-8.32638100000031,0.22934785692482862,7.99309015
0,0.46689750074982356,0
83.96977837808828,0.8809912723855066,69.68095607856576
3.332528265819295,0.07531220504365392,2.7115980954812695
631.118713,639.2762704839689,647.771362
0,0.09567980111877131,0
62.74944864163334,1.079054958629151,68.5494818570927
0.5453409651315169,0.01967921209205621,0.4225798752312205
1269.62207,1282.0446382935384,1286.27478
0,0.12006679136795262,0
24.851264763038863,12.701561852647162,13.663860535910167
0.24010984040146677,0.18773426106612678,0.10908423643237032
1909.06702,1917.025329967562,1925.71985
0,0.08914313529983517,0
17.086792367723753,11.650633029458128,18.523583761229325
0.17548834401241756,0.1504049766575485,0.1420152310848302
-8.32638100000031,0.45661991885540054,7.99309015
0,0.899300619283181,0
104.50955905279575,0.7434130311103493,75.44907902427158
6.493285065648413,0.13033848288862404,2.4632867725184626
631.118713,639.3088792795016,647.771362
0,0.17085117252801676,0
68.86032964586444,0.988313408149685,72.79641195638149
0.5037516749667946,0.03984683688165561,0.6699151439552381
1269.62207,1281.4789249844946,1286.27478
0,0.17384052643011003,0
23.877233696084588,13.33345093173257,15.48763086818959
0.33960687444288595,0.4057717438101091,0.27065044732704957
1909.06702,1919.1867294950691,1925.71985
0,0.19726162754483867,0
20.3935186882253,8.945607531918855,14.003734935743777
0.39574910908626754,0.22990407477600186,0.09142808290205236
-8.32638100000031,0.10889984925910845,7.99309015
0,8.291606351002146e-05,0
80.7485510636489,0.8910112073819256,70.65495601913366
0.0005681609304965313,1.3867856732930433e-05,0.0004458564754362114
631.118713,639.2304574556304,647.771362
0,1.7292939047088484e-05,0
62.90511091296643,1.0640239580757669,69.62173817342898
9.929576308514008e-05,3.5280107031101383e-06,7.129841275962106e-05
1269.62207,1281.979799121824,1286.27478
0,5.485442496194919e-05,0
24.736000787196282,12.871949485928528,14.305054919374712
0.00010977491634325142,6.396029980239202e-05,1.2185890169039549e-05
1909.06702,1916.8239077704923,1925.71985
0,1.3634116670079881e-05,0
16.572226859891487,11.199937015874307,18.26585069375802
2.8696503574462722e-05,2.0369558503907534e-05,8.16424903296777e-06
-8.32638100000031,0.4023514155019239,7.99309015
0,0.00016487063336668566,0
86.39305406689286,0.8910997436786459,65.55200324488874
0.001144923924834418,2.696253886614754e-05,0.0009201964370074105
631.118713,639.3123590732765,647.771362
0,0.00019476080591339053,0
70.83405383570584,0.9608234165122952,75.43312424447512
0.0012846193788895607,3.4640555159611424e-05,0.0005581383131603114
1269.62207,1280.935108947054,1286.27478
0,0.00011894147318917258,0
22.998867851738545,13.561503371322502,15.663931560751788
0.00024157001151361903,0.0001452864768527512,3.31830616840014e-06
1909.06702,1919.224210090263,1925.71985
0,1.0432769426880746e-05,0
20.453452513453684,9.0361720159265,13.705553891666202
2.049605160314795e-05,2.1533268540736108e-05,1.6353806309257674e-05
-8.32638100000031,0.10891568051567546,7.99309015
0,0.00020500499416679967,0
80.75404169042898,0.8909526407634238,70.6592031876202
0.001407044159748873,3.4251010948921594e-05,0.0010883646393500923
631.118713,639.2304454452673,647.771362
0,4.193786437075286e-05,0
62.9041707442533,1.0640372118393366,69.6210902766423
0.0002415705415794281,8.536593784996454e-06,0.0001669735599194854
1269.62207,1281.9803306314093,1286.27478
0,0.00013371982754181846,0
24.73704435966453,12.87224341142944,14.304961455289483
0.000267610557697359,0.00015331680811019732,2.436128312414561e-05
1909.06702,1916.824006259646,1925.71985
0,3.264465424052863e-05,0
16.572493137618178,11.200186576215563,18.26578636076877
6.824880428870997e-05,4.9475276321792795e-05,1.6545201361669246e-05
-8.32638100000031,0.4023637484200613,7.99309015
0,0.0002919115872739435,0
86.38272747517235,0.8912110590272266,65.54382810507467
0.002644530939083545,3.649938251191702e-05,0.0020902546294428058
631.118713,639.3125653559631,647.771362
0,0.00036036101325350416,0
70.84546514251264,0.9607133851520162,75.43791104432718
0.0029194465530094963,4.9630930607477876e-05,0.0012222372641941968
1269.62207,1280.9340082179574,1286.27478
0,0.00027108679756141163,0
22.99671529761155,13.56046394406802,15.663920247569841
0.0005510066518099666,0.0003261678075015488,4.013506027052486e-06
1909.06702,1919.2243054044804,1925.71985
0,4.051237672599194e-05,0
20.453686331271186,9.036097875308936,13.705381030168448
8.144914754861535e-05,4.094445443509311e-05,5.9024243634555614e-05
-8.32638100000031,0.1087668088891558,7.99309015
0,0.00030904608354937526,0
80.77481825561813,0.8906865106193926,70.68805121199911
0.001755396270831061,5.655284801191365e-05,0.0038937665204023483
631.118713,639.2306042665375,647.771362
0,0.00022195902941632445,0
62.90444613322164,1.0640747862085114,69.62036347373802
0.0014112122365089867,4.147905932260456e-05,0.0009587496950919781
1269.62207,1281.98010921591,1286.27478
0,0.00019358866930509444,0
24.7366913634352,12.873164105006792,14.304917778460817
0.00038338364544727044,0.000717254938347955,0.00010599185717805405
1909.06702,1916.8240140281305,1925.71985
0,0.00010488773614865992,0
16.572450659406694,11.20008425939833,18.270031980943834
0.00020830545438725495,0.00017439528298521332,0.0015622864947850757
-8.32638100000031,0.4018740777687775,7.99309015
0,0.002969308232840367,0
86.37935227068317,0.8911455701660077,65.55005958572426
0.02075963078095363,0.0004836587830187223,0.01591452824157987
631.118713,639.3119928552272,647.771362
0,0.0020728942518080354,0
70.8435137817027,0.960604466004876,75.44778982094161
0.013198716265242426,0.0003784245892564503,0.009676724505530053
1269.62207,1280.939708443497,1286.27478
0,0.0014647767842467625,0
23.00841575149867,13.567665874044696,15.664564165323952
0.002956383821129039,0.001991548306488788,0.0010011226402324728
1909.06702,1919.2237593181726,1925.71985
0,0.0004962970371754677,0
20.452597959734362,9.035569267329222,13.704044379932899
0.000978918156915882,0.0009559192130036857,0.000692467040524797
-8.32638100000031,0.10918751743688127,7.99309015
0,0.0046709380143534224,0
80.74823055540156,0.8910762831566285,70.64938828438778
0.02688270918315638,0.000850819689318534,0.042076654870023766
631.118713,639.2304661573104,647.771362
0,0.0007530201599048594,0
62.903387213215396,1.0640564586030634,69.61954452455429
0.0032284282614789463,0.00017617530642833132,0.007315447223944495
1269.62207,1281.9799052659187,1286.27478
0,0.0015391857305393746,0
24.736170608516417,12.8715151740709,14.304395647788768
0.0030784154420772244,0.002211424429830767,0.003666239588637661
1909.06702,1916.824020808426,1925.71985
0,0.0013580868074893474,0
16.572699286688263,11.200544020839711,18.26519187819247
0.0027898425551460704,0.002131140504419014,0.0047229911198727196
-8.32638100000031,0.4022633446690609,7.99309015
0,0.0047239459187689604,0
86.37840725469519,0.8912358526569759,65.54247020817536
0.04186617547750079,0.0006121370223940608,0.0166846847283463
631.118713,639.3125099860158,647.771362
0,0.0016473105901063689,0
70.84479976883411,0.9607094946014902,75.43812814814939
0.007470014242074408,0.0003485273618120477,0.004343805882424236
1269.62207,1280.9341567261426,1286.27478
0,0.0028474166701940085,0
22.997029954320787,13.560683879119706,15.66422571277078
0.005777689265160517,0.003540245719368824,0.002730456883044262
1909.06702,1919.224619807694,1925.71985
0,0.0019214869057109867,0
20.45435753030432,9.036233073227098,13.705392627543377
0.0038640586584687145,0.0019081051558871918,0.0017248736933944693
