-8.32638100000031,0.12712669445237879,7.99309015
0,0.2994826389967717,0
82.07792301520979,0.8800948741638384,71.18556148169358
2.0959634608610163,0.04913690006287381,1.541558418378834
631.118713,639.3989489475824,647.771362
0,0.9111615932625176,0
48.95756210224401,1.4429738284277684,50.06322516529325
3.9991840178217934,0.24909982019131482,2.5511514257707923
1269.62207,1282.5536663218636,1286.27478
0,0.015126357476756861,0
25.885768855885956,12.402445825094068,13.518967377477463
0.03023828765123985,0.023727747474050515,0.018832617643200655
1909.06702,1917.5504517913719,1925.71985
0,0.03101186601634459,0
17.533291494260393,10.97695402807528,17.057452044935026
0.058519523672283046,0.060824505292512335,0.05021428274135571
-8.32638100000031,0.421250272390143,7.99309015
0,0.062120944564214006,0
85.34782337669854,0.9062006437237935,64.17354291440704
0.4370534330710133,0.010138348286034118,0.29772662160307645
631.118713,639.3838266610561,647.771362
0,0.20506014541283588,0
70.79150626219717,0.9785011215685671,72.87640581290655
1.2561651078319078,0.03854892355541392,1.1973470839944655
1269.62207,1281.2585414943755,1286.27478
0,0.08748630823647216,0
23.3738147228837,12.771497069815055,14.742443021598895
0.17532092852620873,0.11525543713940128,0.0476018776199055
1909.06702,1918.9633459185054,1925.71985
0,0.02878315267707904,0
19.846654566320687,9.191782559009972,14.158510656384486
0.05764526782295459,0.0335079680077662,0.031413973657854186
-8.32638100000031,0.11710828390410732,7.99309015
0,0.5773222139841772,0
78.70712981251017,0.916466166321252,68.61034094590241
3.8500956203357632,0.09930408302226809,3.031244570828941
631.118713,639.2333979006546,647.771362
0,1.292394253428144,0
45.91858484475482,1.4818391864994676,50.827385841416614
5.656156786812096,0.35934496562617135,2.2293875730303037
1269.62207,1282.664865806272,1286.27478
0,0.07878488813420756,0
26.108695310453285,12.505284581062734,13.548058204377542
0.15764958024746056,0.0914072730886488,0.038836038861116716
1909.06702,1917.4326170157187,1925.71985
0,0.06655007470618834,0
17.31505522035657,10.886781048348906,17.19837995180933
0.12453029728741422,0.13237603991884858,0.09918936423933085
-8.32638100000031,0.44590008518892965,7.99309015
0,0.121100875981346,0
86.95208977409845,0.894199417610607,64.59534155635384
1.1240257822236315,0.014500638100833501,0.38761694223126353
631.118713,639.3927225401507,647.771362
0,0.1890800614909377,0
70.87835983495181,0.9794027946806468,72.65842348458612
1.0551896964289773,0.03740276188240899,0.8259058878574081
1269.62207,1281.4821938925752,1286.27478
0,0.14104197901243373,0
23.794373165179334,12.835541437490688,14.626814565125805
0.2827802743680349,0.16561196137406511,0.06618099091930776
1909.06702,1918.8890565511688,1925.71985
0,0.04960005132220605,0
19.702894137403856,9.090784637041299,14.22448223662875
0.09944851531655943,0.05006254777762636,0.05107695833447296
-8.32638100000031,0.16362449960151615,7.99309015
0,0.22454387950082946,0
86.7394529524822,0.8391141923731545,73.05041405007694
1.699560004948879,0.03430389684973081,1.4792600547550663
631.118713,639.6791876315053,647.771362
0,1.013368497138086,0
76.34511989953292,0.9722560907673129,71.31121073883712
6.255819471814411,0.1862014465329967,6.561198271730403
1269.62207,1282.4222881908438,1286.27478
0,0.07328179044437606,0
25.6110745757856,12.436485125723683,13.30914099172557
0.14639799557593378,0.15810299535429825,0.04947798464619741
1909.06702,1917.5267442375693,1925.71985
0,0.03387251503186172,0
17.561235454757515,11.132704779050144,16.945367155359172
0.048492765729478374,0.09342377982498887,0.07717918370030874
-8.32638100000031,0.3983423220423319,7.99309015
0,0.14149209690493827,0
88.56786282934917,0.8679690909691735,66.33618158604189
1.0538350542361794,0.021907242019594805,0.40130247822960396
631.118713,639.4108030090919,647.771362
0,0.20985898839982323,0
76.70068234534344,0.9071854383931562,77.91844844422127
1.393377769352044,0.03631306507453338,1.3789426649778034
1269.62207,1281.161535242416,1286.27478
0,0.12308601856621451,0
23.139106328016105,12.403401072131011,14.652291151789784
0.24465461688068532,0.2602770340010566,0.1688453575130409
1909.06702,1919.1421517258182,1925.71985
0,0.053344260811206134,0
20.20775979945811,9.342230547624254,14.373150469886689
0.1065769584737612,0.07932224677903299,0.12315677776869981
-8.32638100000031,0.08818079514474597,7.99309015
0,0.1344465429592478,0
85.14482941399129,0.839865734040443,72.39839639025041
0.9695744167855708,0.021285476356932665,1.260587560369145
631.118713,639.4908691928159,647.771362
0,0.8065327529350452,0
81.47087429128014,0.8696267295769595,79.52324901817488
5.23601309244332,0.13800051528280133,6.748386929764872
1269.62207,1282.5413041990591,1286.27478
0,0.18969382095185816,0
25.856909173105336,12.440268447447975,13.464392855896556
0.3796082527844977,0.20003556073211473,0.16648028117651034
1909.06702,1917.5441327070826,1925.71985
0,0.11686240969829627,0
17.5137066059174,10.952539965703828,17.148918880012396
0.2282958996028393,0.20479405119183913,0.16155368456247968
-8.32638100000031,0.4223846176060775,7.99309015
0,0.14740133667365254,0
89.69819796352735,0.8615918957258957,66.31784207823594
1.1514158887919919,0.021974778681926054,0.3547497543608703
631.118713,639.3597041939339,647.771362
0,0.19186674833269954,0
77.03934602540214,0.8918738059056531,78.3769258673722
1.1882710899150908,0.034351547474153594,1.038739923792162
1269.62207,1281.241434778708,1286.27478
0,0.20741124760583435,0
23.28909507510166,12.409955594472066,14.4756978893198
0.41465836294643377,0.315381343449107,0.1295597587857009
1909.06702,1919.0661799918378,1925.71985
0,0.06492030878163872,0
20.071485317176865,9.179629250771956,14.410922925293892
0.12989281173166906,0.08517093269965656,0.07564763485038883
-8.32638100000031,0.1542190200848257,7.99309015
0,0.021826239058714104,0
86.46327577162826,0.8399649111662477,73.9953763352556
0.17747972616427055,0.003148108104127454,0.047937603295251915
631.118713,639.5671406379842,647.771362
0,0.01878953281302948,0
68.2404637473389,1.0624900639403239,64.41307662317732
0.11396805692409112,0.003633821974854449,0.1450111521635974
1269.62207,1282.5673306779122,1286.27478
0,0.007060061057690612,0
25.908974010284144,12.465652117583643,13.56830067371785
0.0141168684403611,0.010582558361710726,0.005551702737041833
1909.06702,1917.6101297931511,1925.71985
0,0.009116872878989945,0
17.656693090390355,11.054324484039613,17.003845685691672
0.016128985104340358,0.020717113323808146,0.021288613352138816
-8.32638100000031,0.4326311012995774,7.99309015
0,0.12323111813123325,0
86.07680630894525,0.900725796836961,64.3618120515081
0.8993124894048441,0.01956705612183548,0.3887366612504255
631.118713,639.4060656411766,647.771362
0,0.030787970438728152,0
75.12627108532979,0.9256009913690381,76.52865726217661
0.18186384243720782,0.005738253193386732,0.3053676745342061
1269.62207,1281.2940943754672,1286.27478
0,0.033186866171818506,0
23.44473119378275,12.807585466630723,14.744621834623302
0.06598080497294533,0.06230769701604908,0.04192968942581007
1909.06702,1918.9829940539869,1925.71985
0,0.02437391382006434,0
19.888202243224114,9.196701845786727,14.131762934502621
0.048855120935178735,0.02535516369575369,0.029002006117764424
-8.32638100000031,0.18431976736469302,7.99309015
0,0.06017359877345654,0
87.10309473594927,0.8396608421688342,73.46251928952975
0.5200909902488254,0.008146624731386363,0.39669255641232454
631.118713,639.5693655602137,647.771362
0,0.0685837215332608,0
68.53115394950457,1.058405509551757,64.61904893929875
0.39741951124122177,0.013666054742792635,0.3535678323878446
1269.62207,1282.6722623276285,1286.27478
0,0.06407089205871641,0
26.127319165216754,12.470631841115175,13.511608151603316
0.12813297433659898,0.09005394780963795,0.04104652147058397
1909.06702,1917.5232707500604,1925.71985
0,0.032582723510262784,0
17.557673909656117,11.136760094278449,17.16989433689303
0.052750630542451125,0.0804491784059938,0.08409518066214583
-8.32638100000031,0.46276054226627217,7.99309015
0,0.2050044272759154,0
88.92533490329845,0.8773512561006237,65.51254452351583
1.9076117468646363,0.024852686971426497,0.8353006450291766
631.118713,639.4196625183572,647.771362
0,0.03946644171682442,0
74.67159134699233,0.9344787238755032,75.5763758243453
0.28476370115161154,0.006448771928083494,0.5709442293200783
1269.62207,1281.4123105595281,1286.27478
0,0.06420014375611036,0
23.655727590533054,12.770514052696251,14.622367051108188
0.12855267060065836,0.08596554913707154,0.07921920985380299
1909.06702,1918.9159734979855,1925.71985
0,0.045257965876157304,0
19.75064640905073,9.15412740007539,14.211589507802888
0.09074267861969194,0.04359112843355675,0.05432695839670467
-8.32638100000031,0.12660216505792654,7.99309015
0,0.045588171712970735,0
86.39171106283655,0.8351542777515597,73.46213345754863
0.3237230936329801,0.007252529651525684,0.7775684625900122
631.118713,639.5779261754723,647.771362
0,0.09855400900207803,0
69.39018737698976,1.047044138701457,65.26038011484519
0.6016893973746924,0.018874891476290494,0.49502095429445936
1269.62207,1282.5951855466844,1286.27478
0,0.04582928185376637,0
25.973929383874072,12.387360720978059,13.484705542324113
0.09155574697485189,0.07875458141224193,0.04431202807535471
1909.06702,1917.5029789550392,1925.71985
0,0.05432816469288595,0
17.545051553786017,11.179142700116328,16.951206141934563
0.08304581862093435,0.13955517398234998,0.0657781533250699
-8.32638100000031,0.3849698942652324,7.99309015
0,0.5290876794604349,0
89.75369785115635,0.8536285176372548,67.40912792066584
3.907202622169784,0.08192047796637335,2.24891235355318
631.118713,639.3869956395987,647.771362
0,0.0902116904311254,0
74.29043663447231,0.9319231616327954,75.6497843813307
0.5555207465115216,0.0165388008639653,0.8946437469867186
1269.62207,1281.31675650472,1286.27478
0,0.08831908577162038,0
23.45702702965794,12.618646551988736,14.768911064462038
0.1752244618939935,0.19489077248794545,0.07388033913045311
1909.06702,1919.0487007711758,1925.71985
0,0.0368619921113089,0
20.01559775184532,9.28524277204205,14.260895634515599
0.07375904199645941,0.04771921658903235,0.08410284386544058
-8.32638100000031,0.14811258122623094,7.99309015
0,0.12501193260862556,0
87.6793734381607,0.8268852505772765,73.89297694141716
1.0392237717735286,0.017636976361054008,0.2610620304976452
631.118713,639.5849489712873,647.771362
0,0.048814484148835116,0
69.53887036819613,1.0464983087356756,65.21791707288294
0.3042682474907243,0.009201177204391169,0.2320091390463351
1269.62207,1282.7086501382219,1286.27478
0,0.1048682686895978,0
26.21363071582031,12.378784374883622,13.52550271089039
0.20987206356901714,0.1273034554536259,0.07830774426298397
1909.06702,1917.4129280643365,1925.71985
0,0.05178063127813125,0
17.404060927152255,11.166001399007602,17.01341348379212
0.10064385829334707,0.09059459354672215,0.10593701280667962
-8.32638100000031,0.4270263291146641,7.99309015
0,0.467112088303504,0
91.7674584721688,0.8426982893919989,67.95626809957544
3.0629265937401766,0.07621134406962407,1.541426598740633
631.118713,639.3989713568412,647.771362
0,0.06952161713246274,0
74.22768848149903,0.9354700944369632,75.22085442733245
0.19760243681615047,0.01529474591081807,0.5465582390041781
1269.62207,1281.4455898203016,1286.27478
0,0.09964887519635555,0
23.70081305566965,12.648224761447644,14.741495037576719
0.19840598185026032,0.20119835596559815,0.08773915336300277
1909.06702,1918.9883648159027,1925.71985
0,0.07130037331432128,0
19.890644135794332,9.255142324524808,14.247005651232858
0.14287054199523663,0.07428938269556391,0.05633162988822081
-8.32638100000031,0.0032130746985945535,7.99309015
0,0.4791231426227349,0
74.86730976351068,0.9384993079383367,68.9823741865872
3.3355015047412757,0.08082446313526337,0.9745255576832919
631.118713,639.6022187434235,647.771362
0,0.040079037861211524,0
69.32199028964308,1.0542292377806954,64.35638916993045
0.22266017863249996,0.008155504411725452,0.2732676943083943
1269.62207,1282.6069640639564,1286.27478
0,0.057837936378180486,0
26.00944279708752,12.286874059920542,13.381990441409734
0.1156732413599609,0.0798163979443367,0.03573475247369048
1909.06702,1917.785629900497,1925.71985
0,0.01861033017576196,0
17.974096634987976,11.167158145902631,16.80470429148151
0.02545203039428894,0.05789236168962303,0.05629330998851919
-8.32638100000031,nan,7.99309015
0,nan,0
nan,nan,nan
nan,nan,nan
631.118713,639.5691316178993,647.771362
0,0.2238157354446881,0
90.77094932440397,0.7936398098925519,85.56457117230237
1.6832606434823878,0.03367043205244262,1.713052586022156
1269.62207,1280.935131172813,1286.27478
0,0.2094869539192857,0
22.737485489470906,10.244928482429529,13.033131308932228
0.4203428991155265,0.22472527792562244,0.15366195792536555
1909.06702,1917.1101247772112,1925.71985
0,0.05896015396497644,0
16.58565276861108,10.312587504595141,17.50817370621845
0.07897477665352791,0.18514449029284014,0.09443226448720714
-8.32638100000031,-0.12876938065253718,7.99309015
0,0.5676517517325431,0
69.08079797036659,0.9868846268633074,67.87038931335421
3.7450710631229582,0.10152385591695234,1.131658357330962
631.118713,639.5996163095622,647.771362
0,0.03098332633445382,0
69.46769775292253,1.0512934979466075,64.57076099110233
0.18850735885063286,0.005951520109866741,0.18757809728527916
1269.62207,1282.5626131410606,1286.27478
0,0.050021759597367536,0
25.91465775944244,12.297999742184373,13.41896894168697
0.09960755449625434,0.11441462828430958,0.0799474639492408
1909.06702,1917.7975875221598,1925.71985
0,0.04011902492066889,0
17.977419340869,11.127422432908773,16.76838809030652
0.08065439178224948,0.061215958478136816,0.04432417259626064
-8.32638100000031,nan,7.99309015
0,nan,0
nan,nan,nan
nan,nan,nan
631.118713,639.5753243581582,647.771362
0,0.2429360718373689,0
92.97044699212863,0.7756869876274894,87.37806728910564
2.044478587720232,0.033575433274997554,2.0408396684996766
1269.62207,1280.7985762854,1286.27478
0,0.22135062905744218,0
22.478246590663137,10.054387164341229,13.04412858653127
0.444462568161706,0.23150830279293336,0.17221795077615906
1909.06702,1916.966475296924,1925.71985
0,0.07250760603719493,0
16.44923550233402,10.51436515311132,17.811571959648358
0.10469554369233267,0.19226132619325273,0.1618520893043843
-8.32638100000031,0.2752270297200834,7.99309015
0,0.3985638992259301,0
87.76564536295402,0.8512707015983066,70.85099993896694
2.961842200314066,0.06169008711961604,2.498823924674122
631.118713,639.6250885420314,647.771362
0,0.08152576642350762,0
68.2844698629975,1.0766367778953445,63.14032039403929
0.4733789615426927,0.01629218350236037,0.35369718246310733
1269.62207,1282.7449040257566,1286.27478
0,0.06975275543109756,0
26.285289797040306,12.421297505761808,13.112551699773025
0.13943335413504498,0.10417577183172887,0.037679568861312365
1909.06702,1917.7618671493108,1925.71985
0,0.045463943798196856,0
18.05294900751313,11.450701188101023,17.326109470194684
0.08217856962329803,0.0956784965433461,0.03878030092378021
-8.32638100000031,nan,7.99309015
0,nan,0
nan,nan,nan
nan,nan,nan
631.118713,639.6032465477562,647.771362
0,0.36310302864059973,0
91.44909133778445,0.7940797565114633,84.59667123802461
2.749935595422848,0.05431790877476698,2.2691593135225694
1269.62207,1281.9242049749812,1286.27478
0,0.1811026701251752,0
25.017263844095275,10.24515061693084,12.637772048409094
0.3423568624786376,0.3889397549867419,0.2034987339735549
1909.06702,1916.4307494291957,1925.71985
0,0.17199193271945576,0
15.382571395282286,9.91195329463452,17.422090911619197
0.23454000881132903,0.4577102055067454,0.26376973062005976
-8.32638100000031,0.2090791991586336,7.99309015
0,0.26368763735515727,0
86.28340434989734,0.8527865380995223,70.52870219204476
1.9549517501992304,0.041015826974048125,2.3269158176794873
631.118713,639.6020053212502,647.771362
0,0.11829667082242834,0
67.7012978387306,1.0802326318912567,62.87578246216998
0.6864721843304253,0.023705032561534452,0.6315224982354697
1269.62207,1282.72679725953,1286.27478
0,0.08824801396176467,0
26.257580999063194,12.334269616283994,13.305492900208089
0.17638279759436815,0.13164951898000804,0.13476195007487105
1909.06702,1917.5786479508436,1925.71985
0,0.1076116102138892,0
17.725116441021623,11.331794506968626,17.068544698804786
0.20763274191438952,0.19260316782923506,0.17102052508821167
-8.32638100000031,nan,7.99309015
0,nan,0
nan,nan,nan
nan,nan,nan
631.118713,639.5904222776225,647.771362
0,0.352347633788078,0
93.14140447127372,0.7770296526718933,86.39672547009559
2.696347013590103,0.051927048407785614,2.3450467872539726
1269.62207,1281.7190904092051,1286.27478
0,0.15654559298148749,0
24.596232920587532,10.083220144386454,12.89666730111468
0.2892022388911647,0.3762794526930667,0.23463465348032655
1909.06702,1916.4576245002988,1925.71985
0,0.18204434036897757,0
15.575783825457396,10.243543672344801,17.615813122243928
0.22616879530167552,0.4668909860252549,0.23507170093641808
-8.32638100000031,0.1638859188072992,7.99309015
0,1.6737676272305035e-05,0
87.73897165590428,0.829421301324223,74.73207945109213
8.395111618982741e-05,2.99387250878208e-06,0.00030740771216580045
631.118713,639.5733176194019,647.771362
0,0.00019112556301988418,0
68.64126744676793,1.057657910864304,64.60176889140385
0.0011211068098726886,3.776848862279371e-05,0.0008714924059753424
1269.62207,1282.5807169172172,1286.27478
0,6.597480555012685e-05,0
25.935873151394055,12.477172776913587,13.570858206409762
0.00013204353373282604,6.376444798571499e-05,2.3801087962196722e-05
1909.06702,1917.5953207076343,1925.71985
0,4.0591508130986186e-05,0
17.631100790076026,11.047593362280663,17.0224671708584
8.385206213894184e-05,5.289665142753245e-05,4.068248503431189e-05
-8.32638100000031,0.44053277913345923,7.99309015
0,0.0009282937921721946,0
87.37881134047592,0.8886417680848201,65.07775025349056
0.0066503126411906486,0.0001484911734823623,0.004229711755959581
631.118713,639.4108421938893,647.771362
0,0.0003778179817946728,0
75.16247239644078,0.9262241586877936,76.39207216520789
0.001543870302522641,7.862888742744093e-05,0.008037548965232157
1269.62207,1281.3240051608366,1286.27478
0,0.00020776117797505095,0
23.496824951585435,12.792399637080905,14.708394466111379
0.0004155636419715741,0.0003048635056186738,0.00015578731164264502
1909.06702,1918.9626556755006,1925.71985
0,0.00014923606243973095,0
19.84551240945673,9.189622331393137,14.158235135518861
0.0002971695578743926,0.0002760993613424366,0.00023847995922194213
-8.32638100000031,0.1639691041068243,7.99309015
0,0.00012081110229733947,0
87.73733586808541,0.8294534730770561,74.72767482403006
0.0008530154097908464,1.9179415153122854e-05,0.0011913164934397862
631.118713,639.5734060343531,647.771362
0,0.0006987430102974465,0
68.65591336398066,1.0574475837594195,64.61282665439374
0.004069699717384881,0.00013870295393568973,0.0034762248007021218
1269.62207,1282.579914141365,1286.27478
0,0.0002695555558060762,0
25.93427939092999,12.476235336350834,13.570478387950443
0.0005393444833476182,0.00031000134146927654,0.00013974980865666127
1909.06702,1917.5958279812323,1925.71985
0,0.00015954026100756195,0
17.632138622091368,11.048223543267854,17.02201051327461
0.00032564654241246723,0.00022582544404448,0.00019658089060704668
-8.32638100000031,0.44037929159943623,7.99309015
0,0.0013886224122334771,0
87.33504440447348,0.8890648986771765,65.05023181805949
0.012247157616886417,0.00018180430959764338,0.008030447771351517
631.118713,639.4120720096208,647.771362
0,0.0005769823850983977,0
75.1529956465309,0.9266221754625878,76.33786476460351
0.004241457782044878,9.254005037378945e-05,0.014183827273034275
1269.62207,1281.3254940236905,1286.27478
0,0.0003777324124393832,0
23.49957722116886,12.792572631905337,14.707389341740095
0.000757576090268163,0.00046025495843133365,0.00030715895319033545
1909.06702,1918.9617818440227,1925.71985
0,0.00026463266311875267,0
19.84352558192718,9.190281465007974,14.15982298755182
0.0005295216003937594,0.0003427070580778131,0.00042887017907712957
-8.32638100000031,0.1628659852365839,7.99309015
0,0.0029958149494877673,0
87.80246717468688,0.8286089155854157,74.7997650394876
0.02330609170845134,0.0004469497544412857,0.011523481374888088
631.118713,639.5738969428711,647.771362
0,0.0016018948018373656,0
68.67498613605889,1.0572692903986294,64.62660852393999
0.008948765033617113,0.0003259745536220582,0.010207153963814369
1269.62207,1282.5841682533235,1286.27478
0,0.00165752958845636,0
25.942670331232577,12.481901973096003,13.570474353446842
0.0033165972105686017,0.0018718641472946088,0.00040699688795682213
1909.06702,1917.596200107024,1925.71985
0,0.0006654564181671415,0
17.63164569941604,11.045580509046133,17.02788504911488
0.0012705927077947296,0.0012591207812634774,0.002047049232584104
-8.32638100000031,0.4392371474132055,7.99309015
0,0.0018052738339347178,0
87.32500402003915,0.888935169402948,65.05990264935762
0.012177224305671286,0.00029914149818540027,0.012640350673118752
631.118713,639.408145950224,647.771362
0,0.004186367048429076,0
75.1039350964645,0.9263539955935958,76.36708332967281
0.03151459843735844,0.0006550403283569592,0.005296243644167698
1269.62207,1281.3260345940923,1286.27478
0,0.0005383947292807152,0
23.50066041165887,12.793149809719791,14.71139857959144
0.0010701382817405985,0.001035902959239354,0.001481471937397461
1909.06702,1918.958799944455,1925.71985
0,0.00048022405077889033,0
19.837584231508927,9.18726866019619,14.155392006891827
0.0009552382005692156,0.0009374562753816398,0.0009644736743576328
-8.32638100000031,0.1645155133185945,7.99309015
0,0.009664484168051156,0
87.74871626698399,0.829451605239154,74.73096637825819
0.07073582674808943,0.0015028152426659427,0.0653837602098821
631.118713,639.5735600424134,647.771362
0,0.0015079432148640138,0
68.65765771736,1.0574589996265071,64.61271230041292
0.009143095972832613,0.00029121412123270403,0.008253112787754454
1269.62207,1282.5791961619593,1286.27478
0,0.003651047495878516,0
25.932796478497192,12.47612798535409,13.568889908680653
0.007305796107013956,0.004029579371311713,0.004556510300418438
1909.06702,1917.5965149633864,1925.71985
0,0.0023938309589438046,0
17.633562389254273,11.049122186387892,17.02277337382327
0.004864446584193273,0.003481677149574399,0.005404292621456035
-8.32638100000031,0.4402930646914367,7.99309015
0,0.0015807219440704492,0
87.33021760800503,0.889097387452245,65.04872404036391
0.008529547441573535,0.0002858261997719743,0.013274963316589254
631.118713,639.4119197639242,647.771362
0,0.0029532531741196274,0
75.1479592004008,0.9266513951718951,76.33443273244316
0.01643944266869109,0.0005649613271878038,0.009633850982819778
1269.62207,1281.325610902084,1286.27478
0,0.001095370322620915,0
23.499799764925385,12.79262592564976,14.707173781581165
0.0021940741473865776,0.0014697742961000116,0.002923455748660608
1909.06702,1918.9613275430918,1925.71985
0,0.001049012439206694,0
19.842621298684165,9.189816805577147,14.159859072892292
0.002100176697923946,0.001276546779446319,0.0026033432255832246
