-8.32638100000031,0.17219707166191256,7.99309015
0,0.26021553111616924,0
77.49335127831608,0.9435138157604481,65.77380629008466
1.7307600260437954,0.045225997139659975,1.0933693390184038
631.118713,639.4329641228969,647.771362
0,1.2654441010962345,0
51.86086167712075,1.3690694809570436,52.23095127083789
5.802398188082032,0.32833290585131786,4.20738571242275
1269.62207,1282.9126927773548,1286.27478
0,0.0377055100800334,0
26.693180024425544,12.125602238255839,13.058180639220748
0.07532116520752308,0.05457407688542987,0.0412758201917078
1909.06702,1917.6517906993085,1925.71985
0,0.08243793675970687,0
17.738173480637695,11.09673385052135,16.96499367970711
0.16817726200410882,0.1166678859612262,0.08876924692089626
-8.32638100000031,0.1965131268029321,7.99309015
0,0.07094989779923869,0
79.43902270075768,0.9251837029485229,66.62760117038229
0.4861707931134588,0.01198776609875941,0.2918449236019128
631.118713,639.3976187673289,647.771362
0,0.14360059504887737,0
71.5233388933595,0.9714880601265217,73.14974861572202
0.9021173545305052,0.026465446452347403,0.735752802918729
1269.62207,1281.5445636683942,1286.27478
0,0.06632303201017155,0
23.894285075325016,12.714188522153108,14.474437297184465
0.13240366184779237,0.1149290998276524,0.0713855996312977
1909.06702,1919.3396887683577,1925.71985
0,0.06978861437710626,0
20.73084881936441,8.981842258726411,13.514684159213775
0.14039385281816136,0.07340883039530259,0.08044337558780527
-8.32638100000031,0.1511790390126091,7.99309015
0,0.4528538661727579,0
74.9910702888941,0.9709388899585533,64.31485145043249
2.9607540471258247,0.08051269866971753,1.6254987200105588
631.118713,639.4722829782608,647.771362
0,1.1703824644761194,0
46.95433378450598,1.5364459855690058,46.43542098363061
4.719169584448859,0.34674007278924396,4.206171920825151
1269.62207,1282.9049259146616,1286.27478
0,0.06540369546574855,0
26.70009235038453,12.012334834841784,12.959586435877444
0.12931040786616826,0.13084698016403407,0.10903636254287456
1909.06702,1917.4252066466079,1925.71985
0,0.16570282338414433,0
17.3033758644221,10.886060340031717,17.215076041658207
0.3404617628247305,0.2272438848072644,0.20599303951864592
-8.32638100000031,0.2185294577726271,7.99309015
0,0.0891421197863291,0
80.74373945181665,0.9146476945189914,66.9997987827328
0.7123186160350777,0.0130872098915171,0.4179362913358328
631.118713,639.3902737960085,647.771362
0,0.12503080067982822,0
71.12516895034574,0.9753224188646243,72.99602383291457
0.6573248789474497,0.02532013048861455,0.6447720887550419
1269.62207,1281.7423714563045,1286.27478
0,0.14170891950724357,0
24.266538994180188,12.694091480715151,14.314013267796378
0.28359649187898645,0.17390792828068583,0.12229201522425757
1909.06702,1919.2213788591216,1925.71985
0,0.10597570851083686,0
20.480605146598858,8.916371701652054,13.654697884145719
0.21347560502554466,0.10150739607756354,0.12467050587127443
-8.32638100000031,0.23054509051899608,7.99309015
0,0.4167634033607165,0
82.44167067292058,0.8979351218556454,68.04038959756613
2.874807417116285,0.06922999594498663,2.3600639441943643
631.118713,639.6026140966252,647.771362
0,0.8378317386963462,0
87.36238349881117,0.8318051163273997,78.43743447738379
6.166058128452607,0.13003361493996135,6.1887771811002485
1269.62207,1283.2665428081932,1286.27478
0,0.18268605131354407,0
27.455548132683845,12.217759959454108,13.38869989417098
0.3625520482961137,0.3168513955280625,0.14318670596754463
1909.06702,1917.8852584577055,1925.71985
0,0.1585849921365061,0
18.362877724163305,11.738290457538003,17.430977104642125
0.31359164930617633,0.2637697987716117,0.10148612755061447
-8.32638100000031,0.1908029732172718,7.99309015
0,0.1685391396039788,0
83.63519124250837,0.8765541016603929,69.2065531858848
1.1814643843562351,0.02749847894562613,0.7275875301604994
631.118713,639.4337242156728,647.771362
0,0.24472826653738247,0
76.58188723148092,0.9137185787336228,77.25663398646051
1.5962490175063373,0.04289708330070064,1.648091436805241
1269.62207,1281.4701741732558,1286.27478
0,0.1456561160324551,0
23.718952919407528,12.378715708935978,14.46495823225596
0.290869358037762,0.2787760907022441,0.10870091479229625
1909.06702,1919.4900306632546,1925.71985
0,0.07727129010719695,0
21.01471928593918,9.178655243795454,13.65839937163582
0.15372575054003404,0.11914435048229167,0.15461070943486102
-8.32638100000031,0.21201918094245897,7.99309015
0,0.21217286616401398,0
83.41405144765945,0.8833595842205723,69.30887228986082
1.5337908525500452,0.033982755582026306,0.8838807650313724
631.118713,639.7154414178082,647.771362
0,0.4812551289437652,0
83.86309958359664,0.890702719003753,73.58328509306229
3.304149995689604,0.07974997988764379,3.289513158493731
1269.62207,1282.8573212760773,1286.27478
0,0.24677664338549346,0
26.606755848549305,11.95876353525081,12.94524098918209
0.4952322852019528,0.26461413163478054,0.32927503604230246
1909.06702,1917.5044282706071,1925.71985
0,0.2763439104190883,0
17.677924324980854,11.472855437668024,17.15049902551448
0.5728309041459049,0.3934405192373287,0.2273954882522404
-8.32638100000031,0.2210226317622368,7.99309015
0,0.1683718246466721,0
85.7376228396304,0.8607540533597677,70.03482946808586
1.2241425347710815,0.026610340402581367,0.48019229726065005
631.118713,639.4022761399664,647.771362
0,0.3070034740640996,0
77.02807510876073,0.9013579044749296,78.20764381398249
2.373906819402768,0.04671245607320411,2.2605980908933665
1269.62207,1281.7490141876974,1286.27478
0,0.18100466517405295,0
24.267172372079145,12.535006666982067,14.487840287766979
0.36186761161195063,0.3017393743194415,0.13759264809079658
1909.06702,1919.3994113867006,1925.71985
0,0.1321959683906268,0
20.819587395892178,9.142713169396117,13.648250931219405
0.26526736267685996,0.15229159331563732,0.1335366039200214
-8.32638100000031,0.22404170983104876,7.99309015
0,0.025124365185817052,0
83.9506374960186,0.880092072880944,69.46180136210559
0.17441174981237056,0.004124190900463168,0.20587960772040148
631.118713,639.6854434098456,647.771362
0,0.07436627190054186,0
88.95877571262704,0.8327720177699993,79.34437760368468
0.5720828556643206,0.011171739717455465,0.3227964536239072
1269.62207,1282.928565296778,1286.27478
0,0.012220996313907438,0
26.71927949537479,12.169195668862626,13.089330051959816
0.02433578372421268,0.020773760880681617,0.01194488841633219
1909.06702,1917.711327045406,1925.71985
0,0.024019657133688293,0
17.913260421940617,11.301236881780872,16.976591292234225
0.0483273856522938,0.037136510807344626,0.0307560538308319
-8.32638100000031,0.23250755924056143,7.99309015
0,0.08711642692186168,0
82.23369424031402,0.9006744562540027,67.7693819494701
0.6241483345884425,0.014118698586030059,0.2887044151518497
631.118713,639.4177554754949,647.771362
0,0.07414631042950914,0
75.91172434005752,0.9184031986015906,76.90127116565188
0.494950975247752,0.012840493700438453,0.37895101561856875
1269.62207,1281.5929344616454,1286.27478
0,0.03028766644147683,0
23.988204793509603,12.7403572759698,14.460952973374587
0.06036300930902933,0.05989224068994223,0.04059440983096355
1909.06702,1919.3206040095934,1925.71985
0,0.02721115110129434,0
20.685663350567303,8.987035960043901,13.543784483589008
0.054831638653143396,0.0258210968103306,0.029767664122886735
-8.32638100000031,0.24101560434283265,7.99309015
0,0.038691680022847195,0
83.88614710667217,0.8843213252854801,68.8403954417258
0.24037750078857234,0.006735040913027505,0.43046491430157885
631.118713,639.6778918981233,647.771362
0,0.11374879687807213,0
88.06595194318497,0.8398812745837847,78.83263921821928
0.8629492182706957,0.01730862832162377,0.5145624309218731
1269.62207,1282.9283518896304,1286.27478
0,0.016834653228237344,0
26.7179861335524,12.173430739495576,13.093379797988469
0.033734054336016055,0.01952069561349776,0.00846949719377927
1909.06702,1917.6715055638076,1925.71985
0,0.031119582089920897,0
17.851092539621916,11.297929964907945,17.031584677817225
0.0631682495379452,0.04628426061735703,0.042664087468727664
-8.32638100000031,0.262621693369832,7.99309015
0,0.15310308815467405,0
84.4577722473662,0.8826909422607166,68.5867341860895
1.397491813275842,0.01879512658162036,0.5409750746367016
631.118713,639.4133370290341,647.771362
0,0.08925126275161477,0
75.00539239380777,0.9287787931824412,76.14247300579555
0.6608396036202542,0.014211960654007037,0.5087421062503441
1269.62207,1281.6874552614165,1286.27478
0,0.05481982066371869,0
24.16278958927164,12.703149310055927,14.360020969416647
0.10966148499051004,0.07662434311108186,0.06786820981248147
1909.06702,1919.258472721208,1925.71985
0,0.04482568687476255,0
20.558121585104818,8.939888582426997,13.610355805329064
0.0903838695976448,0.04053453419948369,0.04919728731857567
-8.32638100000031,0.20978697435732663,7.99309015
0,0.09868583910398876,0
84.95935611728599,0.8664964417621955,69.89169987062056
0.7071594165976771,0.015792258206469872,0.20915334276675476
631.118713,639.7082354179776,647.771362
0,0.08594176117421558,0
89.67511860375632,0.8304368240280421,79.29028976767313
0.6541177779017854,0.01298166291813237,0.49916858378910633
1269.62207,1283.0253306989878,1286.27478
0,0.03417827061519916,0
26.92345969686427,12.20842495849607,13.120367736901404
0.06784685782563403,0.06381382127779471,0.01389128292737625
1909.06702,1917.7286659584063,1925.71985
0,0.037806392305693784,0
17.987865850792915,11.416063961850165,17.081352439964263
0.07253250567354001,0.06926603204488652,0.052676018069867346
-8.32638100000031,0.18851044728231336,7.99309015
0,0.38417686463596773,0
85.02267071426809,0.861482326328421,70.27122132569858
2.768469878507336,0.0611772223725297,1.6188259891571521
631.118713,639.4310159118222,647.771362
0,0.13807618104941743,0
75.61247485298219,0.925114766648874,76.30138929375566
0.8943476582080034,0.024436610197809874,0.8063085811323664
1269.62207,1281.613318893215,1286.27478
0,0.08418195589095995,0
24.01115019338617,12.59190553535917,14.508229018897218
0.1678966937344845,0.1766658224860948,0.056128174608168165
1909.06702,1919.4074907660338,1925.71985
0,0.03411672648609926,0
20.856924410538515,9.076615947912513,13.66351743779125
0.06851980110128209,0.03834557374301531,0.0779751168093119
-8.32638100000031,0.21470703818401127,7.99309015
0,0.14945410038237794,0
85.58671920477914,0.8610159857562123,70.0336902986509
1.1485929936390984,0.02269650146223497,0.40905867295583775
631.118713,639.6970562415405,647.771362
0,0.08993167020012231,0
88.64806262893944,0.8380361068582454,78.65152474088272
0.7327805521498097,0.012924579847779758,0.38550855665173855
1269.62207,1282.9539062020858,1286.27478
0,0.05514346955142791,0
26.778179362620882,12.152212171237247,13.112141044711079
0.11042203606069409,0.06831758025602877,0.06105820466028427
1909.06702,1917.6637947314407,1925.71985
0,0.09492982187278715,0
17.90318349451447,11.446879110753805,16.9546515739544
0.19399509931833625,0.13911125296770033,0.1261549147038909
-8.32638100000031,0.23434232609544203,7.99309015
0,0.32844802489966457,0
86.48178738636958,0.8558856889464491,70.38248837254895
1.9694539923164263,0.056835090999392164,0.7987849412821709
631.118713,639.4226633371053,647.771362
0,0.11024718056209858,0
75.05540064590383,0.9302591510861741,75.93934018245275
0.4659252292060471,0.022853781728993158,0.36514839912299557
1269.62207,1281.7128567312714,1286.27478
0,0.0838234599651677,0
24.20387405418991,12.621317452873978,14.473933672314784
0.16728113434733177,0.1766068399921874,0.08657036481931189
1909.06702,1919.3457235945632,1925.71985
0,0.06849574185780968,0
20.7294985275861,9.03197782186865,13.648630072409805
0.13799571523013554,0.06473616095801113,0.056168792090999654
-8.32638100000031,-0.22382065154594066,7.99309015
0,0.4306072922089381,0
90.81274677262044,0.7287810172414048,93.3869476006826
3.6311737633652585,0.0591221177494227,1.9930998542643161
631.118713,639.6878432181544,647.771362
0,0.02556443583142721,0
100.04634842558856,0.7394247041795922,89.10986509346687
0.21111644179283276,0.003508176519064833,0.18861276067510974
1269.62207,1281.8817487767844,1286.27478
0,0.0226818215875972,0
24.55363992624224,11.628294946679478,13.28798572727571
0.04540146942242296,0.02587415996757178,0.010756986890411836
1909.06702,1918.5630001680968,1925.71985
0,0.015110820667078992,0
19.108622425657167,10.608457027549711,15.436802982883696
0.02964543705079239,0.03446335640608922,0.031403736435901074
-8.32638100000031,0.11190884804344137,7.99309015
0,0.15371977494410285,0
99.11790821546938,0.7236677187622707,86.55627560461004
1.3547906718788645,0.02015350987191759,0.6953097943388552
631.118713,639.4874355197435,647.771362
0,0.02798064836872405,0
80.59430750622182,0.8785657014138009,78.98731827451861
0.186451548154134,0.004746004186320689,0.31858535414272565
1269.62207,1281.5697009188648,1286.27478
0,0.058055263146503285,0
23.895289355823138,11.929512490773735,13.785807749860753
0.11611015602683887,0.12674181271236223,0.09261323573541984
1909.06702,1918.8033181910525,1925.71985
0,0.059695749404437747,0
19.496360132729386,9.267022980605862,14.429914897944126
0.11944806025035293,0.07347741789772456,0.07890559871220675
-8.32638100000031,-0.22751753045961287,7.99309015
0,0.2613490183950163,0
92.04297396658117,0.718223583675277,94.81575283710761
2.211161614532582,0.03564872501780988,1.622835488904931
631.118713,639.6895496056322,647.771362
0,0.0473914866203225,0
100.29374251699502,0.7378694784991924,89.2572326083531
0.4024179097624902,0.006384449703940861,0.28522857002496504
1269.62207,1281.872853591284,1286.27478
0,0.024579292969043535,0
24.53948050591628,11.587957828289952,13.260416176549077
0.04900612150408221,0.04839595310804013,0.034973947872391
1909.06702,1918.5976482075355,1925.71985
0,0.04430571972835577,0
19.171401891693993,10.611755814233044,15.392252263486037
0.08835549179373034,0.07278832428396655,0.06876741296024048
-8.32638100000031,0.1608986166824078,7.99309015
0,0.2536318911963584,0
105.28216342316121,0.6887038211168417,89.76352253679877
2.9077649624754827,0.024742553347619406,1.534088534538038
631.118713,639.5068598155125,647.771362
0,0.0410703349033805,0
80.07327851391008,0.8885680912774094,77.75707809963322
0.3401488176531286,0.005778970919962326,0.8161338716697084
1269.62207,1281.80585170976,1286.27478
0,0.1625671284229879,0
24.3797894156118,11.803894401703717,13.498518853953312
0.3252206272085352,0.19292166335094924,0.1979569900783332
1909.06702,1918.6456489571244,1925.71985
0,0.1124199928809411,0
19.17832522625782,9.139822071036528,14.618549903890978
0.22504576139157426,0.11670131122304515,0.13933685233330026
-8.32638100000031,-0.06056079153648852,7.99309015
0,0.3317278523417767,0
119.94967750740472,0.5723345992986539,113.2486059733557
3.4051408793829325,0.0364496849494687,2.8563819520808993
631.118713,639.6834168196793,647.771362
0,0.04445391498800564,0
100.26641842126128,0.7370098200092057,89.30878282298204
0.3712760798496193,0.00605145513503673,0.3655150224612635
1269.62207,1282.027099940031,1286.27478
0,0.032139913615177124,0
24.855221626675196,11.678783253269222,13.422503866696122
0.06363660123508558,0.08687794291729048,0.047989561198704685
1909.06702,1918.518624450842,1925.71985
0,0.030754818927638327,0
19.013740480355864,10.530469316184364,15.486367631580848
0.06062804529980518,0.0658095883870962,0.0702890858644049
-8.32638100000031,0.08205663855947876,7.99309015
0,1.1882074045510318,0
122.55135981211656,0.5796575946401655,104.96196802398003
12.356263721954491,0.12929584776298486,8.857700687086393
631.118713,639.452910478717,647.771362
0,0.1624253356084312,0
78.41951941210893,0.8959709532793135,76.88189536307085
1.0713497870707396,0.02801297000648919,1.5867898493674892
1269.62207,1281.7705421234618,1286.27478
0,0.2502630983692998,0
24.323627367016734,11.592307636272636,13.972681899417342
0.4993656980418146,0.5008469193339403,0.14581812233658936
1909.06702,1919.0678976289325,1925.71985
0,0.04029723360280507,0
20.037143325555107,9.423403776104518,14.74130881119376
0.08066013929982792,0.048085811814433076,0.24815386463876693
-8.32638100000031,-0.083013339095519,7.99309015
0,0.35445754133625723,0
121.07003675384237,0.563897497773573,114.6376547822559
3.7153857630554263,0.03826473330670143,3.1713034148743695
631.118713,639.687524789193,647.771362
0,0.054591009365179716,0
100.1549300192589,0.7385557562618128,89.12257587678192
0.4666118291989224,0.007325195492257598,0.400136450030011
1269.62207,1281.8673999481177,1286.27478
0,0.12404888838322362,0
24.53241416009533,11.550853606344832,13.293968080914675
0.24842953419903524,0.13035282023252517,0.15706545897331992
1909.06702,1918.5682270335378,1925.71985
0,0.0861826890719449,0
19.117047056537082,10.60372061318356,15.322244244015051
0.17283929997283975,0.11484880635690718,0.17343842843545693
-8.32638100000031,0.15603903099685468,7.99309015
0,1.0708599492563888,0
131.5543642537236,0.549226164957816,109.24137718119962
11.21711091700472,0.1128689850605796,6.695824070286876
631.118713,639.4700555745809,647.771362
0,0.14094488706727049,0
78.24398760403389,0.901770408543109,76.19070328618298
0.7423937945998137,0.026868173000514008,1.3129718367137317
1269.62207,1281.977963935334,1286.27478
0,0.21728171197441684,0
24.764630847162948,11.573847546769356,13.741338129964
0.43166110765614746,0.4836183615588154,0.25617639966176897
1909.06702,1918.8929916842587,1925.71985
0,0.10554943081436834,0
19.684088731737965,9.279800860010576,14.80463086771329
0.21141784304361377,0.10383250112705385,0.2125686646567286
-8.32638100000031,0.23539299953885084,7.99309015
0,0.00022303073318919822,0
85.49138187566479,0.8662195976459035,70.34267252686826
0.001928131368418316,3.003762842257032e-05,0.001201595212399585
631.118713,639.6988432514264,647.771362
0,0.0018327151959176009,0
90.09111670787252,0.8247070246545728,79.84132392951682
0.013308909103220662,0.0002842711211540846,0.013900915656284422
1269.62207,1282.9195651282707,1286.27478
0,0.000172092583585526,0
26.693103401352204,12.203281998271546,13.125777048527656
0.00033432217295212654,0.0005267165287629411,0.000491757464866795
1909.06702,1917.7378769529155,1925.71985
0,0.0008943380581354805,0
17.985555748172104,11.377372932943373,16.97725060816038
0.0015492974488846112,0.0020395137880969004,0.0021483742434872956
-8.32638100000031,0.24797157272665693,7.99309015
0,0.0009849370629913684,0
83.88480999155858,0.8857878094043028,68.60726824668899
0.007129088561257503,0.00015753730488461866,0.00361312277918974
631.118713,639.4217684521032,647.771362
0,0.0007236731108049382,0
76.17322496243973,0.9160687610385312,77.01921237607536
0.004190798136812805,0.0001351268846882745,0.008084942221507322
1269.62207,1281.6222618697275,1286.27478
0,0.00011999781349746367,0
24.04084669753815,12.717540679894679,14.419593422055446
0.00023834472693869002,0.0002975773311900161,0.00022282045564693485
1909.06702,1919.292846471472,1925.71985
0,9.121875423289289e-05,0
20.62603346861642,8.974813783533426,13.577290822565336
0.0001804920660005167,0.00015646765341525734,0.00013043573886007193
-8.32638100000031,0.23618749543465256,7.99309015
0,0.0011248796714188752,0
85.51129503628118,0.866176102802031,70.33188726530881
0.008702133616804676,0.00017004230715770717,0.004614564433581284
631.118713,639.6994471817234,647.771362
0,0.00446118847307933,0
89.96915710820238,0.8259632158378788,79.71060137414955
0.03213668378092791,0.0006955642931468026,0.03528556235190771
1269.62207,1282.9216011046474,1286.27478
0,0.0007586222248921957,0
26.696346623792344,12.209664128389582,13.130558557717091
0.0015063823728863183,0.0014690950282980615,0.001243058935819489
1909.06702,1917.7261258760543,1925.71985
0,0.0022428244352090047,0
17.971110934106957,11.385574733387923,16.997908671748558
0.003766648355282753,0.0053195491213941445,0.005542040697264284
-8.32638100000031,0.24754900685724124,7.99309015
0,0.0014556040547288303,0
83.84307294817478,0.8861499816252156,68.58733932617676
0.012672377514129021,0.00019267247750884934,0.006857098874095177
631.118713,639.4211378669362,647.771362
0,0.0010144506997576304,0
76.20203757067512,0.9155730597647026,77.0714216170582
0.007757722878680855,0.00015612808175609978,0.013887909425930559
1269.62207,1281.621399783025,1286.27478
0,0.00020432398269440625,0
24.039312036758943,12.718380254665403,14.420951424638023
0.00040813050820266646,0.000345381633948117,0.00038180874231872426
1909.06702,1919.2932987046734,1925.71985
0,0.00015193944049181986,0
20.627162423063396,8.974484030142456,13.576482479367584
0.00030438169048316023,0.0001893420115912738,0.00022047908939215109
-8.32638100000031,0.2330923977160566,7.99309015
0,0.005324812832453155,0
85.5167506595842,0.8654871983065897,70.3830856557908
0.04136380105782042,0.0008020832994604065,0.013677023299322882
631.118713,639.6945974074881,647.771362
0,0.0035907956622025818,0
89.90654338632413,0.8256064189981983,79.73502547439429
0.021045180078898756,0.0006100282267024305,0.05060106822583961
1269.62207,1282.9092918253862,1286.27478
0,0.003724316441209161,0
26.672028270673792,12.196273295986241,13.130084983604768
0.007469943360170751,0.00383578989854695,0.0010459051438751173
1909.06702,1917.7031983935005,1925.71985
0,0.002925588674709615,0
17.92553087572187,11.360178011813653,16.94242596201452
0.0044416064231348066,0.007718127781980497,0.009657484250793493
-8.32638100000031,0.2473274607501299,7.99309015
0,0.0028146094193190452,0
83.84850656667933,0.8860450305946019,68.59292566599753
0.01953212144745363,0.00046289918136520553,0.01570874331405162
631.118713,639.4242265126375,647.771362
0,0.002220793838259496,0
76.23940259318056,0.9158026805492172,77.04616539344903
0.01778531215212508,0.0003230262935577083,0.00774058115263806
1269.62207,1281.6198835618925,1286.27478
0,0.0005745900360634796,0
24.03619369241197,12.716037774114477,14.414531193068319
0.0011397940691530066,0.0015081367880107135,0.0019102172304700865
1909.06702,1919.2929719056544,1925.71985
0,0.0004775780318427519,0
20.62650864573242,8.974179137761913,13.578645006187937
0.0009468165901494549,0.0007882142904090117,0.001127658506696616
-8.32638100000031,0.2365359516280261,7.99309015
0,0.0075044310959630515,0
85.5324444272884,0.866028709242449,70.34429574599565
0.05776221691723279,0.001139067476484233,0.038775143188168236
631.118713,639.6991521604942,647.771362
0,0.0014459756130888394,0
89.95824863755908,0.8260079135100172,79.7050596030571
0.0131824905955078,0.00018413602588775955,0.015782771690704987
1269.62207,1282.9211257106842,1286.27478
0,0.004575550202664181,0
26.695310396455028,12.209667283140407,13.13062347311498
0.009179375721475614,0.0045653065526585655,0.0046818928216953775
1909.06702,1917.7236958244175,1925.71985
0,0.006350713359250497,0
17.96679341025814,11.384100775327683,16.996782305535717
0.013161171496003328,0.008432248430111913,0.014879987918901398
-8.32638100000031,0.24746852551658272,7.99309015
0,0.002352973211037061,0
83.84115796763803,0.8861538428181701,68.58806793386886
0.012378301321705396,0.00043459119425561665,0.016187209493042656
631.118713,639.4213392918255,647.771362
0,0.0016491472807364156,0
76.20723388071754,0.9155540626572263,77.07363795470998
0.01139944984651662,0.0002782744061414241,0.007487837828575962
1269.62207,1281.621095936835,1286.27478
0,0.0017777294565003241,0
24.03873489319546,12.71834554603354,14.420182785445814
0.003557829443824642,0.0023355629426830243,0.0038805905155775778
1909.06702,1919.2931615892091,1925.71985
0,0.0012847155007571101,0
20.626936295888818,8.974194674710072,13.57655976410819
0.002585285082912861,0.001310238733499249,0.0028205225213283037
