-8.32638100000031,0.025992400424637907,7.99309015
0,0.3521095890810634,0
74.83679518362005,0.9441006565893535,68.1845031242673
2.3877369411396323,0.06070166460248883,0.9849509161172075
631.118713,639.0400768008627,647.771362
0,0.9771195505872858,0
43.28573851192271,1.5017226856933814,52.32430841577597
3.8435187346245705,0.29822486556737055,4.152553587307139
1269.62207,1281.920698407904,1286.27478
0,0.04520373513306467,0
24.601959000525234,12.541470560759441,14.053269391817807
0.09040987408436504,0.062311257888537114,0.028971007686975005
1909.06702,1917.355818777632,1925.71985
0,0.038583158037638184,0
17.225549163117385,10.952796123482953,17.34041045933992
0.0762138708627986,0.06443279837995147,0.0646963062387358
-8.32638100000031,0.33691873964857955,7.99309015
0,0.18753319022458692,0
82.7628180284884,0.9170018194616398,64.84088835537332
1.3377566824252576,0.030543805806303764,0.5687387468871274
631.118713,639.3221358199046,647.771362
0,0.3852574831440191,0
67.38168968959202,1.0139894209032971,71.42366220052831
2.289185091390671,0.0751381300441507,2.0116356311116026
1269.62207,1281.1314740169048,1286.27478
0,0.04136638782852306,0
23.204039856361764,13.065059773694655,15.09009938887484
0.08068407692025353,0.09404872064823845,0.0713897868124877
1909.06702,1919.0453678311906,1925.71985
0,0.036243441828490014,0
20.06097167327934,9.009104086849586,13.954518834166485
0.07278771161811426,0.03655831125595712,0.03600861026183483
-8.32638100000031,-0.00851697266319107,7.99309015
0,0.6636179859141257,0
70.82149460628573,0.9907798047594475,65.63371128954833
4.193080606368999,0.12245780910174436,2.482721933803314
631.118713,639.2026355044937,647.771362
0,0.8708260896555207,0
42.01154305536117,1.6178207743272373,47.07742082240519
3.033429703598042,0.29368781248365455,4.855340786233906
1269.62207,1281.840777440282,1286.27478
0,0.07395339380484385,0
24.44163340388325,12.447861524056098,14.029481147329932
0.1478368139386598,0.16159989545382714,0.1259437746478162
1909.06702,1917.3692866231445,1925.71985
0,0.11084848142817132,0
17.286202045301923,11.046341378081555,17.36288564841641
0.22755755109704107,0.15885488214692325,0.14566809024248978
-8.32638100000031,0.32758224332632757,7.99309015
0,0.1462997116291048,0
82.73403618730586,0.9153295486272675,65.1114390746437
0.7342956592260628,0.027849387039397717,0.5001256052175082
631.118713,639.3275544820314,647.771362
0,0.4484564258700057,0
66.13724175441891,1.0350664655695605,69.92674660497218
2.877693152974663,0.08281004131903898,2.9946260648634704
1269.62207,1281.3635528738316,1286.27478
0,0.08392299955120965,0
23.58423882948479,12.883751319304999,14.757222524762156
0.16788122829425373,0.1226968663995659,0.15322930002681434
1909.06702,1918.8908135911263,1925.71985
0,0.11162296966002537,0
19.754032701735987,8.853038092184068,14.124614219346533
0.2244301089775465,0.10185932533625586,0.1352444842678633
-8.32638100000031,0.12382672686004526,7.99309015
0,1.050304628845256,0
90.23732058126134,0.7983771711125548,79.51947194854742
8.020268158944067,0.1569434544046234,7.483508939634432
631.118713,639.0225471757433,647.771362
0,0.35214655016882623,0
58.209164244335426,1.0937608948570674,64.78471385144698
1.6821991134718897,0.08196683408097452,3.706519192340479
1269.62207,1282.0806367114233,1286.27478
0,0.07118144494067973,0
24.917937942540984,12.559085523807584,14.082813712517716
0.14235523933450625,0.13655304012484756,0.19619313198379268
1909.06702,1917.2118423678207,1925.71985
0,0.0830606096508115,0
17.085686830678334,11.120059396907147,17.209606931078433
0.11123873208349137,0.21462036206167753,0.10096442041205042
-8.32638100000031,0.3669294185897556,7.99309015
0,0.15289170407029085,0
87.60682425924975,0.8713114570069437,67.61796061198548
1.0901773423340466,0.024416861694641356,0.8552296727680314
631.118713,639.3491540540454,647.771362
0,0.1904109045486393,0
77.12654688486091,0.8885352396035358,79.27038660211238
1.2904219360244764,0.03234718103270335,0.9859674965585383
1269.62207,1281.3655337233736,1286.27478
0,0.1774928738905914,0
23.56764526873154,12.758263836283456,15.315687656330066
0.350206721802907,0.43446681244598834,0.21929116190745723
1909.06702,1919.2861703455703,1925.71985
0,0.046633647106980904,0
20.558043497859842,9.171206633667024,14.275383992855417
0.09230652718952798,0.08714349192490385,0.1789235815018586
-8.32638100000031,0.16663889049383762,7.99309015
0,1.08924980073784,0
92.53566515261704,0.7861775443180212,81.25547746864493
8.624904376123109,0.15776800806937416,7.609373910765523
631.118713,639.252893540267,647.771362
0,0.5469130640901408,0
58.98172921069438,1.14397408611633,62.02685409027528
2.6686493881168447,0.12710390345006434,3.9440060640965764
1269.62207,1281.8413599705198,1286.27478
0,0.2789719784840655,0
24.444986406774092,12.50230157209001,13.68765767758525
0.5580532073885329,0.3180359428821099,0.3439932576880391
1909.06702,1917.1116756698543,1925.71985
0,0.14914348515521997,0
17.164520948262734,11.572028023509917,17.177475024872237
0.2823050317233736,0.2655650543728375,0.3098578085299351
-8.32638100000031,0.34537241140320063,7.99309015
0,0.1691519687673515,0
86.9085350468369,0.8740601640286768,67.03759669735129
1.3017399870280697,0.02565913187895925,0.5447012116332156
631.118713,639.3852561783875,647.771362
0,0.18556222224451607,0
76.66001284133802,0.9020268320192808,77.94617722417078
1.1958390710988864,0.03265782435503434,1.5004721586010092
1269.62207,1281.4950270063316,1286.27478
0,0.10208974982230558,0
23.800553943461814,12.70618262979848,14.965649364214265
0.1976580081371977,0.403798277729738,0.27128310356435487
1909.06702,1919.0470311328647,1925.71985
0,0.14905807706352572,0
20.069982898164128,8.985977068319453,14.220608131582118
0.2993358771039245,0.15371511923794315,0.13743911447684243
-8.32638100000031,0.08387331421389987,7.99309015
0,0.019909354195878925,0
83.51688667323563,0.8556902230710198,73.96134166047564
0.15225319719626196,0.0030419148120746937,0.12003808295130865
631.118713,639.2205269999407,647.771362
0,0.009518963972016766,0
61.77764532189981,1.0814414393468048,68.69193115035526
0.05063892545816893,0.002054674773267379,0.06530198443892077
1269.62207,1282.0074584353417,1286.27478
0,0.004017698508819614,0
24.77726896732861,12.672214587928204,14.1092226227605
0.008026881971579313,0.009908380901025709,0.007259208776044275
1909.06702,1917.421617662061,1925.71985
0,0.0032219015176272914,0
17.406461607911652,11.141862455520195,17.322224267020665
0.006068405429099074,0.0061118229577419815,0.004142557533975486
-8.32638100000031,0.36952640818837956,7.99309015
0,0.11196158817283258,0
85.73795287644629,0.8912402533222229,66.1025817643573
0.7907330150643039,0.018151601851975046,0.5407794246476199
631.118713,639.3773162093094,647.771362
0,0.04689933262171236,0
75.8548485819041,0.910063683028045,78.33344869642237
0.2818957145529342,0.00860431233411345,0.47807991096811153
1269.62207,1281.1493636110447,1286.27478
0,0.0253903495304758,0
23.240740870773845,13.088195718035086,15.095430585400278
0.04975927373645122,0.054568967298603846,0.04005765291586799
1909.06702,1919.0670720562814,1925.71985
0,0.02796915539349217,0
20.108246857321255,9.01279889211895,13.923676861059658
0.056169932557872636,0.028556442584899554,0.0336550202211684
-8.32638100000031,0.10508546189260848,7.99309015
0,0.08076690490190296,0
84.56497917528078,0.8491781217329988,74.12175967184609
0.6259825665156872,0.012179305032117919,0.32614077899613325
631.118713,639.2242838555429,647.771362
0,0.029295673811879253,0
61.939660807056825,1.0795290278466179,68.7503517944277
0.16261172082147854,0.0061518110176638175,0.16649164441721948
1269.62207,1282.0272769164822,1286.27478
0,0.0310695171260225,0
24.815997887029113,12.671208254751322,14.095102226685409
0.06213476147868878,0.04760447279781736,0.025867888712396384
1909.06702,1917.3990318255637,1925.71985
0,0.010885522239670497,0
17.38331700362128,11.166028411658969,17.36667377188567
0.018461558072304127,0.024420685625332082,0.025738953875642293
-8.32638100000031,0.38737790459035004,7.99309015
0,0.24047190068823693,0
89.75461356003979,0.8540962021816788,68.58493006596524
2.3533790273558384,0.026868402751066774,1.5673032846183672
631.118713,639.3940210136776,647.771362
0,0.0887966391875314,0
74.77155653076909,0.9273677982884605,76.60523331526726
0.73299720024624,0.012239925198545429,1.2385370741414146
1269.62207,1281.287137148435,1286.27478
0,0.06551812715874612,0
23.46991202004046,13.013783981097479,14.925927311532485
0.13141904586971795,0.08652587650077569,0.10061378993264812
1909.06702,1918.9803670732058,1925.71985
0,0.0579160185316499,0
19.925366356271525,8.972427698944,14.035347877377223
0.11637730397023435,0.05409654833183821,0.07109612413768716
-8.32638100000031,0.05446363820226452,7.99309015
0,0.061766159303902626,0
84.36635526294566,0.8409242066932264,74.18763728008577
0.4350267177586712,0.009941592944542513,0.81169428362265
631.118713,639.226614373758,647.771362
0,0.01630099980743312,0
61.71923340940239,1.0841590512160917,68.50474407359724
0.07837234840569132,0.003706544539034558,0.11562544257460208
1269.62207,1282.0103542336515,1286.27478
0,0.008571990642120894,0
24.782076452962045,12.652270070585576,13.999103339907776
0.017132764507803155,0.019131679892115252,0.04051098346379285
1909.06702,1917.4421697451135,1925.71985
0,0.016030395618127302,0
17.479562522183027,11.237909207905576,17.3765433408731
0.031111243249347918,0.028121858882055373,0.07654721667764443
-8.32638100000031,0.3477654324502488,7.99309015
0,0.7457533795372777,0
92.49977693897145,0.8206977755247126,71.2902803358756
5.683065816778478,0.11164114012789575,3.813296040134994
631.118713,639.3552449323296,647.771362
0,0.16778625403946748,0
74.62371787762663,0.9204539206278055,76.62845195941854
1.081700359809475,0.029832018561453674,1.6765726825743126
1269.62207,1281.2514675180173,1286.27478
0,0.1105163987475444,0
23.37970478809541,12.877186535118405,15.128387871336805
0.21759527905639872,0.24947984602581905,0.09987575303133107
1909.06702,1919.1502573369828,1925.71985
0,0.030522069086353448,0
20.269821761913285,9.112783994992872,14.106046008946308
0.06105407752138331,0.04057470312370543,0.14561213740021947
-8.32638100000031,0.07800212300515419,7.99309015
0,0.0737581188125633,0
85.6247262220121,0.8330255808547132,74.5574174105858
0.567473011033885,0.01114370051854365,0.7798112776901616
631.118713,639.2225858246558,647.771362
0,0.02766986816558118,0
61.4944373339319,1.0871663912867309,68.18042584894964
0.14348634163176627,0.006074403881323302,0.2223723380624965
1269.62207,1282.0729229913804,1286.27478
0,0.06551616426021795,0
24.90329253579155,12.592197211806832,14.060006919201662
0.131033786082078,0.0890642461442403,0.09576104985143478
1909.06702,1917.413130538822,1925.71985
0,0.05047292538254072,0
17.41704386061109,11.194642016780286,17.385396735389165
0.10100584869374216,0.08076644066733339,0.12276556559359093
-8.32638100000031,0.39075194438552785,7.99309015
0,0.6317018481221855,0
95.38853337187318,0.8033862512599137,72.757589167338
4.061963429182292,0.1009914150550905,2.685003914260727
631.118713,639.3593616537167,647.771362
0,0.12393217202328723,0
74.93343534626499,0.917481799256642,76.59701662072727
0.3575156381338645,0.026858312754992897,0.5105733704870404
1269.62207,1281.3789833903816,1286.27478
0,0.11172637277801092,0
23.61372353246798,12.891745307458375,15.057361983401073
0.2206918761523892,0.2501847987917851,0.13825753444906666
1909.06702,1919.0862284074783,1925.71985
0,0.07293653090800976,0
20.128088036021552,9.115126274487295,14.122214902647098
0.1464152950182339,0.07273837373929762,0.11985111186846611
-8.32638100000031,0.0418437322416878,7.99309015
0,0.5246278104072711,0
78.67683727585195,0.9003646319878617,71.13255094779291
3.699240578683837,0.08660139704110152,1.7450343069824248
631.118713,639.2278818876408,647.771362
0,0.006584122937702435,0
61.47437750729827,1.0889821901962267,68.11584232485716
0.03582672048310611,0.0014053387270536513,0.04187634718558961
1269.62207,1282.1125101378589,1286.27478
0,0.00823157254451563,0
24.981587775381087,12.584799777566472,13.961430266171504
0.016462354546023107,0.015855726211838495,0.010655188923529598
1909.06702,1917.446695122574,1925.71985
0,0.005996876133656312,0
17.456510292220692,11.170279457151452,17.29772286269707
0.011518620019632959,0.010852904428664973,0.01010335246903541
-8.32638100000031,-3.8285760796871493,7.99309015
0,1.2553643887367656,0
10.71615206054917,2.4462502035792832,62.60306927234914
2.8483173125069468,0.8791080586673776,11.913559113541755
631.118713,639.1447863813124,647.771362
0,0.6118011271187923,0
83.23359098480142,0.7812740296583661,96.04563158029114
4.637149764076998,0.09289780887142295,4.022823756095732
1269.62207,1277.659781671092,1286.27478
0,0.41112228958969316,0
19.512983426429265,15.286801075484862,20.195582592539534
0.9699869893233665,0.7728296053025133,0.19094268503635647
1909.06702,1921.936051836846,1925.71985
0,0.38121913593174245,0
26.712318245056988,9.781945070664108,11.284694525543564
0.6369206439906598,0.8472342506635054,0.5936433844022835
-8.32638100000031,-0.01939027069669308,7.99309015
0,0.7731966036480238,0
73.77721193856982,0.9474992058527905,68.74694924546343
5.22555478105693,0.13396591046248182,2.1263751343526685
631.118713,639.2260733747461,647.771362
0,0.036214842502025245,0
61.46204548029558,1.0887140174879402,68.1605282700824
0.19980927729812226,0.007659683065735509,0.18023372064833484
1269.62207,1282.0995922674706,1286.27478
0,0.02741171115756456,0
24.956264651753692,12.601519549148142,13.985011179514025
0.05482266704350207,0.04158530557051502,0.027200404820646583
1909.06702,1917.4391484864454,1925.71985
0,0.029054558743918664,0
17.43770619797506,11.153162850882836,17.30141295885828
0.05575042019436297,0.05274558099713082,0.05609500160061287
-8.32638100000031,-2.759013867288595,7.99309015
0,1.1955767860986914,0
12.15465551141886,3.6404576607069195,37.35636278104718
2.4433366294964785,1.2078305702630345,5.997961312683413
631.118713,639.0684781024547,647.771362
0,0.9915559252866634,0
76.99919911316137,0.8297123675690807,92.1864388074799
8.596041475234419,0.13148497259494132,6.7847463660532625
1269.62207,1278.0801014478777,1286.27478
0,1.0979153228501546,0
21.40297147963672,17.257666111516897,21.40899722159649
2.7621268212587764,2.232372006543591,0.955385769001303
1909.06702,1922.3895064357998,1925.71985
0,1.0575398464063284,0
29.054570490644487,8.734758010436986,10.195593717153805
2.2109762166247395,0.9596880461879209,1.1058626706082932
-8.32638100000031,0.09426591090909575,7.99309015
0,0.23936911048338516,0
84.6531587879943,0.8460776034192544,73.50123276585084
1.7066441244412331,0.03826907449676781,1.7893546374980298
631.118713,639.2444484320915,647.771362
0,0.03215365610271631,0
61.49508589985486,1.093136512682998,67.99632351275734
0.1724975903230453,0.006929648577906094,0.16767369352105868
1269.62207,1282.0309488311705,1286.27478
0,0.06686024831515228,0
24.821496881592594,12.626162029165863,13.770117798160825
0.13364992265487788,0.15728910718029765,0.021077203005245505
1909.06702,1917.5477119422908,1925.71985
0,0.01822443099006201,0
17.668610799671665,11.308737875684182,17.476922758162633
0.03225684300025411,0.038881495388684746,0.09961053518159456
-8.32638100000031,-1.4607424315245607,7.99309015
0,2.2597607302745035,0
23.37063987164956,2.2296492007768274,34.50540400285693
5.679173615613355,1.2321789269485517,9.929580548099327
631.118713,639.2686811407232,647.771362
0,0.1935780164991175,0
99.22213000772636,0.6740055282190188,113.30319755556098
1.6410508009196747,0.025683620121971607,3.3104734166173246
1269.62207,1273.902962068903,1286.27478
0,1.4638225223397807,0
14.405911827690037,12.9957563584657,18.988301348211756
0.5527937511836283,1.1849764532286844,0.3724271862346932
1909.06702,1923.2450718508453,1925.71985
0,1.5364711506179767,0
29.77847216090045,10.342567324743202,13.9533665935631
2.9004791816102538,2.329444864514024,0.39134476106575966
-8.32638100000031,0.12805427326157925,7.99309015
0,0.24024655414501875,0
88.56727689800884,0.814532655436872,76.38218111520501
1.8522306882386688,0.035930019723626354,1.387560640648209
631.118713,639.2276583426951,647.771362
0,0.06327360895216788,0
61.64249479930707,1.0858426319388004,68.31944843735567
0.34343183251439824,0.013510910310797073,0.4142396537474737
1269.62207,1282.1801796419868,1286.27478
0,0.10377146105795482,0
25.116966742273107,12.655368885788418,14.014951849567986
0.20754697011501846,0.12102268607591701,0.1425290304252489
1909.06702,1917.4560996430273,1925.71985
0,0.07093671690723505,0
17.45419394844257,11.132416982121748,17.37088319318061
0.14013907261893968,0.11837773253060702,0.10789837171542904
-8.32638100000031,-1.3500534821696313,7.99309015
0,1.810842096219191,0
20.563079653143994,2.728996177618715,27.153527536917984
1.890401172112315,1.5842541473243874,4.332810534606095
631.118713,639.240567177752,647.771362
0,0.17099455551825268,0
96.44928462862273,0.6888493677473958,112.65665874296553
1.1331377512755954,0.025558953106037157,3.2123491288018844
1269.62207,1273.2026958901984,1286.27478
0,1.7133495351278465,0
14.828544699551825,13.906618051530526,19.445733509296467
1.0420065985381546,1.3522629480017918,1.5665941921084388
1909.06702,1923.5533941451115,1925.71985
0,1.4112372935472255,0
31.73135672722976,9.395383620287925,13.137158060567124
2.5202888840769213,1.9758511337736893,1.451366235048528
-8.32638100000031,0.09574970567473784,7.99309015
0,0.0005089630051279122,0
84.30019313337922,0.8499954172034899,74.2244923235541
0.0038920147336546466,7.762064314592758e-05,0.0012428607369308281
631.118713,639.2203584102014,647.771362
0,0.0002473300287892593,0
61.67217561374941,1.0833122576818177,68.57969835052398
0.0011713659871972887,5.659855161925404e-05,0.0025985913841119934
1269.62207,1282.0135496877735,1286.27478
0,0.000374452125263768,0
24.78941522576689,12.677564390002198,14.109865069250873
0.0007490900327961512,0.00039171951385035854,0.00016182703143068997
1909.06702,1917.414688446059,1925.71985
0,0.0003150866612304085,0
17.397840752341246,11.145887320292516,17.33433216846358
0.00048499374659574657,0.0007885014221698058,0.0008475809781334782
-8.32638100000031,0.3750807369458595,7.99309015
0,0.0021827135063570645,0
87.04282249451846,0.8787354330760405,66.92144331931246
0.01584794106610297,0.0003456340575674263,0.009419531350439771
631.118713,639.3874325006357,647.771362
0,0.0006932735170922952,0
76.3186290598772,0.9066426363067395,78.43473487172517
0.00512181777154837,0.00011049985816139905,0.00014634599384020022
1269.62207,1281.1708186379717,1286.27478
0,0.00019055262404313406,0
23.2747106474562,13.070688441900385,15.063729728917584
0.00036368731771751215,0.0005336909154797884,0.000433516939348608
1909.06702,1919.0458636523624,1925.71985
0,0.0013262326689283046,0
20.062536345008013,9.007051149408221,13.952298520292782
0.0026475370500545917,0.0019408085764315906,0.0018742645743000208
-8.32638100000031,0.09517212663492813,7.99309015
0,0.0012825683158018397,0
84.26501722733687,0.8502397199156948,74.21438367308834
0.009773239996706155,0.00019615923498371475,0.0035504978100762315
631.118713,639.2199724341256,647.771362
0,0.0006637770051046252,0
61.68357496603669,1.0829996930451469,68.60496119234736
0.0032202078076800397,0.0001503110006193804,0.006602223526780735
1269.62207,1282.0171049924302,1286.27478
0,0.0009762231934711331,0
24.796570064787538,12.682149931439834,14.11154468145399
0.001952857163751148,0.0010889515088923919,0.0004983087051889204
1909.06702,1917.4190304543665,1925.71985
0,0.0007930642063879215,0
17.40266196189701,11.14204444429595,17.32615264541721
0.0012385034479885674,0.001963814121596826,0.0021077136847235966
-8.32638100000031,0.374426702077713,7.99309015
0,0.0033714746441259194,0
86.92801461950995,0.8797863264624235,66.8549343312325
0.030150678850296445,0.00043294534952550154,0.01751368951308379
631.118713,639.3864251827641,647.771362
0,0.0011046679867983632,0
76.28234293529928,0.9068607289287803,78.43493474643103
0.009443233829798319,0.0001453312107651358,0.0011071488436549771
1269.62207,1281.1689142075209,1286.27478
0,0.0003900485194474677,0
23.27178696720894,13.072697579168286,15.066919951059148
0.0007763249260772703,0.0006582889721422713,0.0008379782391778418
1909.06702,1919.0547448235848,1925.71985
0,0.002638161034960532,0
20.082750151796894,9.004762195782304,13.93811135094689
0.005294999608794689,0.002826475677539675,0.0037244805653987123
-8.32638100000031,0.09501940204298265,7.99309015
0,0.0037307199962437003,0
84.30255777559944,0.8498221683868382,74.24554537077523
0.02610614983286706,0.0006042854135131024,0.02298965692501442
631.118713,639.2218556803109,647.771362
0,0.0003676153836910558,0
61.703737296682334,1.0831455014371414,68.59984181403873
0.0027777450399705983,5.031197305013735e-05,0.007855792626183055
1269.62207,1282.0085954948051,1286.27478
0,0.0029191569740331914,0
24.77952455497688,12.672950305514009,14.115399660757898
0.0058387895443208606,0.0038443630264384725,0.0017964179065596845
1909.06702,1917.4310071028854,1925.71985
0,0.0014111017749912527,0
17.42586418901911,11.154019029934224,17.355005635582195
0.0021898425703695723,0.003517321715742978,0.005119028533083559
-8.32638100000031,0.37317717635186654,7.99309015
0,0.0073142062844195315,0
86.91769948751849,0.8796375788200376,66.86065890262057
0.051078815103927526,0.001187167854264584,0.04206245787783287
631.118713,639.3893022070109,647.771362
0,0.005445357749731902,0
76.31310030519592,0.9071250064752711,78.405899040131
0.038783346729962746,0.0008963073627834302,0.018548112889479926
1269.62207,1281.1638091021189,1286.27478
0,0.0009546062516203942,0
23.261500581665565,13.06692953672269,15.053186816949879
0.001847759276343855,0.0023760601882676893,0.003704385713923315
1909.06702,1919.0591817606364,1925.71985
0,0.0024354564441665177,0
20.0916161843644,9.009003590731309,13.979575441108466
0.00474305189304997,0.0062153654599614435,0.011093709582588889
-8.32638100000031,0.09566254080128722,7.99309015
0,0.007470200763979442,0
84.26970056932001,0.8502915355640496,74.21295398903895
0.052915331452580074,0.0012014602638817748,0.052037136856935534
631.118713,639.2201434616595,647.771362
0,0.0012772386880186702,0
61.68480936720386,1.083023790479103,68.60424526747417
0.007761496227983758,0.00024992105460380277,0.007544830089743665
1269.62207,1282.0161412113684,1286.27478
0,0.0037782291682444164,0
24.79465699774785,12.68149872341385,14.110791363139686
0.0075580752050712205,0.004194635402097789,0.004734822755641366
1909.06702,1917.4207239004982,1925.71985
0,0.003247105765918409,0
17.40591384740045,11.143672056316413,17.327740566510528
0.0067265340848101434,0.004469060504109665,0.008364840346046539
-8.32638100000031,0.3742140428137901,7.99309015
0,0.0059898954431026885,0
86.92463890923302,0.8797777470564094,66.85621681049881
0.02914435808980624,0.0011088774131566188,0.027154274801173158
631.118713,639.3865430457383,647.771362
0,0.0037669997911472363,0
76.28351305235046,0.9068726504758645,78.43460533079457
0.013723064905569508,0.0007856108531128804,0.006613111573190807
1269.62207,1281.1686441605743,1286.27478
0,0.002673403820327109,0
23.27133131223877,13.072794883208184,15.066253323202062
0.00536129696060763,0.0036936333929571893,0.005272866229599118
1909.06702,1919.0556055870632,1925.71985
0,0.0021243941555520143,0
20.084601415269717,9.005015080395834,13.93961824277942
0.0040940273508690405,0.006119327982852333,0.010880349469420313
