-8.32638100000031,0.1656087801834687,7.99309015
0,0.3503449806039733,0
79.31021984869959,0.919934015551861,67.52562820327478
2.3930695889075024,0.059280662619463693,1.470101436758169
631.118713,639.4438576781885,647.771362
0,1.3576196883455942,0
55.510572661653995,1.2779774533481414,55.624423716473025
6.724908383720643,0.32499961740793065,4.138583197501291
1269.62207,1282.8398088397605,1286.27478
0,0.035793171265746694,0
26.572338953097514,11.93944035624998,12.927963329413934
0.0703301944288644,0.08071893863037226,0.057544538174032635
1909.06702,1917.6595425316534,1925.71985
0,0.03712627012458651,0
17.71375954970712,11.004640443372976,16.909291918656308
0.06563666092417811,0.08659779679994016,0.07837549909413621
-8.32638100000031,0.2760520769002124,7.99309015
0,0.1383007713591995,0
82.50346625449674,0.9069239052534248,66.57198368599731
0.9731497019533443,0.022714383415529935,0.5445275056809288
631.118713,639.3256189096102,647.771362
0,0.21603709921260528,0
76.04931381222397,0.8962145981139961,80.48910024304789
1.4656028091701805,0.03683002265991679,1.1628158581553067
1269.62207,1281.5817400847848,1286.27478
0,0.05813542892476904,0
23.959313357007993,12.671368755837912,14.409960111764553
0.11582192341479805,0.12199050248971907,0.08615032513661462
1909.06702,1919.3754513984718,1925.71985
0,0.029167398456734713,0
20.80506881248389,9.00648133560088,13.475797089424212
0.05865749109561503,0.03122297603157781,0.03283790088089894
-8.32638100000031,0.15323150893132187,7.99309015
0,0.45612966287778106,0
75.2340796844392,0.9681945917958569,64.45668396525953
2.9289564599956917,0.08200367393998023,2.045116188851373
631.118713,639.3262161443228,647.771362
0,1.57774825048081,0
49.869179792540706,1.3895125884524877,52.851834234171974
7.135525003501483,0.41764286743833406,4.571517172571559
1269.62207,1282.9380671498366,1286.27478
0,0.08587592089810538,0
26.79760186962632,11.911492494612201,12.847282789132244
0.16961966918556604,0.16545255471016887,0.10912070039077333
1909.06702,1917.9311592692945,1925.71985
0,0.17470707406995742,0
18.13924428101822,10.98927856449843,16.51693489667648
0.33634321266351364,0.34105006225164963,0.3468824052608228
-8.32638100000031,0.2791274380762587,7.99309015
0,0.12936324232340649,0
81.82325841797592,0.9152965139031548,65.92787515522943
0.8368763669104341,0.02244369516162737,0.5780435533526508
631.118713,639.3119249727653,647.771362
0,0.1953861475953756,0
76.04688163532344,0.893219579651858,81.01205263664444
1.1980149538891811,0.03529376019654799,0.9949615202819396
1269.62207,1281.7382612263536,1286.27478
0,0.08006410102592658,0
24.25328396369631,12.629986716948395,14.260296802983436
0.1600272103099954,0.13423679128701965,0.11808687660116325
1909.06702,1919.3184666780862,1925.71985
0,0.041873308878353714,0
20.68203339843665,8.98290500283026,13.544923597849596
0.08433928375314421,0.040871402036610174,0.04926519764765818
-8.32638100000031,0.19466784597880427,7.99309015
0,0.35978518404716403,0
83.36728246343355,0.8802385194561616,69.83242462035528
2.4474049921188596,0.05986644818016434,1.9267415334950388
631.118713,639.6823302321257,647.771362
0,0.6345694497648487,0
79.83475006200612,0.9294116414210707,74.4698654061009
4.188064580113105,0.10985333504264427,2.512716077846159
1269.62207,1282.849738121953,1286.27478
0,0.11424111517722198,0
26.636034524674038,11.769346911560174,12.953744486452194
0.2263439647821111,0.20093463532945335,0.16205667278103716
1909.06702,1917.636055671453,1925.71985
0,0.17841020517316947,0
17.5985388614935,10.798961951170774,16.760645885888316
0.3497217643870372,0.3131685649900287,0.1832814102939342
-8.32638100000031,0.27996799452659005,7.99309015
0,0.13034780556993072,0
84.86730615008523,0.8819302434020551,67.69402847793884
0.9179162787529057,0.021169856143281034,0.9137152734159804
631.118713,639.3676272189596,647.771362
0,0.3865139050018973,0
84.43702074071476,0.8137034984467357,87.96406918234067
2.830503916084144,0.06032141572692176,2.838537410105231
1269.62207,1281.5747645449578,1286.27478
0,0.15786342536042772,0
23.923098660139942,12.421718310585451,14.46552604000516
0.31535191131836054,0.3025661873005054,0.07793666775423477
1909.06702,1919.4604732169332,1925.71985
0,0.037296601109130835,0
20.97402451811776,9.089315457505613,13.539839862093157
0.07441878129258564,0.052529182982416295,0.08672764364371925
-8.32638100000031,0.23842369983961476,7.99309015
0,0.17390727450754262,0
82.5429902396073,0.8984790090697822,68.73222666663882
1.1543239033797068,0.02955232120034303,0.9959439257970394
631.118713,639.7029481319946,647.771362
0,0.8986011382327531,0
76.24080494650555,0.9791048125435499,72.2099398090746
5.703833603807979,0.16269006189115504,3.886560752540706
1269.62207,1282.9740789714592,1286.27478
0,0.1412926619745116,0
26.89733733169024,11.839151561321017,12.810073773830338
0.2818951827420534,0.20415607788241694,0.15235569016062847
1909.06702,1917.9343195852318,1925.71985
0,0.34459789492864923,0
18.135624404082343,10.964181416417254,16.483254811366145
0.7001018988295462,0.46206305186663843,0.49213154894341243
-8.32638100000031,0.2954866826469029,7.99309015
0,0.11098194079639233,0
85.815740554986,0.8751600458996679,68.1527553533313
0.6382658247363616,0.01968728303766452,0.552530255836063
631.118713,639.3766916563678,647.771362
0,0.41795911179547285,0
89.19828657223994,0.7711913562518206,92.67175335062987
3.5647595881060234,0.05731420605086413,3.3885575346856007
1269.62207,1281.8134574590772,1286.27478
0,0.13458840617097861,0
24.390092942378537,12.493760811516392,14.537061081937434
0.2689649774586116,0.29073712294701815,0.15675493498028423
1909.06702,1919.4409622410249,1925.71985
0,0.05098784874308037,0
20.92693857508968,9.097631847995196,13.56231731330844
0.10226298523226889,0.060828388821126046,0.08380186176081802
-8.32638100000031,0.19571417039720806,7.99309015
0,0.017168077700343416,0
85.60537734123105,0.8569612202502626,71.80439369559792
0.1300428904148336,0.0026349671164759784,0.17474521095583923
631.118713,639.579118659509,647.771362
0,0.055888054749511626,0
81.26398646577746,0.8905739055161597,76.24977120624007
0.38908186174038223,0.009239853895412592,0.29569056633153706
1269.62207,1282.924909162937,1286.27478
0,0.025318382878856308,0
26.72879204978846,12.083165633731392,13.011909603178745
0.050705673269624635,0.031210328064190267,0.012112589156384954
1909.06702,1917.8041188492948,1925.71985
0,0.013897109425215924,0
18.01817100010639,11.206066438732533,16.79764820799275
0.026969556363473778,0.025118303572075097,0.02218675915915236
-8.32638100000031,0.3053626767880999,7.99309015
0,0.1440350751332409,0
84.49374080209964,0.8912050118758394,67.20782706252118
1.0341367170009177,0.023163345832685023,0.5678135369450029
631.118713,639.3557278016327,647.771362
0,0.015771668052268147,0
82.86004703255199,0.8270872220020888,86.45641416930638
0.10241483654809448,0.002648854768758107,0.1845145644429257
1269.62207,1281.622795380056,1286.27478
0,0.024369995805646718,0
24.036516792726317,12.667200022574667,14.375722331628484
0.0485083090664788,0.05627019357823624,0.041161344098757886
1909.06702,1919.395681602117,1925.71985
0,0.03126381209073671,0
20.85152390916158,9.006162770819868,13.447170889390968
0.06290016024780519,0.03302228731807065,0.035676157519185674
-8.32638100000031,0.21756258296228914,7.99309015
0,0.03185476863215022,0
86.04254777584488,0.8569402042178033,71.40973861555469
0.25532056059277264,0.004662462892611652,0.3725821306072131
631.118713,639.5777886114272,647.771362
0,0.05410486775763354,0
81.34580819072349,0.8893752504911538,76.37465704870237
0.37613744175184766,0.00894929227553842,0.3020626768695664
1269.62207,1282.9721514591965,1286.27478
0,0.02986100358830364,0
26.83116362086845,12.091512195472616,12.993634963453147
0.059796272098614045,0.03722587861101071,0.014101200567248092
1909.06702,1917.7748319410332,1925.71985
0,0.01454174589217993,0
17.991326957591117,11.253089584637427,16.86266944456991
0.020175555475960203,0.0434382164676682,0.043221415104358424
-8.32638100000031,0.32859368923537424,7.99309015
0,0.20483980735333915,0
87.09694481603492,0.8687247260014883,68.49195182122195
1.8233709866053662,0.026573860734469313,1.009560217967044
631.118713,639.3602802627721,647.771362
0,0.020815602628076774,0
82.55218841560182,0.8311622372256758,85.94857300605472
0.16963627441470583,0.002999874706197656,0.3270483592981822
1269.62207,1281.6980315501771,1286.27478
0,0.0478436095029938,0
24.17470322203698,12.611967286568644,14.273132792451744
0.09567896494625105,0.07060543940266603,0.07267975728118131
1909.06702,1919.3266807722932,1925.71985
0,0.05268010126138536,0
20.702475220314692,8.977381395190742,13.53065968117204
0.10618021232212159,0.049704081039183376,0.06139177205308624
-8.32638100000031,0.1706324733417155,7.99309015
0,0.14203546297951183,0
86.69047597327871,0.8409979845848847,72.4766692738217
1.0449354912744542,0.022130984124391635,0.3178025483182749
631.118713,639.5912635853351,647.771362
0,0.1037642603629874,0
82.84359492785796,0.8757595351536287,77.38815781295227
0.7235449333284775,0.017016084922499067,0.6677973257978669
1269.62207,1282.9928375460358,1286.27478
0,0.04387355044327403,0
26.88604602092866,12.05110243451625,13.002611071935966
0.08775459075964849,0.0584929743881483,0.018361974997171498
1909.06702,1917.749435595229,1925.71985
0,0.018914937815366316,0
17.946422049144466,11.239082936933233,16.74587161597517
0.028371056376029616,0.052939797021314516,0.020281658009095076
-8.32638100000031,0.26998795458959,7.99309015
0,0.4547157706506196,0
87.39774733871512,0.8538739521556189,69.8665110769279
3.3175925975623866,0.07132767336799763,2.165972226268031
631.118713,639.349705139756,647.771362
0,0.044887562309264765,0
82.46212951210796,0.8299327259586955,86.02144343679026
0.3119859005326888,0.007296517425157286,0.464644506194986
1269.62207,1281.6844624114733,1286.27478
0,0.07481117675804591,0
24.145137942390782,12.568160411698166,14.467406205556124
0.14927230487785506,0.1646024736114736,0.051212211731306696
1909.06702,1919.4569787889363,1925.71985
0,0.053385329107431045,0
20.960668035026337,9.106959530038338,13.5056675690621
0.10662004790494892,0.07347743618745947,0.07756845829925287
-8.32638100000031,0.18562595743511245,7.99309015
0,0.16852115156301595,0
86.95807810244327,0.8413494518281557,72.21934238735204
1.33008819674515,0.024937249469091777,0.5311184344252017
631.118713,639.5895580153237,647.771362
0,0.08846973886308099,0
82.79214333092668,0.8759589551247778,77.439733419867
0.6483498694894322,0.014028642931672322,0.5713731801676666
1269.62207,1282.957440464326,1286.27478
0,0.050136507844287456,0
26.813667315027097,12.024414292986805,12.954228597987003
0.10067960806038112,0.05142812248802452,0.06731617560381095
1909.06702,1917.7268542722943,1925.71985
0,0.04304249131476701,0
17.93376886072538,11.29331662663994,16.751986146121297
0.08620891338979003,0.06786844337157776,0.08115802393687135
-8.32638100000031,0.30095344166728033,7.99309015
0,0.3936559199185835,0
89.23375624536746,0.8420575765520738,70.52623894882949
2.47597000643579,0.06587316142781505,1.3674685446723631
631.118713,639.3508610435048,647.771362
0,0.03518029920021284,0
82.23223969510141,0.832536964346627,85.69940954101882
0.13631076921680904,0.006768587447857709,0.32380270669891703
1269.62207,1281.734123621958,1286.27478
0,0.06842833097620492,0
24.23926724801793,12.548208283809013,14.392444167405836
0.13655730797727816,0.1612344038212243,0.09661747002751196
1909.06702,1919.4034302845698,1925.71985
0,0.07411759047956538,0
20.850109971085477,9.068443810360536,13.542982666114806
0.148748263690639,0.08609231070705567,0.06869462144595248
-8.32638100000031,0.2241617324399563,7.99309015
0,0.6186345748829705,0
107.35872133986402,0.685380059740474,88.7976651342247
6.047408057512307,0.07358318123274947,1.2101363411706847
631.118713,639.6728886204828,647.771362
0,0.01713707627259499,0
83.18835282595985,0.8891203274267205,74.65337936503352
0.11708436343915182,0.002852051717626971,0.13501510089756538
1269.62207,1283.4261871806393,1286.27478
0,0.026710072676433345,0
28.37859184313508,10.905629127724339,11.649735638375544
0.05350263769451337,0.0325741493027678,0.015371035705203517
1909.06702,1918.6653565099944,1925.71985
0,0.01376930399370938,0
19.743331446422673,12.17855115420611,16.26498721089971
0.023689289540839906,0.034635192338960924,0.03234121290245914
-8.32638100000031,0.16436356669375307,7.99309015
0,0.09754824508832223,0
101.72346947867635,0.7137206470737141,86.58733983195523
0.8929795283661849,0.012360350295099406,0.40016190339904684
631.118713,639.3958016251637,647.771362
0,0.016593668619979404,0
86.22102852239692,0.8020488700243138,88.26558112599072
0.12739257941123203,0.0024937392293235476,0.10054331377662547
1269.62207,1281.5532717734197,1286.27478
0,0.012919603610244643,0
23.862413390284495,11.920369529936453,13.790596787390038
0.0258391378032857,0.037690652590050354,0.029614961894112415
1909.06702,1918.92002027152,1925.71985
0,0.027943651686360798,0
19.740595235787776,9.28620797132605,14.265518903262853
0.05583015524206323,0.04382316751681252,0.04143038788641872
-8.32638100000031,0.18870174258392503,7.99309015
0,0.822386722017544,0
99.55284528224786,0.7337308630950742,83.76764394120639
7.052350279313011,0.11009536160156116,4.119197037215759
631.118713,639.6705691753457,647.771362
0,0.09310501317966814,0
82.67462762529968,0.8942764736752499,74.27543743967037
0.6418650817152252,0.015449781664886163,0.5399842590185021
1269.62207,1283.473201895136,1286.27478
0,0.07056750555707007,0
28.46706988659701,10.956392559201964,11.673179606894006
0.14385842997823867,0.06707348793993452,0.020477946731122392
1909.06702,1918.5876789277202,1925.71985
0,0.04473641465809014,0
19.63004186630077,12.200747132906189,16.370573194243907
0.07862826498690476,0.10535915784121823,0.10092651143826772
-8.32638100000031,0.15137386316317425,7.99309015
0,0.11538091142444393,0
103.03932790175077,0.7023101621228997,88.2609218529217
1.1830862625408778,0.013108422158805788,1.1267515392807976
631.118713,639.4005047448989,647.771362
0,0.02168907230779233,0
86.32579291839019,0.8019763058117285,88.17530403925699
0.19350895898620343,0.0028353362581095124,0.27391651130723227
1269.62207,1281.5814538913442,1286.27478
0,0.04725115065109916,0
23.919806595113982,11.848441078075506,13.70794984963138
0.0945041281965426,0.05856717045448716,0.07599396046009262
1909.06702,1918.85252935386,1925.71985
0,0.05727945459070952,0
19.59709925715987,9.293196772387356,14.368450563349999
0.11465404229788438,0.06472830804327635,0.07800840397149396
-8.32638100000031,0.4821431519579953,7.99309015
0,0.4598579173281584,0
143.61871530506028,0.5422983001662586,103.04541942873338
5.364071153961148,0.04457914428858403,3.32324743596131
631.118713,639.6840419114906,647.771362
0,0.07473297485470863,0
83.31856063644578,0.890042193501264,74.51853869646918
0.5119328795779446,0.012416617216112251,0.46784568078359423
1269.62207,1283.4864690864406,1286.27478
0,0.07364144509916438,0
28.53685397233334,10.897010869537167,11.567265148494423
0.14967765720124707,0.0744867774873016,0.04203258890598953
1909.06702,1918.61492905151,1925.71985
0,0.024592908375183534,0
19.714030167550497,12.306133109895036,16.38931882239887
0.0421043947320068,0.05969027360663947,0.06733574599392794
-8.32638100000031,0.22800948114214847,7.99309015
0,0.5580792993423863,0
115.43958525170217,0.6374235065915675,95.32927215595112
5.345977509004448,0.06589021488234259,4.3488475717873
631.118713,639.3899405569279,647.771362
0,0.04941938701057919,0
86.04048063936835,0.8026151867507068,88.0851438189695
0.3732367128616057,0.00751347207814725,0.33191236952044756
1269.62207,1281.6899864778825,1286.27478
0,0.048987217247606074,0
24.13729327481633,11.935892950185842,13.914860150921976
0.0979525431091217,0.11664262553152573,0.04803498433175115
1909.06702,1918.9170065861058,1925.71985
0,0.07412799600737478,0
19.726772921502583,9.349424664829089,14.191093315802712
0.1480489354509398,0.1265767290741058,0.08515599032249857
-8.32638100000031,0.5242377977489099,7.99309015
0,0.5329347203475783,0
141.2741483718196,0.5566718151852668,100.29113695377339
6.406640760574453,0.05096956498793779,3.4930275479745094
631.118713,639.6768734596942,647.771362
0,0.09742882629879789,0
82.93796878723184,0.8927036845109192,74.38980223625785
0.690236099357629,0.01586822880355705,0.5934559127090375
1269.62207,1283.5357113981033,1286.27478
0,0.15683940297788074,0
28.61367809290104,10.975739146113353,11.644392285988392
0.3219367509918758,0.1298550425387439,0.08642947779315299
1909.06702,1918.523213147041,1925.71985
0,0.07015496265889748,0
19.560023180441828,12.275815643168695,16.492741710938603
0.1362176276215086,0.12532535858292188,0.22622916208637558
-8.32638100000031,0.20794939560699888,7.99309015
0,0.4903430390526816,0
116.76053061587325,0.627165113023436,96.45145768084262
4.121729262868145,0.06130698716484393,2.886976155039631
631.118713,639.3931971259572,647.771362
0,0.036583419696287256,0
85.67238768940793,0.806770632502543,87.58139170960007
0.13573800621623713,0.006844381523174723,0.324507673888603
1269.62207,1281.6305282379708,1286.27478
0,0.07994937833338114,0
24.019701744356325,11.826960963027046,13.789500468615415
0.15988522403750147,0.13134368849775374,0.10886476674046844
1909.06702,1918.9283874954176,1925.71985
0,0.07599214341080493,0
19.75244628522766,9.334730129714359,14.362179018264037
0.15177310856250015,0.12729785903956584,0.11438957859209226
-8.32638100000031,0.204565598117588,7.99309015
0,7.459250501725861e-05,0
86.70465945077746,0.8476541854097908,72.41117117114814
0.0004990741598285583,1.2280474029343552e-05,0.0006626026486575327
631.118713,639.5833221583906,647.771362
0,0.00040662031712075555,0
82.24955110551818,0.8805516683244355,77.01918028724901
0.002678597807067349,6.910196577783606e-05,0.0033548249303933632
1269.62207,1282.9158173769633,1286.27478
0,2.4037099887478016e-05,0
26.707165457999615,12.090866459318026,13.024019595459876
8.194958211337807e-06,0.00024941723220971623,0.00021585800308929605
1909.06702,1917.8138430341403,1925.71985
0,8.409483291373542e-05,0
18.03076091089528,11.199452699192982,16.78052418895598
0.00016296152287412617,0.00015309133062836667,0.0001589393304933975
-8.32638100000031,0.3131681561440214,7.99309015
0,0.00015962855584075774,0
85.95713263458342,0.8773151117941793,68.10652504966012
0.001174709007373439,2.5094602627252757e-05,0.0005743404407065153
631.118713,639.3579362105996,647.771362
0,5.37386857758876e-05,0
82.75156339089489,0.8286423167534229,86.25239160268052
0.0003439797280537766,9.092468785711076e-06,0.0006529135264108102
1269.62207,1281.6463607827975,1286.27478
0,0.00014724105943400939,0
24.07852237436571,12.639462073499322,14.334333610197103
0.0002948054208622416,0.00016280455786136548,7.168433682501857e-05
1909.06702,1919.3668562617422,1925.71985
0,0.00016952960289509837,0
20.786761291269812,9.002073984126765,13.485544076457085
0.0003361785744740737,0.00027494311940973453,0.0002346289814559063
-8.32638100000031,0.20449999255855822,7.99309015
0,0.00018952329901134025,0
86.70953908078307,0.847592365339562,72.41753462007767
0.0012767590359348735,3.109606695057862e-05,0.0016671268480120257
631.118713,639.5831087752471,647.771362
0,0.0010597087103583125,0
82.27640869429362,0.8802130774921881,77.05209990435583
0.007005898773334678,0.00017971212914965617,0.008716917065018698
1269.62207,1282.9159749156374,1286.27478
0,0.00022238576251106836,0
26.70701687884454,12.093238731895605,13.026121331661969
0.0004299916902002476,0.0006658603926939184,0.0005495493192014135
1909.06702,1917.8128034262752,1925.71985
0,0.00021909516579550242,0
18.0291822270771,11.199568277029881,16.782050038801035
0.00041934789822196375,0.00041708207864475845,0.0004294882930906338
-8.32638100000031,0.31322873675249774,7.99309015
0,0.00020388716850211507,0
85.9635513211923,0.8772606706996191,68.10958202999889
0.001724257523021436,2.820435672894045e-05,0.000839758798174538
631.118713,639.3578986091575,647.771362
0,6.533173955445523e-05,0
82.75349691357366,0.8286149195441767,86.25595222670376
0.0005075363337255785,9.829877640706932e-06,0.0009314293220879073
1269.62207,1281.6456014562882,1286.27478
0,0.00020497614104831338,0
24.076969605766315,12.638324505548525,14.333904809588937
0.0004104310420941659,0.00022129536155895147,0.00011189967875757581
1909.06702,1919.3661001883238,1925.71985
0,0.0002465705649235963,0
20.78488763730141,9.002538858487412,13.486844606655119
0.0004935399004927554,0.00031638801781730755,0.00034320006391444854
-8.32638100000031,0.20320158509244912,7.99309015
0,0.0005879947612053958,0
86.72050677995095,0.8472225057046855,72.4416010391702
0.005288576201485597,7.546568598639961e-05,0.005180352604437799
631.118713,639.584235010104,647.771362
0,0.0001954347356499211,0
82.2917481486977,0.8802821820319323,77.04666830343902
0.0018155585335634405,2.2881466532563053e-05,0.006024689239637039
1269.62207,1282.9131613786622,1286.27478
0,0.0008430544140190479,0
26.701653721749828,12.089292940162721,13.02677586242687
0.0016915520304265988,0.0008861691940661422,0.000656736241545299
1909.06702,1917.8103141040135,1925.71985
0,0.00047036847728283454,0
18.02396998182074,11.196174013663718,16.778053214981895
0.00091703583101661,0.0008359277647173129,0.00039383461066726136
-8.32638100000031,0.31320315579601044,7.99309015
0,0.002459936168148519,0
85.95237933578801,0.8773718224281707,68.10319873521134
0.017422349220166083,0.0003966388796202338,0.013144648243042598
631.118713,639.3582423906911,647.771362
0,0.0005883377721851355,0
82.75475932240303,0.8286718760309876,86.24962678617533
0.003982575961614229,9.690451742700924e-05,0.005782516982096982
1269.62207,1281.6504803605599,1286.27478
0,0.001776060464636826,0
24.08664864084363,12.642494483928784,14.331320634899352
0.0035540531063964834,0.002290520941084004,0.0010514269229737901
1909.06702,1919.3638104710026,1925.71985
0,0.0004582078819867722,0
20.780429385719405,9.000010621513153,13.482421747570601
0.0008912925195391295,0.0009833190290929267,0.001063419541150588
-8.32638100000031,0.20489192899630204,7.99309015
0,0.0077983812217200365,0
86.72844341440691,0.8474825744516951,72.42853780363868
0.060120802889975844,0.0011770877994208258,0.04293667263180338
631.118713,639.5832567423216,647.771362
0,0.0011925797142000264,0
82.28147612006019,0.8801887920639119,77.05492547140364
0.009077595934598932,0.00018370989814542386,0.0069715051646375955
1269.62207,1282.9159079689955,1286.27478
0,0.0032400931727181405,0
26.70679770529216,12.093584194872433,13.02572719358883
0.006501134757390816,0.0034012694156763295,0.004236732300408709
1909.06702,1917.8131851448138,1925.71985
0,0.002550155587637955,0
18.029860605434415,11.19977895250806,16.783083403114915
0.005223116964751385,0.003444909109348376,0.004262050629331643
-8.32638100000031,0.31325790516977214,7.99309015
0,0.0018787027963460563,0
85.96502811432259,0.8772512713486429,68.11084371447073
0.007350993924688619,0.0003622874868626994,0.012627831839737138
631.118713,639.3579474202171,647.771362
0,0.0005074330435013934,0
82.75375305318576,0.8286222205734705,86.25541892383924
0.002630714533882928,9.215562723133942e-05,0.005930348741729962
1269.62207,1281.645837555241,1286.27478
0,0.0018980182205245114,0
24.07744919188121,12.638644319264275,14.333256560312478
0.0037984392489735118,0.0023960452527367294,0.0034299669181139135
1909.06702,1919.3656934485257,1925.71985
0,0.0013666839079915219,0
20.784089246999592,9.002110575625064,13.486653604972528
0.002747122411873369,0.0014946691213816195,0.0029307667755394933
