2.720532177546651,-0.2554052613662856,2.9307581733688868,0.2353559933642128,0.0039031714175751186,0.0008996724316729877,0.0007273451759510782,0.0012864734147522126,-1.401502221186627
-0.6026877513747443,-0.7645844436089791,0.09952756766242593,0.23540687104976474,0.0028811828916694136,0.0013460402203458162,0.000794065725842344,0.0010215502015180275,-2.7606041574222515
-0.07069782955509431,-0.5861275338703307,0.5162662977671482,0.23532221364986391,0.00265552141607002,0.001965457430055194,0.0008962266678851083,0.001449673396086528,-2.233683723614072
0.8573018524110951,-0.15410098785585136,0.8464220540354171,0.500107094732952,0.009305403469626921,0.002481252800077737,0.005145494114980433,0.016745639514168267,-0.8684736182100353
0.04501351626666285,0.17422943112315875,-0.023561292340838987,0.2355567609195393,0.005104953657117152,0.0027623079453693964,0.0032276998804199463,0.020542263405958237,0.7922462443087787
0.11966602693066872,-0.011536391195578838,-0.04946519569006246,0.23550656970294956,0.0054315313500243306,0.0019120446164616143,0.002222965019445322,0.016586608872530616,-0.12571999048181534
0.15450413591383172,-0.11311707392906768,0.15696958830639338,0.23515087710148114,0.00398122360013045,0.0022504895312004136,0.004406120986350909,0.0175770021978918,0.7871678190004603
-0.02207913136659884,-0.30190946023834236,0.04498946067724474,0.2355354419188527,0.006003055441801393,0.0014807953375732359,0.0037335141332269267,0.016213783122703464,-0.5125072715173753
-0.10082060912938084,0.05725780312704281,0.05474122131277765,0.23539671774547755,0.004423615324053135,0.002762057093913321,0.001512147091044776,0.005751477520960577,-0.2752056143419558
0.05722308525101368,0.28033920456712874,0.03942708021922997,0.2354345474089283,0.003957615804684696,0.0010236556252176334,0.0009188879111968727,0.0017144345231122446,1.767378326340463
0.17627758559611775,0.00422318666833494,-0.0028785619676944554,0.23526508155615064,0.0024685862117875506,0.002175549048910823,0.0012004300991166218,0.0018429970908331755,-1.7731463708234343
0.05378519351757974,-0.2827004821334755,0.021616165305249964,0.23542432523858497,0.0036702388446101576,0.0014018885646458696,0.0008724662501859049,0.001570928964629796,-1.7442928182445
-0.09072794587830979,-0.0913420971715552,0.06902443191811565,0.2353862634752374,0.005943026892686631,0.0010874187010821335,0.006466285654423867,0.03169330629622299,0.1507636302195672
-0.019591178626070897,0.26333851600260777,0.07031947716694707,0.23554778468021115,0.0060826813208955865,0.00040164512243330195,0.0012433838905537343,0.007121400672343951,0.49436874557175914
0.14947090833091878,0.1669155517937709,0.0039807794080025495,0.23543341738653517,0.006606720775313001,0.0006527734650423074,0.0021968739753830597,0.009660202383162259,-1.4001919836343837
0.10507633218767709,-0.22119460525764634,0.010147119088133764,0.23525767699875227,0.002022054806321765,0.0021047851319900197,0.0008298476314396978,0.0011138505036935322,-2.6560794230267777
-0.045898128426341216,-0.21832025813569975,0.0734139682224825,0.23532384840859089,0.002835659800658248,0.0016999263380921027,0.0009724543932783196,0.0015423025715200663,-2.334893802148678
-0.10399683840616604,0.13649547029971806,0.06129522150087753,0.23557661764815413,0.005960915276255739,0.0011441296283615878,0.0041737397903573,0.04398388978993537,-0.05279966862078612
0.10093858535013778,0.2581291843488727,0.024479156721932856,0.23540148542199898,0.003486661578138431,0.0003912882542859433,0.000779068037355821,0.0011773003530220147,-2.4747869136936536
0.20179402092059692,-0.05847685420468341,0.01914829866747186,0.2356808012734736,0.006186311095504836,0.002111834636728283,0.0020894825974297833,0.0189083844359123,0.3467638366140774
0.018397333142672872,-0.31833948815634,0.033577490889723796,0.23550618215553099,0.006768064399364409,0.0004795697176124866,0.0016439407187155148,0.017326881419676376,-1.4815600770279946
-0.7113479121272304,-0.06254399369555452,-0.6420413462638941,0.23515814704059,0.004436885316761259,0.0019926184207080854,0.0063111185245183265,0.025932358216987358,-0.8671260276714198
-0.1305237134786464,0.11844261048122692,0.025103506962246048,0.23554796653924304,0.0065273996995382265,0.0006501288194760537,0.00602311728897165,0.038904184819050946,0.8335361722512038
0.007779637116434856,0.20122198021641438,0.02872795065650312,0.2355218676507152,0.006713736007415239,0.00048613142989117664,0.00369320783123576,0.028736366254808462,0.35521631423173244
-0.7565878725790701,0.08081237315656417,-0.7363924633914823,0.49990515893065274,0.004226949367610672,0.0005136779335281401,0.005852208632469341,0.008297798762869598,-0.4772883328502904
0.32745357047924817,-0.968977836911756,0.14960331452764491,0.23533272791575638,0.002365445160228255,0.0004236838339663516,0.0010274226547881161,0.0012554814515609008,-2.2034866686520242
0.26087577880472324,-1.169588773540982,-0.04585845253579725,0.2354017079186752,0.0025545294691560385,0.0022993283161851738,0.000892415116078263,0.0016996936789290768,-2.6515527425651038
11.05268514465882,-0.39995043558907434,10.959915554422443,0.23545267692466168,0.0032590654394153893,0.0016769555985327864,0.000981755365876517,0.0017715128764407117,-0.21801974891176654
-7.7352034825991804,0.3942538019485322,-7.593059325039695,0.23546238157901814,0.005595142411421987,0.0010467411450610835,0.0009572628683077093,0.006131634807448099,0.6157115262940814
-0.36854104298923157,1.1327523791902028,0.00285222864200551,0.23547550769116538,0.0059346314145428325,0.00036452750182111744,0.0014194133334651056,0.006148260892573047,1.9081295728548733
0.11516155960051776,1.4527363998721665,0.3346081549551972,0.23525994444964035,0.001627099196057882,0.00129163095003727,0.0011670032118099923,0.00147031861170606,0.8651283988839239
-4.91075138346065,0.576442981830613,-4.71956420906124,0.23554786130537078,0.005601236365775965,0.0010702828530546108,0.005442854502830888,0.047643051416778714,1.0884952457472767
0.06715625274623072,0.3413354567612906,0.16748560352543856,0.23557677909444474,0.006558228516797809,0.00035823169562566946,0.00355513795673214,0.03573015785370123,-0.9960429747438534
-0.08017989299812205,0.36827325002693667,-0.01897374125839511,0.23558376049870006,0.006269481047765492,0.0007065797671887427,0.001173219016077236,0.006274023682132596,1.10362931372805
0.09848362732016445,0.19767217134246245,-0.03930300700785397,0.23545164202569363,0.005348031348575732,0.0008494196978504014,0.0008044852477822421,0.0031296089935117315,0.7147889346740601
0.05415716150551683,-0.004230261885402535,-0.04167225667570111,0.2352990139483561,0.002770304531294147,0.004611945268564214,0.0021150447180141594,0.018052156917287905,-0.5400600979865701
0.14928137234565036,-0.2315511604817049,-0.009032027616622713,0.23551407434092805,0.006156607384595416,0.0005082359324815983,0.002796560563801691,0.03992218093471668,-0.45012941341147
-0.12938160088524825,-0.14760431638785834,0.018518172033383195,0.2353270094329354,0.0038788310668214977,0.0002601571010550735,0.0010815310886383225,0.0016381303867785684,0.09058671279064216
0.0963910412784482,0.18709741401088995,0.2823191370049178,0.2354476367202882,0.005054348421464706,0.0008145913965456042,0.0011006004875771553,0.004495992230621283,-0.6686081419123383
0.11193449634913227,0.22043414899478284,0.03449184199164304,0.23559153177928624,0.006297256227126878,0.0007691681314154621,0.0030768198287568892,0.032612329638737766,0.8018515525187961
0.18318037254141487,-0.12324576746417111,-0.03404481477793037,0.2355017731406798,0.005529048288410485,0.0011019565534776238,0.002346268652693313,0.022816117672589394,0.9538426925319107
0.028961485191619566,-0.24653004854112828,0.04742262012397306,0.2356007221554838,0.006332233462097665,0.0007430307487658085,0.0025793748161390376,0.02476602452107867,-0.8015679864010199
-0.14309600604274444,0.05925597695058185,0.06807377699404014,0.23549501356710928,0.005753721167815901,0.0017908972794256513,0.003050891166454374,0.010537585681804644,-1.5472781276117007
-0.02563355786028751,0.2591112022595048,-0.008319936007288791,0.23542209383663637,0.0019796924926832283,0.0021299867171994135,0.0007682545050134975,0.0010142205553689367,-2.6589411819375557
0.18437081239278943,0.01739202760279998,-0.01710508998950274,0.23553116057949192,0.005546121628875492,0.0007454839704632481,0.004523225940102031,0.04393198353052561,0.1696177818811915
0.0951652538604544,-0.27017433797617096,0.011005811407908675,0.23536714569354467,0.0020583126136712853,0.0007413419679065095,0.0009668559234371109,0.0011145073602435531,0.2658128592019282
-0.1392503901914691,-0.08135599917019208,0.03735768351217125,0.23540307215998207,0.0031778281863993328,0.00032470404308047564,0.0011454507407392123,0.0016575980574256536,-0.06812034415302248
-6.165739507301097,-0.007596849848815923,-6.198885999288598,0.014805423479655725,0.0005882821362670381,0.00038648642983878676,0.015662293361778053,0.015768461411852466,-0.941141569995514
0.11049464874756873,0.17170697576131014,-0.01518640928561565,0.23555306072136667,0.005912059910538817,0.0007857370442886593,0.00227662917115504,0.02319278876223519,0.5123580464828917
-0.3605745913901001,-0.010994580785599542,-0.47349281527507053,0.23538161807396404,0.005551960997610272,0.0010862470313738474,0.004336518355239686,0.02595086849381554,-0.26540265293543697
