0.007604551918517148,0.00885677955253689,0.001346295506546885,2.267548283370433e-05,0.00029260100549492404,0.00025995558686084033,0.00010264555026442387,0.00027568318036758207,0.4886081894639621
0.018231664220210254,0.018640474944737258,0.0034894801821023233,2.316882041225535e-05,0.00028916869399535247,0.0005115323980389433,0.0033302882309274155,0.01609506539794502,1.5172579939207476
0.019189463433852156,0.02266419918787764,0.0032029106994256556,3.178082217429633e-05,0.0002284183942638478,0.00040386574718031284,0.00014704961649504456,0.0004133724884870957,2.8053313713527355
0.023080217752022562,0.0665399381621776,0.004226047164635601,2.6412340082562135e-05,0.0005458689622149669,0.0006299420127439906,0.002607762304631268,0.010512251369025007,2.793418716101413
0.007869066393671888,0.007071445023979759,0.0013821531797174554,6.592544329755447e-05,0.0003086381497939578,0.0003187228255040039,0.0031031001856304365,0.008712523495701476,1.634003819983066
0.007410050417171106,0.005552087747238839,0.0010783424542213178,4.478931155562534e-05,0.00031628665069155027,0.0002849189504735526,0.001110496188410066,0.004310413719501581,1.6618850447069669
0.005857005122897165,0.009482853502115432,0.0015322583907937143,3.2199144960061845e-05,0.0009072571781374888,0.0006813147974174144,0.005782101968937042,0.009211370209178104,1.660775786088646
0.011048914020816146,0.014664084243904665,0.0016958517625330362,6.649424329520522e-05,0.0003703996746672564,0.00031868377982905035,0.0008194260987632436,0.0024284261846273638,0.5214814888212634
0.010139371532043194,0.007705979656481682,0.0013625480404646994,6.068785954889582e-05,0.0003793710937298959,0.0006834724566888801,0.0002902694749983514,0.0006803983358455038,2.7539514970809336
0.00438400821752081,0.00879632288133813,0.0010680305336992298,1.4296326277792788e-05,0.00023889303734109983,0.0003037800280480806,0.0004675869543997434,0.0030028638741547197,1.373859227012742
0.006654752391615649,0.006024431618998045,0.0008480428023708936,5.875162524186843e-05,0.00022680462430692608,0.0002979169760098127,0.0001586188821651536,0.00031075439937798636,2.756628903393175
0.00680000219031316,0.00796648815072389,0.0011306659801173793,3.40648266340049e-05,0.0006638792749487052,0.0002471189879191526,0.00016030123637077035,0.0004256946081284651,2.938748114471359
0.007259171943816428,0.008876722444947657,0.001079634683358767,7.078361365006974e-05,0.0007735355395633932,0.0005237277040247776,0.00023962609796114606,0.000761070837228233,1.3073680878042688
0.006535719961340859,0.00989732073306991,0.0012300130890577734,1.5906116426156012e-05,0.0005032092329662036,0.0006555958721949866,0.0006032971420531562,0.002017915030150125,0.5068140715982291
0.006144334039789197,0.008314602289625026,0.0011091986363373659,3.088961875821411e-05,0.0004214947586763231,0.000276111450092568,0.0002043345600045635,0.00045886122912213416,2.6834032671786514
0.007550155068843173,0.006806336804053228,0.0010821374822459593,3.4777910303242876e-05,0.000371627440339409,0.0004522297821051861,0.002444582205823151,0.007595278143839881,1.9685067939439673
0.006886108369333729,0.011183190414526041,0.0010776125154739425,5.204083897096015e-05,0.0008863886259043625,0.0005408172857193904,0.00018535087674036914,0.0006499770243224158,2.9001334459328296
0.004537281922278349,0.004067259619806162,0.0009172217314202376,1.4527689587719133e-05,0.00019229362361415563,0.0003220789016993517,0.002679128696006189,0.004368146066409497,1.4956151905890427
0.004843188349163719,0.008096404482522926,0.0009495086179371604,2.8975706014727227e-05,0.00046232356254750077,0.00015588881785381266,0.00011820883069716883,0.00023223379846938367,2.8400222609849832
0.005926009229656065,0.004518829423835023,0.000897628983771166,3.426987379197332e-05,0.0006514494652693139,0.0007944278913613084,0.0006964590158343602,0.004326412510840221,0.6405641600887217
0.006266823780697653,0.009834338125951093,0.0014501727268344817,2.439106710071817e-05,0.0003588858082577459,0.0004682649944248789,0.0017452791333811295,0.003446438220111937,1.704840815789172
0.006418607756089233,0.010486756235030396,0.0012763799543989642,8.628232831849643e-05,0.0006405948289973977,0.00025496599665804446,0.004194833187361424,0.008330876849541872,2.561574545690547
0.0059737252961846385,0.004884509959346208,0.0009981462207440694,1.8450744180905207e-05,0.00028427298056610896,0.00023985724202275536,0.002170279598210128,0.009438997686807917,1.9629004941006598
0.00973749707616641,0.008205562103188235,0.0014170633977587154,9.498399720414227e-05,0.00035175897852831293,0.0003276532451473392,0.0018145156510815056,0.006627237982702638,1.6801007701688762
0.008303497983908408,0.054404562043211854,0.0037325643920704094,1.963646657638938e-05,0.00034943090624643664,0.0004956537324122815,0.007290106209842236,0.007531512269569088,1.5383027071014022
0.02057971852239058,0.018995026637538517,0.0031769814919188305,3.351821786302722e-05,0.0003149476345306811,0.0003127104571463476,7.520505370623343e-05,0.00019995305534853842,0.36612869850302276
0.01622513496854629,0.024803465359049648,0.003702260080872396,2.448649464406201e-05,0.00042831198171164867,0.0004613125127062536,9.241602866013957e-05,0.0002981913407162715,2.557287943173271
0.005967729002242797,0.007493750187666983,0.0013530994557992343,1.7599001294053923e-05,0.00025396582111875224,0.00015784521245643072,7.084387551965886e-05,0.00016896494080831105,1.5649739386496881
0.01151655344569471,0.01301831444758469,0.0019935253135657453,3.680192700129071e-05,0.0002775291955135948,0.00028581774213158774,0.00012910206855579252,0.0002901747240911263,1.0156655858958694
0.0249559710331094,0.015793203798973005,0.003581069075080481,2.3592253009030082e-05,0.00018659300016278215,0.00045118847486340125,7.590346197890155e-05,0.00018011593884536628,0.11399282479050435
0.02531850625714255,0.023993184390247148,0.004643275354454445,9.208315547441887e-06,0.00018469130054254022,0.00018703039875474033,6.42821771057916e-05,0.00015150832199469175,0.2145883376989628
0.02847419523611402,0.02541440530431999,0.004319437736598024,7.098368539203509e-05,0.000522324449458205,0.0006473761901863675,0.002808557518782995,0.008186471689700218,1.3492724523691761
0.011243484700297462,0.010657733782427691,0.0017210725625650756,4.82149505974599e-05,0.00044009475970466287,0.00022088160553527183,0.00018476284490201558,0.0004496487433828391,1.3051734294486153
0.007416024996704992,0.008918233831633014,0.0013595583926856024,2.5608516827120566e-05,0.00019612928438511048,0.0002531425518070974,0.0015572200562411506,0.00804902150875626,0.7154273780358917
0.00649056675244751,0.012121259142334603,0.0013678143688381761,6.064122392761407e-05,0.00040836666388271693,0.0002987909483364187,0.0018557181514922364,0.009698918102064828,1.5159502326126597
0.009213827585224443,0.004876385967791973,0.0012080149371954062,5.991724979694681e-05,0.0004569568296766551,0.00039412111840923667,0.0002577363050246986,0.0003343851327622619,0.21974824386488015
0.0054035976959682375,0.005294799804856583,0.0009756672326418611,1.649564776828528e-05,0.0002082553106178929,0.000275789640767527,0.0007535483994091085,0.0045461532677800245,0.7471918951518739
0.0066488450130301,0.008755774799867954,0.0012919583160775358,2.260033001860353e-05,0.00042949841278714957,0.00037303404647668676,0.0010022221423272302,0.007043594699679439,2.0763707563587017
0.009062894504304848,0.005923595031592972,0.0010237683529437094,4.3775319434242824e-05,0.00013273006631385096,0.0002443547794584027,0.00014112008536877678,0.000284152459220061,2.5091238069550346
0.005040678640571897,0.007577908652919535,0.000976099932104884,2.6118626199450288e-05,0.0005226874396978657,0.0003851842506179133,0.00023727290369347215,0.001136526724641107,2.7418318541917355
0.006782691711423672,0.004896147277295602,0.0010382417503326522,1.5229076646133438e-05,0.00026876329413566476,0.00020992939842058822,8.579784749702062e-05,0.00013046120989707383,1.650072070743315
0.007789677958968183,0.008969131332191375,0.001241625797294707,6.46840172250859e-05,0.00030020362788455693,0.00028060986809720634,9.895603791488817e-05,0.0001086882986742156,3.0687058768875004
0.009808054604754937,0.0054524079893667615,0.0011869644557837473,2.33281638766707e-05,0.00027534396143224214,0.00032112065393334924,0.0009999323861514542,0.003157009226511227,0.6006683807113615
0.0049086712852437165,0.008164848707816868,0.001116781873402766,1.847591077953419e-05,0.0004205686704888341,0.000646111976346325,0.0026680268808826255,0.007213020315416811,1.6014183590186686
0.007132666408553708,0.0046168583105062905,0.0009879439997140724,2.827426444958844e-05,0.00018550121499497056,0.00016503337399937547,8.623941604549172e-05,0.00013709679044142368,1.944882360535101
0.007222736365622945,0.006820549722789444,0.0010290217438615522,4.311065915811413e-05,0.00033991270412292906,0.0001811710168870596,9.131324082688451e-05,0.00020087282476904069,1.2544481735576678
0.007014986128006811,0.005871428021620371,0.0009966761285931137,4.574770605522252e-05,0.0002141908587533993,0.00021743857336830748,8.880354937521438e-05,9.834705269855774e-05,2.941803052823882
0.012223117787305426,0.005292815465252634,0.005797154232460114,5.248522541829676e-05,0.00038894034842890563,0.00035985456357664423,0.0018823847650227057,0.00019388694537156577,0.189192204172216
0.005625833655233973,0.007949958834020651,0.0010571318871460593,4.070188234171799e-05,0.00036977924743769483,0.0004620606057360995,0.000685137068268204,0.001683152853892646,1.3390528077040227
0.008031448218512436,0.005891787844139534,0.0012609796122663396,6.713064103284249e-05,0.0003139342293240506,0.000529051003776576,0.003239113144150949,0.009222414019071062,1.9685908457202823
