0.0065903169738460625,0.011310115786027353,0.0013228646703716477,4.132750647702489e-05,0.0006654273991594912,0.00021483662310561218,0.00016966854389826582,0.0005566331633014256,2.453540467224579
0.017041568723195486,0.031157856907256223,0.003457733129387962,4.139858296945197e-05,0.0002614984204735025,0.00029738188758755374,0.00012746017671968156,0.0002533854603918362,0.15407706441465116
0.012073418650246909,0.02949327233260653,0.003160896858353446,4.457484054919027e-05,0.00024810633802065595,0.0001582792886012818,0.00012767859057607656,0.0003272513651916465,1.9119224580660208
0.015912345133133544,0.17770767088603415,0.0040747967148670764,3.1179372776818116e-05,0.001053292875957509,0.0009802441600971652,0.00354293769505732,0.009089122332291002,1.3887753945562158
0.007669387536065334,0.0076275484426425325,0.0013740285457976358,7.075631082700859e-05,0.0005314264440090182,0.0004055760066897146,0.0018988334034685125,0.004687706185333996,1.458400222583497
0.0066063673934019474,0.005452540649758886,0.0010959023265919377,5.014149993186186e-05,0.00046930570069928467,0.00038123768147971097,0.0014482078665939606,0.0029015236344770573,1.5316026113085741
0.007617306510253656,0.009087943849171862,0.0015344076421458523,0.00010376051283638472,0.00044655527745229216,0.0004149100857777727,0.00360947044937961,0.0073354863073751475,2.0403801093907123
0.007930152322856479,0.014452315150646869,0.0017031345982308223,2.5556535551426876e-05,0.00043398827427912676,0.0004903190423991779,0.002231836675306501,0.007159207244850755,1.3946650553310682
0.01094719307943014,0.009309057648769416,0.001363618700466764,0.00010343511197175862,0.0010243809152399317,0.0007192815438932761,0.0006635353411031218,0.001963994525538423,1.8758212339826537
0.005357728788759593,0.007635133568884086,0.0010385602338218358,2.7002740696423175e-05,0.00017488959849966756,0.0003968785969740621,0.00010759408288341298,0.0002545866319052002,2.440135938795517
0.007282052600503986,0.005344880824838649,0.0008971111916021797,5.0769221263883776e-05,0.0003251210670425237,0.000281024950712041,0.00015286136684154836,0.00031808349721656825,2.372178871103666
0.0042521166700780835,0.00778976008593717,0.0011214424461148543,1.3471066447789342e-05,0.0002662067947808626,0.00026557610324045807,0.00010095807311558271,0.00022299926984860197,2.443067032699051
0.007306783808349529,0.005932152498396655,0.001054490994765416,3.383956260512317e-05,0.0002070412344481879,0.0002402358988640452,0.002842731512757625,0.0023851138433559466,1.5821231399302371
0.006308919824635044,0.009509539010753743,0.001210847167796351,2.515176758578032e-05,0.00023372775927080813,0.00027540476182842124,0.0006289835677331135,0.00234571179975918,1.5988818173814503
0.006812392083148337,0.007472015377275202,0.001111251617037612,2.117836088418252e-05,0.0002116475809159266,0.0003869210206439251,0.0007250233756460854,0.00477020497945732,0.7924531849227388
0.008327038723317193,0.006899305678049605,0.0011582046540738094,4.008439754129612e-05,0.00020951860933614175,0.00048379925898509155,0.00013825812801169458,0.0003281555531812251,0.2856671809396374
0.00731815170153686,0.008064958536865077,0.0010826588740140682,3.379369530560485e-05,0.00022398317804611943,0.00031908154004968973,0.00011448955895241244,0.0003008710195803977,1.734004017191754
0.004962536451915682,0.004678109388988323,0.0009133520956237112,2.2392851909957137e-05,0.00038115976550754304,0.0006670431911904193,0.002789979775838602,0.0054433106456301455,1.5189787166095674
0.004331986831129871,0.007272075161803896,0.000971143542238975,1.877474576290851e-05,0.0001404990352504001,0.0002164370701906769,0.00010146375882388848,0.00020428809814093695,1.6411676274954328
0.005521100580122798,0.006803826115934413,0.0008781951994432784,7.765053517793868e-05,0.00026084256092119546,0.00039002012816744767,0.0015754807166393735,0.005476929605532028,1.7456026816740493
0.0062184119690142856,0.00862312641187922,0.0014787859019346108,2.2419305834771872e-05,0.00021090238427543638,0.0003778286838864515,0.001469711735767763,0.006542881103176934,1.27833401928445
0.008531781116661,0.0070764298844783365,0.001306675921105624,5.7748367267891334e-05,0.0007230013345984669,0.0006766173120477059,0.0036358219550933868,0.0026391120805812503,2.4131443071500818
0.006346350434453821,0.005434167838182357,0.000989615010602403,2.9617934807104725e-05,0.0003517247185685996,0.0003406118445740368,0.002727203425659279,0.0031625987967778754,0.693608958966721
0.009174504816820328,0.00826327168218579,0.0013973555633165202,7.562577818421075e-05,0.0003670673409487537,0.0003804600024793895,0.002936977515599807,0.008261577428953538,1.6751512174237313
0.016388157966540588,0.0503664084678004,0.0037414018793037146,3.803581076568306e-05,0.0004144267401904189,0.00031287831998605414,0.003733331802281323,0.003082009656528529,1.90427557861021
0.029726527616029823,0.017974955487899416,0.0035543059505265067,4.485422566033292e-05,0.00024920961001612157,0.00016319039191044796,7.276923179094749e-05,0.00011980217061717645,2.114589916322646
0.020961367062922575,0.017215704728634918,0.0036830834988722623,2.335741947374817e-05,0.00019458260380805605,0.0001999467109041817,8.25181280779299e-05,0.00024726372414017486,1.3317934567917753
0.010295992431194832,0.010203353614776964,0.0013458342512325397,3.388567827964727e-05,0.00040450135422582454,0.00022813778727492345,0.00011168567318521336,0.0004353176984681812,2.990785866615929
0.009672889792511019,0.01172175646669868,0.0019635547598624006,2.322116420948626e-05,0.00030782311695943957,0.00039661738546058737,0.0005129708182093152,0.0026462930113529113,1.594898650116704
0.02011677826430433,0.01972818514893224,0.0035796712754128392,1.990198172753053e-05,0.00022151404145442038,0.00024838462559522513,0.00042872225515742896,0.002161976421346075,0.5677326392963059
0.06717187311878328,0.07482234578750342,0.007504051620601564,7.164025337449388e-05,0.00024123307983157886,0.00022701681780946435,9.575233262877451e-05,0.00017940156576534992,2.92069601368086
0.024035495375270412,0.021785595811705614,0.004399214755800181,5.509443682733814e-05,0.00040929114734626474,0.0005448395198839517,0.0028787051763310926,0.006736652228039776,1.501856603595996
0.009391543726720093,0.009757002847832881,0.0016636377125837593,4.199361947120259e-05,0.000252294125478863,0.0002546099494988951,0.0021955779632609495,0.005909309969421851,1.3722288410720709
0.008212631771498618,0.01192314738127869,0.0013678036643971201,2.821953935999006e-05,0.0003295561507293407,0.00035128920208897367,0.00047900402015463506,0.0026908948487798074,1.4956164591520782
0.010636217877796348,0.012622945801561914,0.0013798087608456395,0.00010507856099282497,0.0006927430739718716,0.0005353383556057944,0.00038875373419090093,0.002095215151200967,2.6412256029877055
0.005675266846755746,0.004974187407684323,0.0012359600585190493,7.357084218767205e-05,0.00040157547067726825,0.0004106021177106867,0.0014750286952290444,0.00808349410186464,1.0092624567592297
0.006040736067148736,0.005489529914199086,0.0009767964270077656,2.178188639622382e-05,0.0002642266085313059,0.00037002005032665553,0.0019706878134121268,0.006583403998487498,1.6442783706073991
0.0060006212028030125,0.007829095803876073,0.0012877680698024196,3.817276006538465e-05,0.0004290399997486683,0.00020732059507707875,0.00014399773255491363,0.00021932197614301014,3.028815384795913
0.00722579520670623,0.006355630293738971,0.0009997028877366742,1.889518040813812e-05,0.0006049690138812109,0.00044047091155486413,0.000575235857862839,0.0035588209606967677,0.7906161142149537
0.004715349736958591,0.006054636153341833,0.0009696044082018552,3.1298908704029135e-05,0.00022470781405324367,0.0003876170887906736,0.0019673100798901747,0.010015503928929725,1.2102245304163224
0.006298854199147841,0.005582303092701751,0.0010565173143296234,1.8087993686380773e-05,0.0004049273389232475,0.0005787472605794073,0.0017484373231117306,0.005196728449733112,1.049030553254623
0.004887229130272569,0.006514079191993226,0.0011873157008074034,1.653145399726919e-05,0.00024175798337020362,0.0003776915935448882,0.0017436935748745693,0.005502698343730343,1.9745148404790032
0.008291262920617947,0.0049413030677652745,0.0011696358709691432,2.3617116454975333e-05,0.0004034085901104575,0.00041046205829988765,0.0005681035238265502,0.001058491080312704,0.2261215604795683
0.006585429519020983,0.0091439372104332,0.001144135055746661,4.274065284099523e-05,0.0003294157207293711,0.00027055158933937565,0.0001348381221647134,0.00035335169324885905,0.34674646341021176
0.00642576072109664,0.004201350700009848,0.0009944055187801023,1.669884423400882e-05,0.0003917878541422434,0.0004919534830736047,0.0025404016131492166,0.010101625713034008,1.6510009045564915
0.004985157600908591,0.007793585928554537,0.0010203753484444974,1.9015160629834155e-05,0.00018213260254852038,0.00022218690840268763,7.938038200154344e-05,0.00012822079301110518,0.0982719386388921
0.006115857194391546,0.004674641109493228,0.0009942767805695074,2.2554541470382493e-05,0.00030501680484958885,0.00023685756054735524,0.00010149066046426754,0.00012401766159089654,0.0847089228639619
0.010830416337422849,0.005420011048209139,0.005841174297931467,5.404684071865681e-05,0.00031901721655467995,0.00022264211421112051,0.0021593292875405467,0.00019920771318195372,0.21155934775099539
0.005027901026766712,0.005237303873025309,0.0010576703346398802,2.5208399520064526e-05,0.0002726379293678024,0.0004487031982417346,0.0014164983969811224,0.006161919331641476,1.714726536320033
0.007881490588536669,0.008655954423457311,0.0013113581200440863,0.00013143422377624814,0.0004361679445383552,0.0004405110771221302,0.002898614659325794,0.0057919662220417495,1.7793330286368105
