0.0089388729494337,0.015102006493945599,0.0013397874142906793,7.362413698502196e-05,0.0004777377883463916,0.0002473384932298111,0.00015832442673351622,0.00028078648150823535,1.9290390334720604
0.012929211800470321,0.028393541578976545,0.0036480440822769713,5.389622879776533e-05,0.0002924493340450649,0.00025623627368153985,0.00017486789470150631,0.00036221717636056457,0.22653737892301834
0.018717715276826453,0.01620210020424028,0.0033843726415447597,2.4115061690675455e-05,0.00018017315768309013,0.00015686746334212816,9.266791104947223e-05,0.0001623420635001108,0.11496449000874222
0.011367940115032319,0.07694950236056618,0.004267388709852213,2.3900397854620063e-05,0.0006709541941439486,0.0008583851395579586,0.004811554639460894,0.004963714100908055,1.9356758355397512
0.006994281435499262,0.009752898942941374,0.0014174277616318645,5.779681001959746e-05,0.0003592136020193396,0.0004125839211553032,0.0018506625800443685,0.006321922031891894,1.3418714142134371
0.0069371443539614185,0.004585357525410697,0.0010741852588852542,3.0203377300662517e-05,0.000236884455493156,0.0003551656855117575,0.0014422172284657404,0.005145228253462786,1.4822725797161431
0.006426689586228782,0.00804312413812149,0.001552612306639224,5.736719265188218e-05,0.0006092939519947272,0.0006545372929560206,0.0027557638864886412,0.009088591530930187,1.170063751139244
0.012243022234255201,0.012520979444864562,0.0017498541655024083,8.669371961759445e-05,0.0006155109439072362,0.0004035096246539601,0.0004858079301379013,0.0014263964932329093,1.0574890612035823
0.014690771102308788,0.006102184731390064,0.001324556864944093,7.124995389455816e-05,0.0009185710192052982,0.0005187533792595952,0.0029446735938175846,0.0015704237108479795,0.5839715570951797
0.005940412931772652,0.008668109438875724,0.0010619194558340347,3.0212295615909506e-05,0.0002242566356939644,0.00038363155708861824,0.0007895563936766726,0.006988157386953725,1.8482833411583797
0.006940500669629378,0.003962106183039413,0.0008369958629264431,2.3321270642006763e-05,0.00022248535443412286,0.0002639756991911605,0.0001822526731785185,0.0003761369540059645,2.4809343754637463
0.00579704306020061,0.007952702727296167,0.0011623564086831945,2.3892189715996447e-05,0.00021610251182667696,0.0004054728725884338,0.00010437320366585021,0.00030198527962045993,2.9507316315712857
0.006571215871590684,0.006827549042891358,0.0010822698430762844,5.2062857583735386e-05,0.0004162187598945084,0.0002571441918209478,0.0009384454386451282,0.0049041085595770565,1.7287124140364705
0.006135842012249694,0.00897190162660429,0.0012166839123691705,2.477440295740744e-05,0.0004022865039129003,0.0005678150127310244,0.0018362222724359874,0.004429792042631914,1.7058788382360908
0.0066867819886339995,0.007700448845243181,0.0010905799366661515,4.064548180681038e-05,0.00022127860207471473,0.00028128842268792067,0.00045428068783135795,0.0012492145406021186,0.27084270424821394
0.005218687261254978,0.0063569192862211014,0.0011042802616393593,2.0395978712534977e-05,0.00026510612921604767,0.0004641945404809987,0.001269100484599678,0.004912056035379745,1.5386948653615629
0.006588482576058105,0.008963193623499266,0.0010960644977747337,4.889765849967862e-05,0.0006882159005868508,0.0007132837907602798,0.000180521909780131,0.00043768572410609686,2.922153836670508
0.005307723925239419,0.004982069336068707,0.0009143532183664768,1.8205116574015312e-05,0.00041783460083965403,0.00044957724062873677,0.000916837950923575,0.0052487873672270365,1.5694911251558286
0.0048187692068374765,0.006116363393646859,0.0009916762003124887,2.2912830115044273e-05,0.0001653899973125041,0.00026890130899652156,8.305475961194891e-05,0.00014618037612997657,0.5594395257560405
0.00833863431556118,0.004944936232691431,0.0008965752276772855,5.861338257904732e-05,0.0005048357288085814,0.00027107149498591934,0.0005833751848964678,0.0032474987991359693,1.324897876601193
0.008437454735661735,0.013800992500872074,0.0015318439965065285,5.269757235135211e-05,0.0003121390324958526,0.0002606504079669665,0.00011813615168340765,0.00024204349394539362,1.1151371610715575
0.005659874541358259,0.006642839678023882,0.0012716277808008359,8.350652229605817e-05,0.00035337734610197893,0.0003899131248958626,0.002002568712522842,0.007430831378398077,2.0795337549697037
0.0062512200307368185,0.005480019712166262,0.0009780177795666817,2.0827697489716285e-05,0.00026934939815835074,0.00026926283403341886,0.0016482335973471687,0.003941501193910294,1.7994760517475146
0.007203604265110652,0.009999487070503119,0.0013694985688226156,4.097322050912075e-05,0.0003468655512442299,0.00041719399564988334,0.004446901291276531,0.004551250739518732,1.6995881239535666
0.017756657333589443,0.07649002778949675,0.0037310994339002698,3.639845240670217e-05,0.0004845916822696187,0.0006220532296483981,0.005555476301430729,0.010033498875412453,1.1389727189937817
0.01680471593896573,0.020592458805972047,0.003181016013532309,2.1104243904425777e-05,0.00015288531177229853,0.00016066181098701237,7.144033212386595e-05,0.00013129481693715663,0.1590603012273847
0.021391327443974817,0.018143609673514836,0.0035563235510686114,3.189602988866069e-05,0.00019644412952350308,0.00019194097842934938,9.696445069928508e-05,0.0002506086098969813,1.1423405421971042
0.012989167391427829,0.009460216448257171,0.0014002873644874004,5.676671633313567e-05,0.0002770067084024425,0.00015655038896800604,6.97976424419002e-05,9.692552376128102e-05,0.42977674135059774
0.014523721860766427,0.015535178916575978,0.0019695335090005608,4.091415141104879e-05,0.0009085469035508859,0.0004977289636057786,0.0017010818212283695,0.007794826775211256,2.2144948092543384
0.03035512980784483,0.01949845850676208,0.003891545245338881,2.6289384228304743e-05,0.00017134537648358597,0.00010550789557544447,7.378742450391634e-05,0.00015686181734107522,0.12873810139157804
0.046646464281577746,0.03231252409838439,0.0053006576679427275,1.9490634745731973e-05,0.00035270421444928577,0.00036927126340492055,7.41548441581952e-05,0.0001731605756576625,1.3351356070660623
0.018296351825629092,0.022340095122866988,0.004366393051734981,2.9003699322717614e-05,0.0008387707872538056,0.0004421239682321584,0.0008588272017118778,0.00744433085379502,2.3994928201812917
0.007613152908745106,0.008836643322030137,0.0017185446789511403,2.511333316830099e-05,0.00029421971498164547,0.00038523414791825667,0.0021613697823400302,0.012328244073987152,1.6161450844180247
0.007792627420273353,0.014150423603045458,0.0014052631899372588,2.7434523642273665e-05,0.0002457906830083693,0.0002613037594087155,0.000567261483377322,0.005583123237045754,1.6270919299617188
0.011370952948208383,0.011849061069357321,0.0013568316947853974,0.00011520613042219829,0.0006921211454519533,0.0002988378035294239,0.00033904652359059207,0.001814848938450451,2.445512915417484
0.009369891469900358,0.0046510589827806975,0.0012099784907831158,3.640082677929502e-05,0.00030057233620833166,0.0004972956470261412,0.000244868339162206,0.00036980671568273647,2.605453572539167
0.006199799128619049,0.007545205561201244,0.0009913325443094648,3.731157509774308e-05,0.0001445292483073485,0.0004531727052287664,0.0001186200854921286,0.00034998936786737424,0.29733829716090004
0.007417288930932265,0.00915704219222294,0.00127286162867655,9.06341645462198e-05,0.0008160113943209287,0.0004567388685794392,0.0007560260826905142,0.005966927858108091,1.1834808732650475
0.006438523782946596,0.006265232660772648,0.0010004441198475924,2.1745257449855623e-05,0.00018543533632588675,0.00020998518073102416,0.0004154869365124637,0.0013250754430652058,0.3130044885210279
0.004551099493599432,0.009631669819883833,0.0009604641546189474,3.976915958496581e-05,0.00022494069283642376,0.0002477415164727097,0.0007884377439545077,0.006443127158695644,1.6929272878322745
0.007007818320486174,0.005698738761004736,0.0010260295348238754,3.277675379165292e-05,0.00025940324938690984,0.0002888540450547723,0.00012074533386245329,0.00022225504281906538,2.9955402841192136
0.006784340892226196,0.008708833968688358,0.0012156666673996128,4.871426023290329e-05,0.0002243007894013747,0.00021775272958677303,0.00011977488790518607,0.00020266338541331013,2.849697797199557
0.010685333682024817,0.005479660718717274,0.0011837612000337254,3.532546768567894e-05,0.0002976440347726669,0.0004274760156452729,0.002619582106921664,0.013936717804933031,0.4565470978004719
0.004827555966909921,0.008511436249219744,0.0011018827444701236,1.9473866122498806e-05,0.0003036521481715818,0.0005158857816946365,0.00018815730228140539,0.0004096784268503173,0.2633949544294482
0.00807934124510815,0.006175960123597134,0.0009947168906933013,4.453991840305101e-05,0.0002783942295675864,0.00021459042454563806,0.00013860908085035973,0.00026527158199850763,2.83441719424526
0.006424131973314829,0.007604246696959097,0.0010195981327198265,3.5808179459980046e-05,0.00020192175186478273,0.00046409211881291387,8.908525252699598e-05,0.00019815767538760266,1.1706942579440978
0.006670619909097738,0.00618441702518219,0.0010342902260108329,4.766455544392347e-05,0.0006309054574367585,0.00018505019757096954,9.701095701729998e-05,0.00014861447981672564,2.966195560743221
0.012599919186666196,0.00366153795206442,0.004099230043778113,1.4857817906349372e-05,0.00031762992515376863,0.0003128128473213458,0.0027933647258386444,0.00022338369007431931,0.2522601727006583
0.005524098042145162,0.005734528422151379,0.0010570174384076033,3.5990521109739594e-05,0.0002606309733847941,0.000470335652895688,0.00012121750195875682,0.0002567623948548706,1.8952849407523242
0.00853914323174483,0.005877072235294025,0.0012850743339529957,6.477470863777869e-05,0.0004572702517850954,0.0005781881456106583,0.0005232421242238604,0.002570294266242213,0.8748799838210364
