2.7177918944670223,-0.25103439675222616,2.93069065748717,0.23533438351865904,0.003749893228801302,0.0007939803692963082,0.0007802704095674804,0.0012672045256683108,-2.167176326882229
-0.5673102754090521,-0.7463261750138032,0.09993357419440804,0.23543678615816002,0.0018755458114403526,0.0022613082183286686,0.0008490005250486081,0.001115798570589859,-2.726849777892924
-0.09241736845665932,-0.6009613702184177,0.5162659295038864,0.23530348698447978,0.0023577253931113666,0.0015638831256293768,0.000873045119587524,0.001168027993719981,-2.842208024030886
0.8400096188983791,0.41966058432115594,0.845992980349118,0.5000235667016533,0.0011169352078418786,0.004710401247863492,0.012121973995190586,0.032222060967395834,0.21787057320223813
0.060909343384158966,0.17765776350601545,-0.023552812647249215,0.23539081234803497,0.006450010610151536,0.0014354675153418206,0.00309031752937193,0.02065692139801844,-0.11083952402154297
0.1250058109519816,-0.01133189118481474,-0.04945859616286786,0.23549798202777233,0.006374693206364599,0.0005241504798579446,0.00206278915261619,0.014074914838732583,-0.47800328011288906
0.1509954050142215,-0.1142912317404565,0.15693730049795215,0.23507783092935078,0.004162140286211908,0.0025740792307280737,0.0035397847119259963,0.022981852078577496,0.04056133295482129
-0.031946048003447663,-0.260615076984154,0.04482270799989881,0.23540466047821515,0.003604077112972417,0.0028396605707205424,0.0015693518509489934,0.004914457952355597,2.3186408826237996
-0.10932031377958173,0.05418666305783885,0.054802788963106766,0.23546110577207724,0.003481652894941335,0.0033804312112725807,0.013336202048139116,0.04629118984234494,-2.478685731185373
0.04322609538443055,0.2956595163331015,0.039465282685195634,0.23553886396032467,0.00586863110514462,0.0010650881192767062,0.00144082013027006,0.015113986155027632,-0.10746840339517028
0.17716748185852296,0.022559519448343786,-0.0028738567314407,0.2354717207755015,0.004458067024676393,0.001597832644751332,0.0011911832806419697,0.0024096487256899937,1.6065336676660031
0.05450849831430235,-0.2825656362402299,0.021612786710732104,0.23543017994006146,0.004103468287379794,0.0009750515608102097,0.0008597477154450459,0.001629629014373627,-0.6575822432424098
-0.09319399446038201,-0.09662730752665359,0.06901301321884848,0.23542444998926668,0.005600125200807741,0.0017506997912086182,0.0013045973281454685,0.009976933644881898,1.2012190546143602
-0.0264213167016268,0.2684635101147987,0.07026406507639163,0.23558245945991726,0.005891869375481741,0.0010948141005089269,0.004015701527610218,0.019956927790858222,-1.3486113251990746
0.14649204239081787,0.16587044541471507,0.003987165152592842,0.23545021797503113,0.006726967133760832,0.0004432143190642493,0.0021797099062368197,0.007430586365578725,1.7539359508304915
0.14319330334293287,-0.21197636395999886,0.010034005108291453,0.23558206046684552,0.006276119705498869,0.0005649820787971082,0.0019730740214933522,0.01821377513152182,0.6448675564899354
-0.044065924377387926,-0.2171735041745601,0.0734329262172802,0.23532773964336243,0.00444712124394943,0.000984487641943222,0.0009471894995227734,0.002104901198532838,0.5270651679192929
-0.10082605071048788,0.1342349813117894,0.061316586866937514,0.23558133654730326,0.0055754673687042474,0.001852714462583547,0.001954193205676738,0.013579584509781552,-0.37041631481082377
0.11037202338399262,0.24673961980013898,0.02444127461124809,0.23531042021547457,0.0020232228461668014,0.0011090394687665668,0.0009334239309877675,0.0011975252138766261,-2.9019654485711555
0.18708979131392145,-0.0642717737372522,0.019169320519067095,0.2355563802492257,0.004908531088805794,0.002519720111934253,0.0009149813099406821,0.004485583306887262,0.48297679743397987
-0.01640252965937199,-0.30422618895656606,0.0334871424199222,0.23524790958674427,0.0023922120079671347,0.001577129233240364,0.0010509576778999614,0.0013874225871121954,-2.646557420127083
-0.7106180073102701,-0.06962743467027149,-0.6420256011441546,0.23525142609635089,0.00586617676052215,0.0006088592876809762,0.002831611487098024,0.0156900563883279,-0.8023229720754309
-0.13219830325118304,0.11686316829973249,0.02511905365229797,0.23557236372843135,0.006632807513097724,0.0003751453882642555,0.0031632781589477806,0.020888767707229694,0.11764424955956329
-0.0011899241055771024,0.20750328242831306,0.028712509421594156,0.23561006833988635,0.006858864180403354,0.0005814759502089753,0.006430912394557283,0.04745168503152603,-0.5754755735300788
-0.7569034075900534,-0.1866513142602599,-0.7365566974775655,0.5000713501883974,0.007407826826710043,0.004171078603638101,0.013129259508836973,0.019783427130483915,-0.09680149870234109
0.3755762264927977,-0.9521832101263916,0.1510060164477756,0.23541205649960534,0.0007620189674865549,0.0027501871198815637,0.0010456335888461691,0.0014534463693485066,-2.93032268105719
0.28433332934109296,-1.1995026838751235,-0.0458659889250144,0.2354238362591531,0.0034773359471363496,0.0015123391713646524,0.0007598713492982714,0.001403333886258572,-2.7034351949563025
11.01924522987879,-0.40641838928743607,10.9600017690285,0.2352837873723634,0.0018703470784941737,0.0005329928523014885,0.0010345681366112274,0.0012176525801484014,-2.9567014251572803
-7.737650817110909,0.399549444769894,-7.592982656388831,0.23547028017511912,0.0052808921279773515,0.0010895461775775608,0.0019593593887841333,0.011862464780216011,-0.36896019681755415
-0.30098109630566217,1.1712168491073944,0.0025450633759387395,0.23534779510614914,0.0007652809315037766,0.0024924830557641045,0.0009707617402676236,0.001246313722075398,-2.752446284005294
-0.14671099577627694,1.6316593652888085,0.3311108985104432,0.2354685602410628,0.0021047349701239304,0.0025558556348706236,0.000919974175075032,0.0015531420255563417,-2.5876331828576493
-4.9090582978047275,0.6018986640128093,-4.7200148206888395,0.2355107932560932,0.004955701791436813,0.0007066990951009543,0.0010788011264765544,0.006721478010724349,-1.0206865098344042
0.061928029872253876,0.34395857903591504,0.1675611712952008,0.23560587667489974,0.0066331415276038195,0.0005529111705057107,0.003241265273631464,0.045480607600596,-0.1443952778575184
-0.07328941672956636,0.36553961930806783,-0.018904609902868255,0.23554894298085785,0.00616297098221779,0.0006785450002299417,0.0011138998808845452,0.007910482293067917,-0.211192280205668
0.09846346558548795,0.1995198965721507,-0.039288482701498435,0.23546617775188722,0.0049356567654807665,0.0014990772119786908,0.0007137605825427358,0.0025568273055198974,0.6422827087334827
0.062167623045705056,-0.006013214294576383,-0.04161675604282531,0.23522473434318472,0.0018328604044525478,0.001541310163334778,0.001302769591566034,0.0015574761436833412,-1.2999022672742602
0.13044419435968577,-0.2374655712572576,-0.00892722390929698,0.2353652361635245,0.003078940081404101,0.00144827746750319,0.0007140228033280335,0.0010371813154946645,-2.6494074592418526
-0.11201403888247426,-0.1701590091480967,0.01849010993181939,0.2356389797340949,0.004766644675588432,0.002563756427111758,0.0012699534514822371,0.009055763130601266,0.4101149072533867
0.09439740643932258,0.18367292582364825,0.28233925768263995,0.23547930517544158,0.005964078531812932,0.0003343289205307014,0.0017380084729530288,0.007519377094686682,1.6570948832459154
0.11238530699511161,0.21436457417006233,0.034481498987983965,0.23556803411557722,0.006252666209518381,0.0003670855665688482,0.0014723581429283783,0.011184925318567811,-0.6931459122874251
0.17249811931119738,-0.12780122536733599,-0.034010995407403745,0.23542224443841245,0.004076010049209842,0.0004278127605536536,0.0008350086113700843,0.00155130865031868,0.4004088386444612
0.016980529582298388,-0.22768871763238774,0.04742434187970157,0.23547838921473693,0.0032260815366022336,0.0014877748327858705,0.0011397421593062741,0.0017920271938024423,1.0513655433238749
-0.1485249449596914,0.05787375659694811,0.06810839885153466,0.23552696273840174,0.005658875784802568,0.001814591020703973,0.00440604581658562,0.022549044200133185,1.391898375088933
-0.03835078349443366,0.26249738156458735,-0.008305594510831906,0.23551639392761267,0.003979240189510059,0.0008649700818646834,0.0005835154768374591,0.0008941966841456028,0.30392082589179936
0.18119431905765968,0.008247241588836442,-0.017070523434987602,0.23543540071020944,0.003757636924330486,0.00033835391634417513,0.0008326943924321313,0.001474151071203953,-0.8963539562832137
0.09547556874852518,-0.2713680502952609,0.01097238862714113,0.23537244616226768,0.0033534674040107864,0.0010008334770928611,0.000895846601834181,0.0013421276307805968,-2.68906072345807
-0.1402516018742031,-0.07834092701917453,0.037315801621140184,0.23537085807833236,0.002581336695256263,0.0004240684324202299,0.0011902375142915336,0.0015801521040189404,0.7727640979059757
-6.164780893757983,-0.006099381585258102,-6.188635306576306,0.014824904982387725,0.000642298136543337,0.0005629384287138535,0.018898113883427985,0.02059724306545392,-1.8152818190872944
0.1046384515162217,0.15507829434322865,-0.015147397795545595,0.23551055000267385,0.003596857981045261,0.0008417563614530778,0.0010194115821788618,0.0017081363311319243,2.315441256965237
-0.35971805881379276,-0.01307765701357507,-0.4735215580726886,0.23534120149701213,0.004630050340410963,0.0009239878079972313,0.0011088965475943443,0.003604695547206324,0.34637070965107947
