2.7254470275666414,-0.26184057231946645,2.9307513879676064,0.23541106952335275,0.004096445904200191,0.0007963482560421709,0.0006975726932901213,0.0012270219066064015,-1.9576470451108665
-0.5665803623589095,-0.8066723102355063,0.09974000052804524,0.23551463483610138,0.005662732983196326,0.0014881886432078113,0.0008347302875156123,0.0047925335959089765,0.6870063717032033
-0.07074535767994536,-0.6071165465202237,0.5164375471314783,0.23535355591732002,0.002898933574278462,0.0018712597280917285,0.0008412821921464746,0.0013612156885603776,-2.7259099225851235
0.8418437668412984,0.04188676324469519,0.8466879649808099,0.5001542473571883,0.0020495194146032724,0.0009391874192871347,0.016954384280231074,0.01270008449720121,-0.7602556909146795
0.050672241962471165,0.16873386701528445,-0.023566484722077088,0.23546569919806604,0.005035957340327637,0.0022282762569335417,0.0031448746631075903,0.029356796866372433,0.1004079162796738
0.12031891385248825,-0.013199927712727976,-0.049481392185247317,0.23547835026143127,0.006024335326641518,0.0008003508707366112,0.001672157809958012,0.014493453307119226,0.19927644330664152
0.16172281649265266,-0.11791199468379644,0.15703456911347105,0.23524756042528167,0.004433991781290143,0.0018372426608311014,0.010212237078916777,0.04521898721023282,-0.5662623656014251
-0.02987333794947323,-0.30153631632134736,0.04501752878607191,0.23547486420425492,0.006069055515731604,0.0010696946637246659,0.003964452116337906,0.02518023332051799,-1.485939328720563
-0.10374693500430066,0.05957511864026611,0.05475005876953914,0.23537658737625297,0.003783710669550192,0.00324937088708867,0.0024869517604850285,0.019724537524885427,-0.1420358027621612
0.046138865783770654,0.2986815931158885,0.039444172577311865,0.2355160490741507,0.0058992455145651344,0.0009518128028529379,0.003110710607278317,0.044529669406384975,0.2532460671803031
0.17837336671024118,0.018883243317075582,-0.00281414938021345,0.23543049156278234,0.004555249506995103,0.001324951065632363,0.0011680304162793565,0.002337003810822574,1.32979019774772
0.07348398297183151,-0.2907785782125027,0.021620985421364154,0.23555968340774253,0.006291393686019443,0.0007242432621262731,0.00177486746902585,0.015381250032647908,-0.009699662124140248
-0.09759561408396425,-0.06774486371704254,0.06903280329793587,0.23511940199541434,0.002483982473137253,0.0002859541227290846,0.0009307458895751209,0.0011320137452270557,-2.159188743023796
-0.02123444032373555,0.2676434112281047,0.07030265328756044,0.23554873705575796,0.006096610531218215,0.0005319731717109431,0.004553438778854897,0.02022983476272496,-1.216105254436067
0.14274902147925092,0.1646232874890223,0.003971869206284802,0.23547147213059286,0.005940105677843161,0.0014459447085992596,0.0017706636483773434,0.005929192519448063,2.1129033707861185
0.1413248316874802,-0.21281601734062822,0.009984743822628052,0.2355696281193275,0.0060139582353304875,0.0011869603626564727,0.004377068717638534,0.04403289346093267,-0.5367541393837905
-0.04574895012085635,-0.21524091619627858,0.0734443344293818,0.2353112218415441,0.0030284789519039283,0.0011808413795993595,0.0009589838824399361,0.0014848782988016438,-2.4724975039537975
-0.10515519913015836,0.13567480565869616,0.06130257482140377,0.23559174675312006,0.005760875082606824,0.0016260953738397768,0.0037571800189426566,0.034173836195868314,-0.6661559810652483
0.09794450721041219,0.2498148689435106,0.024551754268334502,0.23541343753317534,0.00515104817796967,0.0007775726171780992,0.001160856940024362,0.003732639401573922,2.115032363187315
0.1904146109662532,-0.060123260799523716,0.0191518246761028,0.23561824348448554,0.005757271934288649,0.002277346129999626,0.0011962888093724443,0.005830626597509693,-0.7115653603603678
0.0027635086375500714,-0.3135996606168201,0.03370887442165139,0.23537351241393506,0.004255915581621141,0.0010353393397553635,0.0009170279864816684,0.001575616261281958,-1.7333876999206839
-0.7072176402990152,-0.05873885111637758,-0.6420191509703395,0.23516744162431075,0.004420104874594542,0.001287466939504661,0.002115662783267545,0.00955763867211764,0.8229782522289925
-0.12728060415175899,0.11914775762502187,0.025125476008358797,0.2355231973809504,0.006269284435219631,0.000743551770578164,0.004278188136493589,0.0358295934719434,-0.3510031310774755
0.005694247158169753,0.20410481215889667,0.02871112702485195,0.23552722867549847,0.0032541971540425247,0.002965350908273071,0.0010907288320703493,0.0017827480208416025,0.49408850392494164
-0.7514548323073887,-0.11763243997429419,-0.7365508777823611,0.5000256968867528,0.0018103228489289864,0.0008918661677666445,0.01462022100538835,0.025555920614771875,-0.45449775192251307
0.47377374361507746,-0.9881901343785934,0.15119469821943318,0.23558417252850578,0.005895035819503775,0.0014631382916136884,0.0014688300458427363,0.009574766393817588,1.6858096810535304
0.2647186633695261,-1.1885471927576368,-0.0461601046007914,0.2354052115854371,0.003800283695842143,0.0014308514566873658,0.0007932605006640148,0.0016454289445940668,-0.816284010909153
11.06132024484176,-0.40208803249768804,10.959921708114287,0.23549153384708083,0.004313233460593087,0.0009467011228892707,0.0009035359203101063,0.001795622768068668,-0.10705668412422045
-7.739302643146388,0.39986323233343907,-7.5930190572117295,0.23547038306778795,0.004013222357285211,0.001435211233270716,0.0006957276905814569,0.0013871996574686795,0.27689572957512854
-0.3064484121847768,1.1524480100375274,0.0033469965727239053,0.2353732352915625,0.002968382140906154,0.0012359054161636036,0.0008926246246103515,0.0013940797152458214,-2.6044594872044997
-0.18632674649454628,1.677187313998433,0.3295293461928419,0.2354941354958745,0.002897294278603005,0.001668988667335747,0.000804083877668284,0.0012236124128554493,-2.887383595583626
-4.89629777779107,0.5689488661365776,-4.719122074996694,0.23552606093578324,0.005289745278915012,0.0014456273912711263,0.0025032173527904005,0.02116457628755939,-0.30750196345663944
0.06867376689984123,0.34405768774936696,0.16756171553179516,0.23556600951637396,0.0065930754797765305,0.00046633605262703286,0.003109126751468132,0.03187960260845468,-0.6322473575357374
-0.03252520211203269,0.36665432104524437,-0.018805116111184537,0.2353240258303061,0.0017942056738458067,0.0009775257456424533,0.0010168201851940924,0.0011895806391901546,-2.875200945755345
0.09324535551536538,0.21071784068670701,-0.039274162626389386,0.23555579487857206,0.006121225691164349,0.0011348252875273124,0.003573219450843234,0.02968237822916762,-0.7274682483159377
0.06370223513473389,-0.006221802582596838,-0.04167284200266099,0.23526742536025014,0.006646113951132485,0.0007577662388240679,0.0028832505575688344,0.01994698742211759,0.8862489681338579
0.11442383441639717,-0.24281655777999048,-0.008995035382802476,0.23525353946495364,0.0027870306185068176,0.0013006421919418728,0.0008077833939616173,0.0011168442688415828,-2.7554431300892204
-0.12171385584206955,-0.17049051445097713,0.018502827481322887,0.23554470972020505,0.006547005061526007,0.0009479153088083986,0.0019384370120701679,0.01675643621905849,-1.0520102909666977
0.10417564871614304,0.1900804243406814,0.28233312382863807,0.2353912546456013,0.003741366353471571,0.00037837454718480024,0.0008664845581884615,0.0014724885761641367,0.3397607273734919
0.12773698279301868,0.205946165489419,0.034534772892745064,0.23541141722370518,0.004276032612861672,0.0005258229720921053,0.0008719161227225992,0.0016186246673121696,-1.0405176729863026
0.18436766254553177,-0.1276052067566983,-0.034051635018583576,0.23547356154747992,0.0058898609011473445,0.00040867044571214615,0.0028924720838675888,0.03810228754413175,-0.163556863659999
0.015691961026791088,-0.22569775422579677,0.047406355062123914,0.23546626296792664,0.0026496718519857113,0.001372535687126324,0.001179212035307032,0.001648022356199532,0.5313878590685114
-0.1569331644274203,0.05965694492046075,0.06806051587476317,0.23552020669740828,0.006486852922375699,0.0011379411363415823,0.0034113310866648173,0.01522051562056849,0.9104030394406698
-0.04706189108495833,0.26510546127956436,-0.008285174047705075,0.23558007845566248,0.006035778549053887,0.0008319301749927251,0.002405158405075817,0.017683336453987848,1.1143888485700126
0.17440542094273698,-0.005463410416884434,-0.01709184594237044,0.23531607221516165,0.0009172934287228399,0.001371875155887591,0.0010656291192178075,0.001261666261636037,-2.7308150325016882
0.09940928937193377,-0.26885684857876146,0.010925481351995699,0.2354094701722059,0.0039953411738420175,0.000718735566448867,0.0008628877530535053,0.0014292083612211146,-1.8577826168370395
-0.13784867911541532,-0.08565704492383029,0.03734490905889096,0.23543925216794087,0.0023607792880920514,0.00024218387869893323,0.0011972627622559668,0.0015167320757226426,-0.0045297568150503
-6.152674720498012,-0.011099490754464439,-6.188559579104043,0.01479580724203361,0.0006365523367342408,0.0009341651037121574,0.00607733341180955,0.008518857799103144,1.7294514011991566
0.10997321153223874,0.1548744675146642,-0.015128438711537824,0.23546624894888812,0.0028149498758213423,0.001159527294782221,0.00103101081455831,0.0015219206801501811,0.17323714308909258
-0.35781403646663684,-0.019077438520496457,-0.4734991715680654,0.2352472634540779,0.00613318581363675,0.0010163146622360405,0.005046921994158557,0.023409466722660373,-0.3136229271937303
