0.006365968783293725,0.007123573568569765,0.0012992953414833204,1.2712772304024932e-05,0.00019695193828608154,0.00036142036091420975,0.00011160090738475956,0.0002590903613736429,1.2184214774158721
0.015498005164354178,0.020089264740309108,0.0034132756281535013,2.5997767697535935e-05,0.00025417959151153967,0.0004221934869622476,0.0017552314671185258,0.01281764372237195,1.4079705742709618
0.020257463937239078,0.028187890036427653,0.0031341862577101017,2.7175667512650263e-05,0.0006750106257415006,0.0004895979042989696,0.0004221241283591949,0.002871949511127344,0.9531001485655178
0.06490905060298356,0.10701397703103964,0.004267546719433711,4.892759401557522e-05,0.0006539435722964104,0.00042604010138537176,0.01716681643160294,0.0004588347803540757,0.34823714364064906
0.006252443023488855,0.01197648948438062,0.0013926957242233282,6.052174607805177e-05,0.0003152223512870065,0.00039868927483187257,0.0026728777913748096,0.008213318792447253,2.422987708710515
0.00655459902250903,0.006371008826018529,0.0010795604999571306,7.032743556533759e-05,0.000552626595323641,0.0006643845418931997,0.0031666421230439816,0.003121982066750098,0.5111896718893778
0.007379295365994218,0.007968992004689028,0.0015549007985529793,7.552571985477444e-05,0.0005218224159918184,0.0008243331073243484,0.0030902603493243525,0.005498404002237984,1.9363855697522594
0.009104041482162123,0.016524242963901148,0.0017265060665473645,4.289498939145122e-05,0.00035583902273269045,0.00039331306511883004,0.0010068149710354367,0.002535068450768965,0.5000083607102639
0.011778623845538712,0.005713656582947372,0.0013453156265121908,6.0317009959368615e-05,0.00039620980801903505,0.00029678737075992674,0.000610814453039596,0.00308991293705269,1.2387629060038357
0.004870967639488135,0.009271337428180728,0.001050372128361465,2.2780346798789842e-05,0.00022627459577790202,0.00034616672669316904,0.0004241362542445277,0.0016587452155282312,0.8041062435123149
0.006559206485955952,0.004069388670962349,0.0008609504678709432,2.4710035368931002e-05,0.0003424274456799488,0.00019806902871362435,0.000138295245168066,0.00026702493622803757,2.844520083017389
0.0058642084728973256,0.008388214574762553,0.0011335098584604312,3.1245133912762e-05,0.0005608884087870005,0.0003071703285019919,0.0001268400902663159,0.00030056274918658466,2.54960281908287
0.006295981089337812,0.006026153257895438,0.0011007233980780415,5.391792381241206e-05,0.0006033879360318256,0.00023384372983115622,0.0001882953959784025,0.0005216603468880929,1.785911890394115
0.00561598477785158,0.008265457593617994,0.0012218043636134557,2.1397560376115718e-05,0.00023474111391018498,0.00042137704928245096,0.001272395862623844,0.0011926963659014626,0.27185301160779307
0.006538037614696682,0.0075932146587948035,0.001122290741400772,2.329914807060562e-05,0.00048255777345763203,0.0003525973374093713,0.0006298009565657215,0.0020856943872616038,1.199191161317868
0.009353099821537652,0.007462529704029211,0.001137441319629857,6.513437510940985e-05,0.00027882818823657645,0.0003336927120645588,0.0001741344465941773,0.000430251074502938,2.232068907407293
0.005305323155251732,0.00759340051496889,0.0010628455619955887,1.2689438597879007e-05,0.000388736470411522,0.0006541746463370521,0.00013391910158093187,0.00029884792691615937,0.19675570056825137
0.006303039963088573,0.005031041897280839,0.0009119042314292011,2.644626618544216e-05,0.0003669966830630291,0.0004134116081462473,0.001883190651540946,0.005948258658888351,1.754483413189718
0.0041577673834732355,0.0069455028566671965,0.0009550198396947448,1.5891139655577685e-05,0.0002653080520816098,0.0003769666094732509,0.0002872159845394258,0.001655326531036175,0.2994867053668163
0.005763382983771087,0.004178376223058227,0.000883435416542307,3.126577566442974e-05,0.0004899039034171566,0.0004146286062391399,0.0007266399978996864,0.004062500234225238,1.9351008798193028
0.0071711760680319165,0.00853542399579765,0.0014787266329034502,3.178656012857335e-05,0.0002695232741959619,0.0005336715571973809,0.0021801264143380423,0.009034861201101745,1.4270339399441376
0.00633295218452203,0.00534898556685744,0.001276242697646584,4.12539143180616e-05,0.0004084559520428876,0.0004825686352095073,0.0037364590836033115,0.009654841981212515,1.9238387896001223
0.007138094388228229,0.006563012346669193,0.0010478221599657057,5.4749116968686324e-05,0.000249191465038789,0.00025787169709015287,0.00011833555935294136,0.0002444818065894673,0.38282954882153747
0.008507129420414573,0.011722237947145818,0.0014322900512105199,6.572598150958919e-05,0.0005308451530564012,0.0005378134578179652,0.005196846757195727,0.006915513653424053,1.3637206975967733
0.0228103209795702,0.0673280027135839,0.00364819704033578,3.2201278542340105e-05,0.00035180113010369946,0.0010549120503363107,0.005249863057071683,0.0088053960634481,1.5971031940070286
0.023301051360539487,0.01907532662192377,0.003245432201278615,3.611376756371215e-05,0.0004442691048040657,0.00014988709770818217,0.00010390454310769544,0.0001714655495887357,2.707531869484014
0.012492261211430992,0.013683951305993666,0.0039643305015536435,8.726545533195902e-06,0.00017382899670908625,0.0002962058522236976,5.7123045036730444e-05,0.0001000317695048733,0.050605372500046986
0.0058567131931292924,0.010391754596357496,0.0013387614947769617,1.4886786808289006e-05,0.00027266374562277134,0.0003758510956386154,9.851651706970788e-05,0.0002824783467135481,3.0388312852992114
0.02171165571603176,0.01879238462511633,0.002097825570310459,5.632563714560687e-05,0.0004013033622909321,0.0002528991194923907,0.00019619289076454267,0.00036492670378241723,1.4873753566541572
0.014364707324592513,0.01654573924718764,0.0038736912799697343,2.297242721903656e-05,0.0003782448618802949,0.00030048353583175705,8.865841012544358e-05,0.0003699323971017728,3.0045376924021063
0.0297613100705402,0.035538863185853885,0.004681000351229342,2.2209935667209304e-05,0.0003613963135511259,0.0004891257396600333,0.0003120857751952499,0.0011409039426662087,0.30202751013455925
0.02167684305481989,0.025390855440088324,0.004287250312441357,4.71993449431633e-05,0.00042021420127483,0.00041307943161047003,0.0026985594738035868,0.0020897969080535023,0.6228380109080742
0.008729777364432988,0.00874511438795434,0.001674808935066796,3.156620298584157e-05,0.0003779991525231855,0.00045999002971101264,0.0023967721380952385,0.012101025511541842,1.5410954197225393
0.005984224255614959,0.009548597025909282,0.00138227750165895,2.225577097650942e-05,0.0001795734080672702,0.00026511523145555287,0.0022300343004777357,0.005139335453153296,1.7525659245644856
0.007292551828405596,0.009161757993190054,0.0013549939389706875,2.4922426298499877e-05,0.0001803486383348064,0.00022410279572618056,0.00014490471425764734,0.000253090545060678,1.0910809620387987
0.008034202643145886,0.005009853777150259,0.0012127348890342878,6.500013173961215e-05,0.0005561575321947687,0.0003618962105923801,0.0005207830598331752,0.0017725758197007523,1.9192993707441444
0.005227148039962047,0.005910395046745709,0.0009770135331725951,2.1265911256259822e-05,0.00016377474021807793,0.00022341403676996542,0.002696448677027206,0.010460868525518885,1.2449077932376118
0.00872044501977583,0.010181664536634572,0.0012915111485252238,8.046814637045104e-05,0.0004535270059555289,0.00030566557502385215,0.00014795239338776496,0.00018986837742012198,2.450689565983472
0.007024794442762813,0.007231309781768057,0.0010792336113939701,1.2951336535256514e-05,0.00021927389806738752,0.00017637935980387512,0.00010175894527319218,0.00019228499223415528,2.1806172086255433
0.0036411958677772566,0.006184532452769755,0.0009664100973973793,1.0583044027965181e-05,0.00023877255260661135,0.00030851964693055003,0.00010189575927558648,0.00017391785422254016,1.541346107137099
0.007342011239233706,0.004826402484796228,0.0010462860811332635,3.400922672573734e-05,0.00013890121822653754,0.00030073610450517466,0.00010411317027557859,0.00019196439609512044,0.3765183160331054
0.0050461378866368594,0.006950605953419861,0.001177618597844757,2.7144261655158443e-05,0.0003157096283423348,0.00021185070853102752,0.0001124519350458173,0.00019185678879205502,1.6756818468080814
0.008032191438950821,0.005452788247087918,0.0011514217262449452,2.537181578317458e-05,0.0004153538932292197,0.00043889514367175284,0.00013272012489863632,0.0003278978026473087,3.0338132419869694
0.006757621090177238,0.005946391747787939,0.0011210773254585005,4.521790809816467e-05,0.00023871626866142588,0.00021137423712182986,0.0013636433084249038,0.0075532386204732556,2.034736835970342
0.007071943318602074,0.00664374572404841,0.0009994034336824865,5.303787290929724e-05,0.0002794486192691643,0.00022074951071362318,0.0001122712461288619,0.00017101827375442838,2.862523747797139
0.008214035329259883,0.0070281986714946275,0.0011010506429749785,3.788973597622189e-05,0.00027768775060539456,0.0002077953380224477,8.62407954924128e-05,0.0001362634130022818,0.19624943448983434
0.006584206015301273,0.005171558494296249,0.0009783081458138337,3.7559648898334226e-05,0.00047323287760428446,0.00026282286935150383,9.498337414188918e-05,0.0001231754500605162,2.9990813008293586
0.010255712446588279,0.004420179659732296,0.0044400138142920995,6.382490762029807e-05,0.00026894055961295386,0.00040642595164098555,0.0012721537150666643,0.0002174793573723139,0.2276422395674937
0.00532030566035626,0.007082219329615244,0.0010644852665525493,2.818563050763386e-05,0.00027175759400849015,0.00045651046545125727,0.0010530777037651088,0.0034145128281454617,1.0404801153917762
0.008242503275901491,0.006701662664263273,0.0012901662001565724,0.00010208932052487298,0.0006177578340147267,0.0007720575364294446,0.0016600996476717467,0.0032747066786628725,1.892639711482252
