0.008137899948589353,0.00944509709402143,0.001338235388133312,2.7277460901632655e-05,0.0004111040575704879,0.0001847811315090767,9.848238706173559e-05,0.00019489481980076114,0.3784176973891375
0.023558462542505893,0.026139029305451082,0.0035077349352856373,2.09458415503884e-05,0.0002742084730846574,0.00013559488705587255,0.00014077164055278116,0.00028998376913462394,1.0700117330191945
0.013240885140242275,0.02002799057551765,0.0032908224194117034,2.3401325619047193e-05,0.0007855892326073616,0.00026663185721746956,0.00029204611728773374,0.00400334554217862,2.7299846589597894
0.01158299201863251,0.04655900223806843,0.003952111765039008,3.351601730329677e-05,0.001431585383839165,0.0011415920322369994,0.005208207153295625,0.007407762549549525,1.7354677910310994
0.0077192566439745975,0.012342027756974804,0.0013915924387327993,7.924852480591846e-05,0.000361244636011513,0.00044557417311047573,0.0035086912073750364,0.0052253209352199174,2.533054509840351
0.0066197904125772505,0.0060113831658591315,0.001086019474361918,5.7125695551499175e-05,0.00026273960460802164,0.00022886653551013205,0.001574018055967983,0.004830526744699211,2.0786887699757965
0.005518530042148454,0.011388060813302422,0.0015394558438532537,3.40767964929615e-05,0.000727593381837859,0.00043249423465244614,0.003936278196135445,0.006132449172445517,0.6859280261854583
0.010732514047002165,0.014803827652344089,0.0017282577964612008,5.229973396987997e-05,0.00035318905485064584,0.00036190597006685647,0.0010745716228721905,0.003723602898178486,1.6705342972381356
0.012165936491612775,0.005330252893322821,0.0013346519315704638,5.438334803489596e-05,0.0010491396618527813,0.0006988232545079315,0.0028372209315964936,0.0054659677109467845,1.5790292507381016
0.006415558512958338,0.008822452659297474,0.0010741511277086609,3.969284388169458e-05,0.00033238635471151114,0.0001840369048617757,0.00010327398151991123,0.00022200339458258836,2.9113186114705116
0.006777861968464125,0.005197433941500676,0.0008481428247823353,5.03152293645374e-05,0.0005994367762145932,0.0002870650612197788,0.00029671825389257847,0.0020010025682906676,2.2655660013459054
0.005733008587927055,0.007372154151226707,0.0010877069256669588,3.184090415903027e-05,0.00045298479076488323,0.00031978606458933677,0.00011409836089594456,0.00025931589674348056,0.2976668380627993
0.007593026261607753,0.007191261269098166,0.001070827559893339,2.972888198040034e-05,0.0003359473953811752,0.000485470447850309,0.0016949243204563743,0.0038240101357367782,0.4116640705858668
0.005956655968788354,0.00782269220566634,0.0012391792813811774,2.016079966757822e-05,0.00018198108200941288,0.0002715038909196518,0.001731438287467624,0.0035528504160893966,0.6133131515126111
0.007081792896563847,0.007487910872311735,0.0010870320412767315,4.7880648743397275e-05,0.00034887286423899186,0.0003814878834003036,0.0005026362462357208,0.001839111056197156,0.3589700787447585
0.0063765058900554115,0.006589015660901542,0.0010784113212121001,3.141084696717923e-05,0.00026846599982916235,0.00042148518247043355,0.0007195240767245261,0.0031613106295347135,1.6880921366633084
0.007374844965716347,0.007667050283977354,0.0011149411840359893,5.7227592268277234e-05,0.000451671259774751,0.00030731109164784903,0.00011847690954802993,0.00029947112176477675,2.8920210994370255
0.005639032220756721,0.005351375249790151,0.0009094446909015452,2.8982339453859903e-05,0.0002934672086574174,0.0004837067337329311,0.0006934781244707629,0.003997836278930469,1.0605031650012797
0.006071735427736704,0.006855616014626123,0.0010006752740358128,3.7022298041804736e-05,0.0002274499136386481,0.00014937442451423228,7.922537705515911e-05,0.00012023147744391853,0.26522139678804574
0.006725578805055492,0.00588183037732427,0.0008913444276036932,6.586816390300301e-05,0.0003044649198380542,0.0004186502044223154,0.0003450304893337983,0.0017853967981885188,0.5180582619072994
0.007525914402765965,0.011070798041865159,0.0014813785034323158,2.8721116987295788e-05,0.000308371174374013,0.00033598340310304583,0.0030563064621092284,0.00784010193245657,1.736884317265899
0.007392841944879217,0.006330182495087301,0.0012939125162343137,4.75110313401624e-05,0.0007061758909621936,0.0005109404841055252,0.0038578675078833513,0.006555786729628024,1.53745799700143
0.008771312232164229,0.006111045676859343,0.0010407789394728654,5.812139885992291e-05,0.00032959617449764716,0.00042833924861903304,0.00016867368265464987,0.0004051773662079364,1.579762187172911
0.007158847100158985,0.010008245128082882,0.001400576923826623,4.429092893516605e-05,0.0004766535181261579,0.0002932425675961572,0.0015755993398251817,0.006745372142174946,1.9892042202324034
0.01112524143696763,0.032566303540043716,0.003740716485929519,6.518176954173695e-05,0.00048739659674973445,0.0006810463487637572,0.0040764169804477154,0.0030659994109174804,1.4506215201068327
0.024185264426711737,0.02240334680517277,0.0033582731396053236,3.5964390596520504e-05,0.00035182686112898254,0.0003913524936443612,0.00011129874031763692,0.00026960489187125946,2.752848446084655
0.021503242710230262,0.023647151029351714,0.0035505367721613184,2.6700171249577224e-05,0.0008669472446027418,0.00027131988452006007,0.00014496115231903028,0.0007242192149221789,2.624729958740045
0.007078099044196913,0.009600092238155939,0.0013354999930142906,2.0818498455983323e-05,0.0002464510083695741,0.00028591685168246966,0.0003048290358921318,0.001180020724520191,0.2969857837809876
0.01103818495345696,0.011988899125800137,0.0019785988447584488,2.9136865899885126e-05,0.00036429656248559235,0.00046804730772126473,0.001657012672103903,0.006599684438969521,1.486261207290287
0.011940432028960985,0.024116963144613052,0.0037545891161849688,1.787332507286873e-05,0.00018871056473167305,0.000618905674647392,6.919658686813253e-05,0.00014702522592419746,0.23927018025637817
0.020752335205897355,0.02310764204004624,0.004864597064778873,1.4422180140547492e-05,0.0003121282177941624,0.00020244996619017783,5.64537655623801e-05,0.00016644407257699213,0.5367036815952767
0.021679034968858514,0.027201915779881878,0.004131658256955072,2.893908557584018e-05,0.00048206665623864314,0.00041344321970436835,0.00022615708007255356,0.0004573997521638148,1.9134095718413986
0.007556298040759964,0.011897659248521833,0.00166657021965188,2.5425562531426664e-05,0.00026791930375443554,0.0003103688080663637,0.0005348461313542432,0.0035149962738644097,1.2187280075981002
0.008442704728272413,0.010385209507673134,0.0013772271876435888,3.136074997729434e-05,0.00032230774790966495,0.0003636709914015379,9.476574728660103e-05,0.00019982778396156255,2.261484656223847
0.006793952049799194,0.010330203281872171,0.001398153838983493,3.651414106431273e-05,0.00024299780415315631,0.000271561297958995,0.00015023058164828808,0.0002745765645694392,2.5060848299137333
0.007612603177340196,0.00616835902656517,0.001213032124044514,8.536132720722869e-05,0.00047456342594757555,0.00041798759651848774,0.005303966937441521,0.004247037983964366,1.4988269133724483
0.006015293390513125,0.005599126894760551,0.0009627174925473612,3.122316296371041e-05,0.00037186717420644854,0.0002583232986319213,0.0001582625482831455,0.0004072657240707086,1.4986336603140413
0.007653660287994669,0.011396607495976565,0.0012744035975451853,8.221283161458697e-05,0.00036831172858108925,0.0003367477877254137,0.0026583884275409695,0.0038613468974433504,2.151085608269007
0.008462290782237522,0.005444689683217387,0.001010749013698176,3.543663044041264e-05,0.00020840942857790792,0.00032832538374500444,9.528705876301688e-05,0.00014666781854080955,2.8272512525782187
0.0049891444820415794,0.0054915739220006456,0.0009815741911387717,2.0422057883146645e-05,0.0004433140272576439,0.0003588214893338915,9.984532821675426e-05,0.00019326951943347855,1.4545215121467945
0.00814566590418846,0.004990201644782525,0.0010282045701155062,1.975589618061482e-05,0.00015436463348789407,0.0005378797188181456,9.746916528338309e-05,0.0002424710472450214,1.1946742226555715
0.006516525293770277,0.008627663432029026,0.0011814916445984317,4.4276436479308156e-05,0.00043684140456013717,0.0002161892718593686,0.0002884124381072211,0.0007869222589829025,0.2650822271902829
0.013726622189996832,0.00514944510373965,0.0011647712723717519,4.900070617656862e-05,0.0006141332513292622,0.0005744120104364268,0.0012228474427166255,0.006438142638545712,1.5454028925659964
0.0052983618936577465,0.007171475619600372,0.0011246406822657971,3.327653727258876e-05,0.0003986003536398319,0.000527599308860121,0.0008968597167181649,0.003628057925755372,1.2356997243232626
0.007444390169530218,0.00578033513549379,0.0010026933377929098,4.17998679156373e-05,0.00026712949512249965,0.00020252828740247402,0.0001411417213236033,0.0002739840529384119,2.970551790742288
0.005943333802756998,0.0061210899771079194,0.0009959561123573932,2.9398795386673736e-05,0.0001329224233061685,0.00016981262605643999,9.480002022274825e-05,0.00018298939496066651,1.3827249546202076
0.006513011402624985,0.007039879847750152,0.0010111449740955825,4.551972724994578e-05,0.00030085148142169904,0.00015895405383629994,9.401984671067317e-05,0.00013105627559769495,2.8245955785781653
0.011644973439950914,0.003998671188764735,0.004117837484667744,2.9319102016704744e-05,0.000341206945942888,0.0006201940154025604,0.0015985992141599422,0.000221962830128401,0.21247970678415312
0.0062128733419954205,0.006680800286276416,0.0010567146368039653,3.544820620697742e-05,0.0008029353356726129,0.0003377258321271717,0.00013336530454525282,0.0002410296810863261,0.1487809384571237
0.012637440289242607,0.005712308418314811,0.0012775088515090667,6.861247886124094e-05,0.0007509847362692312,0.0002380939283047988,0.00047156214701206254,0.0026872410038094622,2.6884683560631997
