0.007986529654591892,0.010245990566148975,0.0013605990851348428,4.076603232013721e-05,0.00037152451752243954,0.0003011526470459067,0.00015423528436316126,0.0004285947758983585,2.101960026180548
0.026148459752218172,0.0194024108261586,0.003487771322404956,4.751963421852246e-05,0.000604544332157633,0.00045635276064699145,0.00041979179648554357,0.003881060895655264,2.4685682256818042
0.010943170679170748,0.019891271076897355,0.0030400019636358665,3.673130010271606e-05,0.0002989967616280434,0.000185646881461118,0.00011670495786405915,0.0002409942794575485,1.0045669957748085
0.017017298359808346,0.0426953809453644,0.004312905415631902,1.8609755868619453e-05,0.0011388471928318923,0.0007461427507498859,0.008132884668360721,0.006846736097973691,2.5334534108440243
0.006564807082646915,0.013167169876472174,0.0013878723019840737,8.51019101651125e-05,0.0010772189683366086,0.000999772002978334,0.002167643792189998,0.019422895956914855,2.1704739167631555
0.00597425579764497,0.005667690798985432,0.0010801864667684664,5.1332285076869835e-05,0.00035108582946874326,0.0004884184128467585,0.0014503228351823254,0.006069398499193229,1.4396598442357675
0.005374548081354087,0.00992237490181326,0.0015091058301384304,2.9468567838321794e-05,0.0006549240188354376,0.0004309851409153425,0.007261869878435764,0.006936834019975243,1.3682972174675072
0.0078000466251162215,0.010123945122904475,0.0016607187864735088,4.176251842010332e-05,0.00019070393935452742,0.0004253795418343789,0.002596783540686666,0.004515168732200877,1.8786866394896775
0.009475047390387738,0.007564111255034393,0.0013559335877485216,9.20197603276514e-05,0.0006106456755838918,0.00039879335282657524,0.0016100290057364437,0.005353284939792157,1.796565426768146
0.004571897087850512,0.005393536802806596,0.0010786587625653027,1.6003195241031996e-05,0.00018477534845583177,0.0003558930853947137,0.0023650899100459005,0.0038173458160215092,1.5445777877336244
0.007214121850253126,0.0032849670266890704,0.0008478691499948363,1.4523974551425974e-05,0.0003361754718744231,0.0003784057772461103,0.00018330361718244141,0.00038628195565654726,2.652308390229315
0.0048752455379304695,0.007131359437751855,0.0011205124179360442,1.3311162514549097e-05,0.00018233975765023392,0.00031666657562361773,0.001111288467388599,0.003666214536744716,1.5836175102032648
0.007351003969212068,0.006578375082747838,0.0011153653842987975,4.007147858982085e-05,0.00022314353579204303,0.0001663770277819708,0.00014560952348643537,0.00022996419807542326,2.0086163430181294
0.006045436935813272,0.009917244957300559,0.0012333350153246059,1.8118029526607974e-05,0.00024003254585581928,0.0002777782017479636,0.0015961193865315247,0.0024480025401121585,1.3019613239217713
0.006963009646723403,0.008001129250213304,0.0010836559998302752,4.203141947350171e-05,0.00033156756922124046,0.00023273881330496457,0.0005376134259488291,0.0017489469801530346,0.4186178175192747
0.006006959497124566,0.006175700674996087,0.0010795928230939856,2.8755136326941853e-05,0.00034463467410645297,0.0003848864464372555,0.0024223363836202135,0.0040501732814087095,2.357630479126181
0.005411974649441065,0.0070401712645291655,0.0010755919954264584,2.566942243993781e-05,0.00016669335941197624,0.0005284710760199054,0.00010999226159534106,0.00023163565731159732,1.6245437436695207
0.0053503298556956845,0.00452112856944585,0.0009160605717743145,2.1364488765629587e-05,0.0003585432019167391,0.0004956862850186451,0.002153319335729668,0.004842209566724256,1.0733212156966447
0.009090066151358956,0.006548477081684051,0.0009811915901813846,5.914993566343297e-05,0.00039175066898058356,0.0004176327464871439,0.00033528860620982777,0.0015617298347617987,1.425637314653444
0.007987571588209397,0.005183874174898949,0.0008797041380610768,6.473906335703531e-05,0.00029720212837554787,0.0002678099268591243,0.0006472174219395276,0.0017695346252875495,1.2580268692081282
0.009402793954091607,0.013267395906284535,0.001478789943666335,5.0975776642682984e-05,0.000324272492295783,0.000408283135567864,0.0001328726511537946,0.0003109962578796941,2.3359960730397966
0.0055311940103423924,0.005880510866365501,0.0012807298883016833,4.648465067915582e-05,0.0007237630182823828,0.0007216366110033443,0.002221835954509673,0.006617743149660196,1.7970814975980627
0.005762760682954507,0.005092924424851874,0.000996897969801376,4.030909885270898e-05,0.00027480547376207106,0.0004923082176040871,0.0033232432684605255,0.01571230536919654,1.0258952176202432
0.008453226333311826,0.015603030280715934,0.0013569185692823883,5.388745933651222e-05,0.00038920337045526154,0.00033911335995339396,0.00024475338158942337,0.0009216328590815351,0.5578618186106196
0.009299812910764656,0.08211750282417002,0.003814289339832291,3.874251148870049e-05,0.00044494226196900404,0.0004398946411548069,0.005707580431185889,0.007410318499915363,1.8389032519167008
0.017596914319490616,0.022187103709827547,0.0033487659195983698,2.522418802024747e-05,0.0003563702883649412,0.00048039061445716064,0.0006573566005220543,0.004391125746061704,0.41566819125848337
0.0232322989096999,0.02672262101396988,0.0034985454597433498,2.0841060609681078e-05,0.00026868282568384943,0.0002478098538128084,9.353734961267117e-05,0.00030550403715448235,2.888972001180271
0.009588931572306935,0.009498825655687462,0.0013422615702008958,3.4899582787810136e-05,0.0002380633625874815,0.00043176252411402104,0.00012000466126652763,0.0003902906122478234,0.15192139002597266
0.009801081020909978,0.01214099351599803,0.0020151572307651883,2.1009938630461843e-05,0.0002956487455999878,0.00022835747961471236,0.00015663455088267122,0.0004600528780372709,0.3206097232805052
0.0204261231429878,0.016426396103588908,0.0035522119518312375,2.9330830110618145e-05,0.0003345999355755032,0.0003505047019154248,7.896327507513465e-05,0.000155981849587138,1.4981325176323144
0.026354278492844312,0.018756947212512903,0.00486726083301973,1.311098746321296e-05,0.00016737775030172694,0.00023717895183277116,7.338588868987785e-05,0.00016574440640028688,0.09260021145552859
0.019694576321563094,0.02387046553470178,0.0044592068828271676,2.2790393177754376e-05,0.0004202461250199738,0.0005969742302501236,0.0017616740458473463,0.003442742620205935,1.2903546641491266
0.007654924289315219,0.009193867104866617,0.001689060224154234,2.301884430940713e-05,0.0002471392764143262,0.00028868169662079734,0.0022707215672346896,0.012619584975240678,1.6708014688116013
0.00668893422230849,0.015350064096170436,0.001423792521703263,2.7897330415925544e-05,0.00026572246708001673,0.00027079412186365766,9.50206614562316e-05,0.0001486057957726382,0.4003985044688749
0.006834307146416904,0.009903297597151728,0.0013568545411958475,4.445402163736941e-05,0.00023262357375586343,0.00036076312691817286,0.0024161610081601757,0.013212922848227436,1.7242840675557627
0.0063687888147874825,0.005349846130113333,0.0012254672620907515,7.131891009106684e-05,0.00032337140859018174,0.0004506492141262815,0.0022294809531956112,0.00438103004143721,1.3933860353657048
0.007284174233949286,0.006058519631697343,0.001028428883944696,4.11658445969945e-05,0.00019057070798955008,0.0001841077896559486,0.00013269937679841835,0.00026221723868776646,0.2236451945727225
0.007427986880257619,0.01145197011483315,0.0012648815438122381,8.176725141156502e-05,0.00043732371087617166,0.0006040266980674233,0.0012723612105363033,0.006846215678550496,1.8485318961993766
0.006500181598375223,0.004939238401065354,0.0009969526033629247,1.9559910597574534e-05,0.0002088925208416528,0.0002709584009815798,9.808654217185736e-05,0.00017555697735822796,3.0361623587704076
0.006718611999947823,0.008185382265645472,0.0009770614145401925,6.223490726467192e-05,0.00033108375605054305,0.00038170614846838764,0.00011931300383629864,0.00024795018735919585,2.827806826984949
0.0053803003572488505,0.0042960591183365026,0.001069410317637117,1.682127000118934e-05,0.00019762143002121307,0.0002750261604085567,0.0018663599328256082,0.008105613593125439,2.087822947753335
0.005836035289529947,0.00851376166678696,0.0011265173775078078,3.515970824686746e-05,0.0004407997704517623,0.0001879974341677365,0.00011611056843833825,0.0001658989595070634,3.015458279320016
0.009852981329978534,0.0061913904357589235,0.0011907693656688437,3.8954544093834854e-05,0.0003683469763528627,0.000339752773138938,0.0012552912771338837,0.006012521510673554,1.3193309566407811
0.005280457040409299,0.008889750604622049,0.0011250424199513477,1.739697736123688e-05,0.0004951626636811113,0.0006132850318404435,0.0016666899893199854,0.007467308630765186,1.303504173708808
0.008944402391310835,0.004018227743145254,0.001022479692923981,2.4401524839165518e-05,0.00022579522858993449,0.00011433687090403405,0.000101607736275774,0.00016120850280168766,1.0771134631627715
0.005361517632081809,0.006894716810468321,0.0009930200604495348,2.680334567388694e-05,0.00036266787747347854,0.0002711995461902934,9.59533519259967e-05,0.00020285149191056698,2.3540442421861982
0.0058355723394978775,0.004343688580943523,0.0009716947327826633,7.742265780529985e-06,0.00043421655453689407,0.0002086932199615464,8.524214551042202e-05,0.000122743846490551,0.08195597289689141
0.01605111111645127,0.007507306433283575,0.00419418379712559,3.1042776993138936e-05,0.0005103634797304439,0.0005028888488823467,0.0034410271142524523,0.00205967964584127,1.1186073681420574
0.005702863214936555,0.006023937091662929,0.0010216356476631149,3.539373224737753e-05,0.0002607574646383248,0.0001294859150208233,0.00010285361037580205,0.00016487662473141566,3.0527640334327786
0.008182012551201401,0.005430584255165857,0.0012892217798320317,5.488033815970966e-05,0.00038825376738617584,0.0005097200084902339,0.0030931271208020105,0.006380951216599838,1.673022042879842
