2.721634047542239,-0.247855010944307,2.9307179158486907,0.23533977560329267,0.0014793905370806882,0.0015777784941985917,0.0009113806785617635,0.0010823583298139668,-2.7913428876604773
-0.5949163407813736,-0.7631567532173932,0.09981517105193749,0.2354109923757209,0.0041094825810962955,0.0002523850855626232,0.0007467881762655527,0.0011160681746845257,-2.689454997268854
-0.0803842847793444,-0.6179766103520351,0.5158383433187785,0.23536357540832453,0.00478317047340219,0.0005193770975564419,0.0008137377433623536,0.00301716067177385,-0.6931789478910132
0.8496580335538043,-0.014012155617401663,0.8462916809468559,0.5000620073734499,0.003706717490081924,0.0016037173749314344,0.007290752514096609,0.013939337493088585,-0.3736142195812112
0.05741286123417923,0.1824689708117944,-0.02357835302032055,0.23544764044164637,0.0065719792808930175,0.0005769551178716264,0.006845366324621324,0.03076734613830577,0.15503410248610097
0.12581679009357538,-0.014044995199157959,-0.04949782561634032,0.23546907896670358,0.006596817244498505,0.00041990705507528273,0.0023443084750559553,0.01723243399635655,0.47424767955448943
0.15891005888006574,-0.11203300848979784,0.15695221802696316,0.2352279527335662,0.0037532398628074737,0.002279184173641082,0.007763002571664145,0.03318321783497157,-0.5535750346430558
-0.023822405359746803,-0.28274229262492184,0.044786220800469664,0.23550372893316152,0.00558136631537999,0.0017337819879845349,0.0020546276426173394,0.00867207515044705,0.20044939682930657
-0.11188800123035288,0.05335371702513042,0.05481647612640894,0.23546551960465564,0.0047401286629347,0.0026024287467453365,0.004977718790785866,0.03366061730064961,0.5056238264250439
0.06302016853764433,0.27558481581861854,0.03939577225760654,0.23539226867526075,0.003150525781814744,0.001579671212919183,0.000986795672878999,0.0017084895302113478,0.8760373437385489
0.18116237586429984,0.028743563652246302,-0.0028502571551763402,0.23554008367162377,0.005797371935241029,0.0009037037574910803,0.0010139663044470195,0.0033705149898244436,1.5708075634079055
0.05440576310239149,-0.28509679607277455,0.02164018686267045,0.23542593423546762,0.002320299547654422,0.001702998262369474,0.0008994850601812169,0.001232701576566997,-2.8228331441549557
-0.09005384987604226,-0.0976913853433647,0.06899987284888259,0.23544766737271916,0.006237814464412694,0.001077994854301775,0.0071556823719631565,0.02975116199111342,-1.5866995031947964
-0.0246809690990461,0.26703384611420367,0.07027827419257053,0.2355722878319638,0.005966526968989297,0.0009501501115328239,0.0036762745492846557,0.021163027989272592,1.035547665010278
0.14139676576372792,0.16747585379957156,0.003973751172760985,0.23550727530872095,0.005961085703676848,0.00169041405515174,0.0019011890425080433,0.00713010206110025,-1.2508362803038877
0.13932880166600148,-0.20598672154660194,0.009944092511706705,0.23558724513133109,0.005887624666283539,0.0012624211871284702,0.001037790236376825,0.007248071926406918,0.9189460065104055
-0.04749778916470108,-0.21512981451494256,0.07340859204692575,0.23529371930195483,0.003920295467352722,0.0009302657644311812,0.0009585131758157157,0.0017628306462906702,-0.8769761674313306
-0.10428875595312884,0.13307391285415127,0.061312519617945184,0.23560762152635542,0.006269189162015509,0.0009527461696847219,0.0018217936955690368,0.0107532506396571,-1.8159227833215212
0.11809064139270604,0.24538910614030512,0.024561171194118825,0.2352588270655864,0.0018505094068399339,0.0008146078252928421,0.0009683146839510492,0.0011664520875108904,-2.9429392636246123
0.18342421424950084,-0.060952801204858686,0.01914885829090969,0.23558634284512628,0.003034471930163862,0.003345176543794266,0.0009813410829599212,0.003039398735762681,0.07268648883385832
0.021891897924184677,-0.32052453259477326,0.0335916252752765,0.2355277274562547,0.006925497367366586,0.00047130153722874546,0.004527302733854951,0.03234220515388762,0.7316819121332568
-0.7169104112326753,-0.06825047687428366,-0.6420559123573923,0.23513696180216404,0.0059429861744181665,0.0012669757443953568,0.010877596110204715,0.03736358302676873,-0.43757474660949564
-0.10927612506057499,0.13350191186052182,0.025081036656515135,0.23527324357801074,0.0027359696857653677,0.0017108109029671237,0.0009091919693034165,0.0013441550633543579,-2.3103225376012806
-0.0026094039190871624,0.2029914633298915,0.028749804939958434,0.2356326012403816,0.006951338079095641,0.0005077776723264405,0.0024741770904543937,0.01955589894632098,-0.22307293661157873
-0.7544734404894596,0.01996707420719022,-0.7366960291678266,0.4999210881911128,0.0009199009453096322,0.0021118316256011666,0.01923529310797261,0.017842973592468284,1.9242404364541121
0.4333630589383893,-0.9921689527669596,0.1512312670131887,0.23550471331818087,0.003819270979010963,0.001579246332805952,0.0007842798507032541,0.0014404153230821934,-1.191859006195633
0.2728403745793018,-1.1797642283352137,-0.04533131824822931,0.23541776203652057,0.003483691178041888,0.001699549627977504,0.0008266022219337745,0.001811063573934798,-1.3537811929669645
11.067350655914058,-0.3977527594601714,10.959869372181142,0.23553236799576185,0.006198591347523484,0.00037581895792468883,0.001468639372492418,0.0051825064451423665,1.9499510673152116
-7.756286589438524,0.3992227817070919,-7.59287522417821,0.2355498880270677,0.0059047951247851675,0.0010594859325942186,0.002361025607420647,0.022002821627078152,0.5666157570434837
-0.30397325360727345,1.1280841295369506,0.0030267160286802162,0.23537878793450648,0.002146105808455984,0.0009722415317286921,0.0009607476832883265,0.0012683613266278248,-2.9810371319584092
-0.07719119266215127,1.5864394220718496,0.3326693690518912,0.2354295393986286,0.0007724038009132349,0.002594524595312699,0.0010210024439237914,0.0014132340064781583,-2.8863093450750403
-4.847729727266527,0.584595670720557,-4.7191731635220275,0.2353613008214534,0.003252344415382079,0.000616997452454259,0.0007004045399656786,0.0009671248931048836,-1.9402298248952534
0.07648545712262343,0.3356902295409666,0.16751410115870619,0.23553298104026502,0.006290956704140887,0.0004933695785413735,0.0007829941143560543,0.006160425742254928,-0.8654692789795108
-0.06085271298876869,0.36402373417352696,-0.01898557164675853,0.23547272018259913,0.0033238763860443696,0.0010846276746112127,0.0009346656698757115,0.0014460331079544889,-1.9769052110085072
0.10009614846579003,0.1951505145067894,-0.039279974803403034,0.2354287740724796,0.003400846206706295,0.000854470777424534,0.0009158249027737831,0.0013473518719403254,-1.5730166472504326
0.07014237939998669,-0.005988567208762826,-0.041674019863675284,0.23526398947624277,0.00727632307797883,0.0008687529879632169,0.00995082249153705,0.040299086038098,-0.25611943902656104
0.13888399214117347,-0.23317270676086352,-0.009038801874993799,0.23544378923365658,0.0045394717987605904,0.000458452215611353,0.0005448071413710773,0.0009778457990037542,-2.344003372957572
-0.12091082861162143,-0.17373347711439308,0.018527082520626625,0.23556417700817692,0.006740040567423322,0.00047641645287832383,0.0043918502859376695,0.035534771011568746,-0.31257975605326593
0.1104611971058722,0.194002964116515,0.2822889856267659,0.23533532500007429,0.0031704177480808217,0.000689361491625313,0.0009136309447458328,0.0014185377782042264,-1.1423932435376438
0.12578975651097205,0.204819748272152,0.03446021559858826,0.23542230755636062,0.00293384130064536,0.0005041794773093917,0.0009693481622028443,0.0013367894413822898,-2.592505062203838
0.17142187275563073,-0.1290625972594361,-0.034035446766873645,0.2354074942359431,0.002192873433251499,0.0011237209607465146,0.0009138543852179791,0.001235372780814607,-2.6703717879491364
0.030319731539010228,-0.22643226707352923,0.04743754568493464,0.23559859777360986,0.006325683547237918,0.00026806916192921533,0.0016436743188087163,0.00481401051233656,2.105566934214416
-0.1486890369097782,0.056332475938574274,0.06804639894954405,0.2355417737244377,0.0050297101706199615,0.0023800357113939476,0.003011160038635197,0.017954814925542822,0.3952735801848522
-0.0481442186439719,0.2624312135951229,-0.00831449119880582,0.2355954466670562,0.005850176550723494,0.0012475767586776567,0.0012986514175378913,0.00997407267970014,-1.2970942736128694
0.1790806296247974,0.0015329155146486576,-0.0170986707751063,0.23537903820503053,0.003840710552393289,0.0003653196889034785,0.0008551381508138771,0.0015871542516923745,-0.3151254118920668
0.09943082766474474,-0.2698808177972473,0.01092794168455024,0.23540398858631692,0.00380155023905071,0.0005871455451694003,0.0008622487132025091,0.0013359097955586167,-2.6331050932376256
-0.1400460390123245,-0.08090547221143918,0.03727920663002477,0.23539344450252708,0.00294355069919483,0.00022087545892278995,0.0011680642757406045,0.001613327650471176,1.1645009901328822
-6.16517631114985,-0.004123240568095256,-6.188614010210204,0.014898359502481199,0.0004834509114833048,0.0007449842192166038,0.009096632926509161,0.00939125147492761,1.918510190521661
0.10539577505529332,0.15971654803943713,-0.015148664480998233,0.23552924216999244,0.0037315891095688596,0.0005298058909668304,0.0009755132433765016,0.0016141807187192126,-0.10001093329893185
-0.35821662170546914,-0.016807734875249853,-0.47351040065781186,0.23527845142609655,0.0036836666274542933,0.00026025301202801753,0.0011142489361846998,0.0025548654203017074,-0.4887539010663835
