2.7262878565749578,-0.25421347886156925,2.9307195033451494,0.23538620906267801,0.0023139947762221276,0.002821014514312116,0.0009581963946360532,0.0017668632045794667,-2.0707589030599998
-0.5733526482545122,-0.8355531872907781,0.0997401190264711,0.23553276171495857,0.0063897267921869914,0.00044009979777795584,0.0011101930327488344,0.009172459123289903,-0.07169015152880118
-0.0552423782437297,-0.6211702078871404,0.5163594614194592,0.23540433285978743,0.0045132807033985475,0.0012785574916688905,0.0007687323075903754,0.0018223957451119807,0.3259670877192511
0.8631820164507271,0.1845607913045766,0.8467827645427562,0.5000236600215159,0.001976466885935097,0.0033653045480920934,0.03287592173495297,0.016137382314949118,-0.8949749781577676
0.05129933911068156,0.1789132151929256,-0.02350452189423664,0.23549722618808486,0.006345826968571421,0.00130299566552564,0.0038298797742660337,0.026125448621893144,-1.420183377533435
0.1193293291579301,-0.016132621908582993,-0.04945209024772721,0.23543725379703126,0.005981515319986365,0.0009225586309929021,0.002624555137491344,0.01777255118400067,0.7358915192256192
0.16154590720166467,-0.1278227919017048,0.156981479923807,0.23525258600144033,0.004943617079235463,0.0016466023858274505,0.01054692912380278,0.030012672423218065,0.31576130795151075
-0.02527506391589379,-0.28925061417053544,0.04492475883878492,0.23549700613493704,0.005718967382631716,0.0016192565820081415,0.0023483167234118456,0.013279179048238266,1.088926047376949
-0.11736953880935627,0.05149380036485256,0.05479007773213766,0.23550927452550005,0.004997169389882097,0.0024556258147377715,0.005848254646997568,0.03192782416668258,-0.8686913500193348
0.056364285160082114,0.2793863759668648,0.039448392154153876,0.2354433515065198,0.003281589740731518,0.001551656144737539,0.0009395469799324962,0.0016599165886373734,0.6641755937432537
0.18365170445614537,0.023978639248906523,-0.0028775726994359594,0.23549374893887684,0.006650075097128812,0.0003669111207785672,0.0025604577135420054,0.025113514895724033,0.017830325953498753
0.029604252212439914,-0.27971987869042847,0.0216893466166819,0.23525382791357632,0.0021670267942219563,0.0006438633496965701,0.0009891107601725344,0.0012064038330428738,-2.9256922912161065
-0.09580786227041219,-0.09261506162677337,0.06897309165281973,0.2353680163681636,0.006360934921340556,0.0005087477731578163,0.004948959167371704,0.027605553025663962,1.2958134104121661
-0.021633271500243263,0.26849733621642974,0.0702920546694495,0.2355505639629927,0.005893991182565045,0.0010362603934142465,0.003910329893508741,0.02241470902910119,0.267763046060178
0.14723593031317464,0.16336293400616708,0.003983107727774698,0.2354271917491454,0.006513795554971003,0.0005657569032636616,0.002092043753149822,0.007143926834154033,1.8384319778957736
0.1275935994224354,-0.2149793236527932,0.009985590332467102,0.23546009514729452,0.0059123790708030585,0.0006277709081382862,0.0023036733717889234,0.014405357741698623,-1.0283260556468756
-0.04419711592873989,-0.2179780910386968,0.07350403553385829,0.23533095092991588,0.0034418371355885396,0.0005684507094176298,0.0009161189494759701,0.001408642044648826,-1.8390386051895693
-0.10488343150917893,0.13202248161535107,0.06131368858619995,0.23561795998831137,0.006094294804530074,0.0009946529250602577,0.001935341286858805,0.008713594862863858,1.458948492757685
0.10869335159398472,0.24886359000032776,0.024518465386003108,0.23532945598579685,0.0018061590696589744,0.001922890732551567,0.0009314982147561428,0.001318095773923106,-2.812106861647806
0.1911029288107653,-0.06570657605476002,0.019176422497763832,0.23555491241276136,0.0060488119974627975,0.0017095793414904352,0.0009540729845178675,0.004082807219780403,0.8508106117908896
0.0051607785092690275,-0.31708677407300623,0.03355592367856479,0.23540036848479806,0.004838525569615501,0.00025155833325588006,0.0008333012275075569,0.0014858725473395307,-1.7723635595178298
-0.7026358497462987,-0.050077390948175364,-0.6420389227450598,0.23511269566438225,0.0023440441411031504,0.0031335636960527773,0.001852129416892226,0.010975150755294876,0.15478602906837607
-0.1186029786660945,0.12617401387550786,0.025119806053972325,0.23539460321280956,0.002271707945074711,0.0019554316145118465,0.0008963819395475835,0.001220929164637184,-2.629730391673139
-0.0005586357755163418,0.21026481534022673,0.02869684418431833,0.23559491963635915,0.007003897878156174,0.0007385324113427927,0.006639788610314927,0.046948101675395516,-0.03175225785956033
-0.7506095348378182,-0.09162846392183986,-0.736855194208815,0.5001539010295694,0.004959867178113576,0.0008101357674002582,0.009391613721176336,0.02803043375380029,-0.11336742550687823
0.43454787258776395,-0.9811453023810367,0.15126770113904292,0.2355108446063919,0.004493467122368463,0.000794191158212197,0.0008052360759515428,0.0014798530109565394,1.6041999398761086
0.2000934230001489,-1.1608694955360357,-0.04652970743603828,0.23533441762263096,0.0025671723817549457,0.0013165602819880959,0.0009174114285159986,0.0013829173589259634,-2.0975447362659865
11.054051836054162,-0.4025600063653844,10.960024799055269,0.23545518964076623,0.0023765104948608707,0.00212565117693204,0.0009823581766359023,0.0015979865937793627,-2.1080979079931175
-7.69819605336138,0.38987613208462696,-7.592968019952009,0.2353063956239403,0.0028945632285193273,0.001362903139682489,0.0009252044799530566,0.001531722448921304,-1.4432869178697743
-0.34682040433597283,1.1675809728508375,0.002395875898089751,0.23541904535339006,0.0040867402702838415,0.00019484436664226213,0.0007931237114559073,0.0014008630992075695,0.07941161779557834
-0.1404539848711572,1.5793605481613244,0.33065188982880084,0.23548349674132035,0.002708046971004146,0.002169297599818692,0.0009228103088760028,0.0016493362152238823,-1.0732259965222506
-4.8902871127273295,0.5755068271912971,-4.719087057294394,0.2355057649647188,0.005517605440165638,0.001132029878390974,0.004662615699361029,0.03676316289324412,0.32314191674111914
0.07777635349194588,0.3301588729673118,0.16762755262419002,0.23554174364762478,0.004185529899710374,0.0017548906853803378,0.0009606458204984568,0.0024668614695571973,-0.2566455320174475
-0.00996465277486496,0.35060718414686387,-0.019005367078787336,0.23520578589609034,0.0012943900534541873,0.00010518209628672704,0.001103385678326283,0.0011787784589716663,-2.9747838272387535
0.11479445053607058,0.17584396427989005,-0.03933117717809761,0.23523042477704487,0.0029531022042555,0.0005093228477811359,0.0009576340712951675,0.001300440198751537,-1.1750594418783822
0.05815404184718597,-0.010558143123985852,-0.04166225946696545,0.2351419887590579,0.004072682407108916,0.0008097554502174994,0.0013615123268889264,0.002057506191141206,-0.09112513568664514
0.1321786078005842,-0.23720082102094536,-0.00896751254248797,0.23537948398575081,0.004164045996894543,0.000715208182560185,0.00062986033665478,0.0010707825037807,-2.595969972965963
-0.12727511248672846,-0.15038733684663516,0.018452073086191345,0.235365298963918,0.0032631240203761943,0.0016748704232184446,0.0010565717180862169,0.0016528764774441354,-0.2070915169628468
0.1080995967265667,0.1924899558357822,0.2823216706261451,0.235358790768478,0.0028075128685973966,0.0015158032964137289,0.0009119767871889872,0.0014952681250611798,-1.6916215311202594
0.12618947829305502,0.20749627237465285,0.034471630253322234,0.23542115301378236,0.0023375657895752995,0.0019975414692133165,0.0009688007775618848,0.0014254810068689934,0.2905823846483352
0.18429985953439354,-0.1260438114539911,-0.03400584682738853,0.23548269550000273,0.005933422136797092,0.0003880884024192191,0.00137982882678154,0.014443114219989409,-1.2826893522882068
0.03294284615252375,-0.2443693122966817,0.04742190521712284,0.23563449030210934,0.006146187467767287,0.0009774126228683302,0.004284551242871263,0.03549447744120309,-0.40351138927847563
-0.13879330156563746,0.07067277753926227,0.06801857645277402,0.2353759780489418,0.002901644321827042,0.0007959441009028794,0.0011229556326655269,0.0014949402472679025,1.1361369000272823
-0.04431613775227477,0.26481881381001415,-0.00829199185105753,0.23556228425133355,0.005711540292096693,0.001386482675552539,0.00458110050927549,0.043611358329803,0.2585556020252418
0.18056004378013496,0.01091567139096329,-0.017073410625401783,0.23545939573145258,0.0040411886921940775,0.00030331161086624643,0.0008062227855871755,0.0016046791834021482,0.043501048730974004
0.08147671881718528,-0.2709380591967749,0.010983675692160204,0.23527488321481713,0.001913239439185278,0.0006562479782654647,0.0010040355410239079,0.0011463444769412828,-2.897505491426508
-0.14071859124712738,-0.09389809625729308,0.03731212414813034,0.23550912858157838,0.005953890067820448,0.00047821572288530315,0.0016313765326356566,0.007796741636924327,-0.33395688278406327
-6.165632207707725,-0.010699549681708791,-6.188805156904807,0.01476577242406054,0.0003996582347907259,0.0006777903456433181,0.009063991265186823,0.009289968516345348,2.0399215510640163
0.11006981246906367,0.17285829086545432,-0.015171565516067631,0.23556228553725658,0.00596329399502074,0.0005734012390605046,0.004121447323010475,0.04624442545408237,-0.9481809027527572
-0.3612329948833966,-0.02029970653970982,-0.47352451108409493,0.23521188426277825,0.0033171142485196184,0.0016657711339616338,0.0012899700097746651,0.0034485367436417813,-0.20223344484322092
