2.722879796611215,-0.258924025675659,2.9306997429713353,0.23538637214581185,0.0036237434251241503,0.0011802415460811634,0.000757267631846876,0.0012467506735057779,-2.588586928777095
-0.5472475490681177,-0.855181349621378,0.09988270081661257,0.23560845400700342,0.006611778697661986,0.0010962831122254396,0.002520548690767657,0.035284051483670885,0.24257765535851022
-0.03504220175283734,-0.6370424941913078,0.5166226212716369,0.2354649413591417,0.005401240988362902,0.001372048892068011,0.0009476185698252225,0.004613664364419052,-0.5734990078414459
0.720672198474994,0.4838213531273775,0.8468778678009208,0.49985066396375105,0.002680000876378109,0.0010547438531771792,0.040598807791025704,0.0006933518033254668,0.47610735872199045
0.05152450179315268,0.17599546212526987,-0.023502599851840385,0.23548577239311308,0.005797265178696914,0.0018810022570367997,0.003380428590982869,0.018802940029075777,0.23281494847463455
0.11605425714435416,-0.00728930088414315,-0.04947114604201436,0.23555144316784543,0.005799099350520411,0.0015184792366064854,0.0076404701975588485,0.037419222132410924,-1.6506087579958437
0.15499729096573703,-0.11946832698183757,0.1569179406793889,0.23515562998969675,0.005209706773835583,0.0008694977962722888,0.003512512124338767,0.015152971598543195,-0.43865534583790766
-0.025177663048505813,-0.2929409412028022,0.04492039878390131,0.23550040611045842,0.006558941071978896,0.0005798990097022733,0.0024063985549332917,0.009250201404005601,-1.6501883854284254
-0.10701565977701745,0.045526417613393017,0.05483145569843854,0.23555295217925631,0.004648302210093908,0.002524036208464533,0.001304842715542577,0.005950653624453335,1.6624178761747326
0.04470037751692247,0.28903692995698127,0.03945860047280728,0.23552896754197514,0.005917122875435076,0.0008636403993302354,0.0011862002858994399,0.005497794180074826,1.7720172531941398
0.17862630836680038,0.014415861952584349,-0.002813707413810708,0.23537929314196546,0.0031565773236831656,0.0022375718768128314,0.001226988170180685,0.002161583787745389,-0.9713862620270751
0.054365876330045124,-0.28471741037370957,0.021658892908455636,0.235425132468139,0.0038394162226401333,0.0006767586871613831,0.00084922244881156,0.001422420398869932,-1.545999685402022
-0.10088280426444302,-0.08401888089073094,0.06899685227048054,0.23526216492380916,0.004124389566792224,0.0008683539422280861,0.0006219852835776998,0.0010555788257619477,-2.161750236959086
-0.021156391729412926,0.2675206894156102,0.07031367309506584,0.23554679736302017,0.005994720380146288,0.0008541518209585779,0.004785671131686058,0.021635472353370364,-2.14044157863157
0.14748192669368224,0.16648845819781669,0.0039928983945210815,0.2354460808795679,0.006433967387718717,0.0006990988639007425,0.0018009079827391757,0.006118853328352056,1.704296302650818
0.12439398224436794,-0.2158563480526918,0.010007772401552121,0.2354323628663484,0.004638885385546401,0.0005105818436047215,0.0005832318976113727,0.001092255260920067,-1.7527575479189328
-0.03977645716497857,-0.2192705525781583,0.07344060220355954,0.23536861884026627,0.002820483566854825,0.0014282820500711964,0.0009521808916774623,0.0014499126247416723,0.21995670663491884
-0.10175610165354297,0.13864728561701842,0.06130110145633961,0.23554700487668292,0.005791530573293981,0.0014530798547073818,0.0034926784169887304,0.03163701237565467,-0.05513586657314533
0.09422214236979871,0.25319042641393585,0.02453258196703441,0.23544546884312448,0.005770520014002789,0.000536751404801485,0.0013926962604967079,0.005470601368295926,2.126879200289928
0.19832838021624352,-0.060368761916265556,0.01916205504193894,0.235642218617025,0.006212177451774063,0.0020258845509289604,0.0012492675759458254,0.009814769380872152,0.43030777077811677
0.025428254349718862,-0.3186623189068741,0.03357282725017368,0.2355536782313524,0.006700935327227768,0.0008241424363854483,0.003531339717030078,0.043867295679365245,-0.5009444107192891
-0.7126507003576797,-0.06437701715240447,-0.6420128820615018,0.23516203910199995,0.005604359180294241,0.0010509386372406135,0.00958730386335624,0.04511234333321786,-0.09387638674236821
-0.10772135155034997,0.12931335537135177,0.025119185170696372,0.235294593184835,0.001139756313412412,0.002358785400547201,0.0010164953055684873,0.0013041501832820699,-2.759115973332793
0.005834234265549331,0.20597153644232694,0.02875260535991289,0.235544971543233,0.006228260943507944,0.0017932978020294105,0.006952293807488728,0.04258344821105389,-0.08197985166687134
-0.760023105827381,-0.009234984317577435,-0.7365491495709603,0.5000500472380752,0.0011895302243629033,0.0014309156928960362,0.00655190254968481,0.011894879568886968,0.5363429143537115
0.4129097244113377,-0.9828216008514544,0.15165542655666603,0.23546784034199633,0.0034341845736143932,0.001476627740496484,0.0008671199117569474,0.001418404787202784,-1.3876286439082604
0.23846111386180252,-1.1577885329530424,-0.04765460935249168,0.23539675495078408,0.0011181367820561393,0.001372636004850499,0.0009454258225720049,0.0010877625657327388,-2.9037081680484915
11.051024939011214,-0.4005391942411163,10.959987554416738,0.23544413500702294,0.0032074554872603125,0.0016981812017610345,0.0009821497298233832,0.0017451298626261515,-0.2986718001015289
-7.695891292593599,0.4040699855267919,-7.592933961276611,0.2352695798237725,0.0025267062817327522,0.0008898971437199024,0.0008411039291359108,0.0010614782665254883,-2.3826756157270434
-0.3595117535877179,1.1349472277935044,0.003007634760734436,0.23546622438247025,0.0037765371776790745,0.0014712498810893445,0.0008187078695283203,0.0016800007431230057,-0.4451465426013361
-0.2183829477191632,1.645379946522476,0.32975840281848895,0.23554041527393524,0.0060850611874910835,0.0007319512270865937,0.0013403147441416704,0.005806181238029062,1.9693001118038358
-4.8889799906454074,0.5411215753036149,-4.71964702787533,0.23552539575210962,0.005078613234470401,0.0017688176558688326,0.010032591692482728,0.03829779586959443,1.4469117675311556
0.07730091275742622,0.3335603105199723,0.1676410247884439,0.23554437277747572,0.005994464373562134,0.0012664694216194172,0.004548479020196623,0.04372323581040527,0.9506452247538844
-0.08124158687888454,0.38144435135826976,-0.018941630544078932,0.23557619755905823,0.006435824878406047,0.0004772155311524198,0.003992476240296005,0.03048502704830298,-0.6894720317053743
0.10610653201148307,0.18515736209130304,-0.03939522236628629,0.23534073376949866,0.0013990250840935385,0.0020736856121853064,0.0010087279865085832,0.0012707826456587815,-2.6411120902970304
0.06056395426492958,-0.006930533030213653,-0.04163466493094214,0.2352407034212675,0.00573423950818961,0.0005358803603971537,0.0010752497371333894,0.0029961759532534426,0.43588836344517257
0.15051561346851752,-0.23388587773709044,-0.00900197611636669,0.23551202561820303,0.006263365363055835,0.0003713447325598554,0.0038400334848354457,0.03754409895952941,0.6744770366808552
-0.12633851227877496,-0.13976857083292565,0.018556098096499635,0.23530114552616527,0.0038564794526447263,0.00035891715304789336,0.0011661095286515314,0.0017588768653228485,1.7446376487745852
0.10348733079546593,0.1892363546234724,0.28228615997389495,0.23539599378681975,0.0027023382723524287,0.0008805775853523177,0.0008989736611811767,0.0012668831124075742,-2.054487719369886
0.12352380296048335,0.20725203953156354,0.03451574674648962,0.23544927769219412,0.0032630031461983065,0.0007470214202405265,0.000935446259525347,0.0013762010355686239,-2.545465178604914
0.168044129411909,-0.13064938700978596,-0.03407538803226833,0.23538342306665072,0.001700936616989552,0.0019163102333070974,0.0009541237790924353,0.0013322904899951316,-2.8735843007627215
0.01918436726396703,-0.2275996685160935,0.0474081197267284,0.23549668889262204,0.00411303487814783,0.00038864320895421313,0.0011214210422428497,0.0018361425415156442,2.4779753249815717
-0.14355521985015873,0.06503452024186722,0.06797748672210162,0.23544308759418744,0.0025807777478287263,0.002264793218165057,0.0010688522983169544,0.0017630280944183918,0.18702192354829153
-0.042728992970075305,0.25627816325122416,-0.008295711587752424,0.23556800556104351,0.0048221654104826225,0.002303925654078476,0.0016402189487564052,0.017157967489046605,0.5836459141565242
0.17768006289197733,0.0008182013650662995,-0.01710133399822828,0.23537147381958173,0.0032732671623916156,0.00039452477235459043,0.0009268277393671631,0.0015026457108577211,-0.988185090367275
0.07486012752715626,-0.2708548838231969,0.010932963637596802,0.23522756504846934,0.0015888393046796091,0.000491678341233791,0.0010166934891456074,0.0011041235738175935,-2.878593698899092
-0.13724594547724092,-0.07864317500567909,0.03735289378178335,0.23538979582073374,0.0022331803100933026,0.000872162379788891,0.0012084997614921717,0.001574978294158944,0.7128923891677577
-6.165621906653717,-0.003340965863467722,-6.188630730810367,0.014930446175535456,0.0003009239018579941,0.0006838423076672021,0.009030827093567777,0.009398380062849963,-1.2163015639908774
0.10589617989674144,0.17234671760350903,-0.015165395206165427,0.23559564097904018,0.006095968244473305,0.0006831935571916221,0.0024144776210413272,0.012330615175371889,1.0504714478668944
-0.3647018539953117,-0.017176947561750755,-0.4734884899002844,0.23526393588008748,0.00481611549875165,0.002012851920397635,0.0024032491050886206,0.01622053165642808,0.07466651488643243
