0.00642631596271559,0.007998117689920831,0.0013201990266136273,1.7026620098993044e-05,0.0002302192906449421,0.00031483255299745737,0.0007248296561769957,0.005089820213041902,1.713236288218808
0.02112880464356782,0.025776219041594453,0.0035966054743700304,3.863363292628554e-05,0.000204495666245022,0.0004108987145543264,0.00011288659408700628,0.0001980530035451817,1.5336944705700672
0.01620639181166054,0.03288277562558489,0.0031468307282856603,3.416032379619421e-05,0.0003495752394953837,0.00025395314269170964,0.00010086114217604681,0.0002831839915305902,2.4429194872732
0.03920204185289355,0.1093868218187939,0.004176088521162656,4.417017983875121e-05,0.000534200692364829,0.0008758401428263697,0.008177148371199832,0.007574057097032627,2.088522967188889
0.006206242511330149,0.00926702278772446,0.0014047197219422638,2.761355775622249e-05,0.000596679444013324,0.0005003349838694302,0.0033831871734088447,0.008420911563509782,1.3314186570693805
0.007384444225634212,0.0046902243755952795,0.0010918799958633308,3.6273299663179866e-05,0.0004394704240407114,0.0004321370175491721,0.003218454398057862,0.008474053157220189,1.7774022942511745
0.006788393161023588,0.009259544347395487,0.001570649277011817,5.528224814319843e-05,0.0005002881659005916,0.0003700398296837594,0.002134341426025878,0.005223717753615152,0.9296961250058254
0.010406264761486286,0.015200806130646477,0.0017136078407003902,6.824450906304011e-05,0.0005206800262969408,0.0005492988057024005,0.0031873823873713996,0.009456986141477755,0.9754252166167247
0.013616780790006467,0.006875557141455783,0.0013415735136405598,8.695318084299415e-05,0.000600803203466771,0.0003506599470652167,0.0006490397137096006,0.0023102266959873934,0.4577313565145874
0.004816545843083968,0.008691638770283075,0.001070706439022712,2.8816054592911978e-05,0.0002270492325567509,0.0002663838883882596,9.424515105714413e-05,0.0002143170011549395,0.1312152955449456
0.006068093005378171,0.0034907549683674106,0.0008476840134671763,1.6895779598114678e-05,0.0003259716161152613,0.0001814644956157058,0.00014948763495528037,0.00033273053379167047,2.992435009210722
0.006717050803596254,0.007858008780854903,0.00113591168132447,3.0309272387285898e-05,0.000171784797842725,0.0001856766147286797,0.0001020549289702802,0.0002117294971117487,0.8992459843238735
0.0061964636433968195,0.004947184199431935,0.0010604397387461862,3.303942882080253e-05,0.00023122674745011736,0.0004526665456077842,0.0013643999904073283,0.003682012996408921,2.086352792123642
0.007326281032723303,0.008638859706154346,0.0012531665085742496,4.047603148868853e-05,0.000869741587183113,0.00033702615137475245,0.0015431315992447939,0.007019742057252764,2.0255297680904243
0.006848330281463924,0.007604324677203534,0.001102436375257643,4.6665921590381186e-05,0.00023623785485422192,0.0003788998607877924,0.0019189319214303416,0.004452247753666128,1.6371416681221276
0.006421243261368077,0.008113455758869858,0.0010851458012588067,1.4610645417705914e-05,0.00019952329844523614,0.0002895781430147437,0.00137668074420893,0.004987102857079385,1.5652367147046564
0.0057275704997523,0.008146424044725627,0.0010667132563795584,3.119160089442161e-05,0.0004910704647848117,0.00037472883498649353,0.00039421563683938944,0.001335728899742177,2.492093323704821
0.008376107146640646,0.006336539022677635,0.0009569316818039542,7.15657888898799e-05,0.0006988020168263401,0.00019528621032156542,0.00013978021489445325,0.00029377672185914596,2.931619289499748
0.005082536950993151,0.0070533335748962445,0.0009382279710541912,2.274445196280595e-05,0.0003855189862212938,0.00012599309547794011,0.00011872178409531108,0.0002576286549663631,2.0685748327551385
0.007738969129837601,0.0073623829355977674,0.0008927433268651398,8.770938509062648e-05,0.0004994943785948657,0.000527263488215755,0.0008603973482117841,0.0034727412446373864,0.4627934416628529
0.010686687449721205,0.011621756782523147,0.0014860059605038072,5.992324420250827e-05,0.0003555419868026939,0.00034128284299353223,0.00015811486737429847,0.0003941259983613948,2.801999119710924
0.0055764672478835564,0.006791165670834706,0.0012889047929797236,4.0539905832303825e-05,0.0004763595784957519,0.00033552925680824057,0.0034168549366304906,0.006642258651731141,1.5087087601558418
0.007530557619446813,0.005447935195296283,0.0010291296604443196,3.44302153969519e-05,0.0002804435891838201,0.0002809449168796369,0.00014072733001134054,0.0003050852939304237,0.2224760758421015
0.006999986250697694,0.009123690078754411,0.0014386883776651678,5.392561560031343e-05,0.0007323522532079717,0.0002812640047752418,0.0001835993717517689,0.0003999768176677077,0.26599990800974616
0.013152651273079952,0.05915134285352626,0.003624828402472249,2.0136713788650712e-05,0.00045686474525742437,0.0004538631975732017,0.0032622002051730225,0.0026154076773294674,2.027554701588529
0.01111118875752559,0.020130298245858855,0.003303295008237246,2.7902203165106657e-05,9.761118030815918e-05,0.00010232494234262947,8.719944340298881e-05,0.0001540658717864164,0.11057653152287318
0.01464348265844083,0.01834619968926919,0.003431078163519151,2.026460467858567e-05,0.0002018233670210388,0.0002448222952234573,7.273251159404425e-05,0.0001361548876720764,1.197446707078658
0.007792919411022224,0.008568505501625766,0.0013593996752179047,2.5295265503310907e-05,0.0002906728660626253,0.0002081928558141741,9.333360563922383e-05,0.00022896048572803928,2.9335407459709857
0.010135900317196685,0.017801549070776277,0.002150218851302132,3.4409159444965405e-05,0.0004947900385989431,0.00017194369844626025,0.00015541557889738454,0.00023898887790003114,0.4243229852569562
0.011371262917849291,0.01568824726537239,0.0035854386550766364,1.1826446021300378e-05,0.00034144603812259397,0.00018460514329008418,7.631943992678601e-05,0.00022218745467295623,2.5502110351746827
0.02468867261219435,0.022282936725726964,0.005057079752504917,2.227442383972131e-05,0.0005840313234856151,0.00016000706635286077,9.941387452751236e-05,0.0001732977832159379,1.1292530113867947
0.03363622691337461,0.022582068299646495,0.004487449251181055,7.978848396673167e-05,0.000376016907323045,0.00045415082695211064,0.003330072385792454,0.00988940037754589,1.7010130036657571
0.013413226588583845,0.015445401562717445,0.0016669081718802756,6.347374250250579e-05,0.0003700493738564514,0.00031806860169571405,0.0004913599065700829,0.0018795834184797127,1.0621413700637603
0.008581426427665323,0.010947146235602072,0.0014628298957786174,3.305625882051709e-05,0.0001411714214620396,0.00023446476686912632,7.835418836673211e-05,9.989649738446892e-05,0.17147777622690408
0.00848134623378064,0.011211800041150641,0.0013528334599638373,7.212084688927783e-05,0.0006987408178265491,0.00042263230888745293,0.0003262604601489862,0.0024792334587850147,0.8821328801948541
0.009722714554766351,0.005296069295500217,0.0012252531436354696,7.75556214904348e-05,0.0005459964197838713,0.0005707860867026774,0.0002688802667807785,0.0003602535551464899,0.2281488363160155
0.008242542044857647,0.007554404084003648,0.0009990221393318466,6.295537651161276e-05,0.00022934529560235923,0.0004863169921673498,0.00011427663963275337,0.00025357942187875375,1.6170431026081042
0.007021718057527985,0.007056883812940643,0.0012676062660208075,1.833025733708139e-05,0.0003501601488925268,0.0005473806199895713,0.0009992160280987367,0.004639910573800611,1.9724628018851404
0.00905007588377934,0.005130454337460121,0.001012388896365376,3.508695711199998e-05,0.0007427033448887332,0.00036917954636909105,0.00018882360631013593,0.0003900353389163329,2.749159460889977
0.004065781735617978,0.00480505873435323,0.0009742493157548344,1.7618988114972823e-05,0.0002126645990034596,0.00038318803879217733,0.003296475148647761,0.0038832177222795834,1.8912222584887712
0.006597858882284846,0.004778831143812549,0.0010354534070196608,2.319315826354176e-05,0.00025901116718528766,0.0004113397758863928,0.0029151002035778645,0.019526482245796836,1.8981365328261741
0.00455881311179268,0.007858339810184039,0.0011621777701572775,2.2251374086673704e-05,0.000355504910290828,0.00017673770278152614,0.00012303016224911976,0.00022472093729977445,2.068070766003962
0.008370376560011657,0.005015009874483215,0.0011886978248460774,2.3135625199123406e-05,0.00043990055684848276,0.0006253702062243112,0.0006939851290279014,0.001488008500150504,0.2573401959372693
0.009441736744408973,0.00906357307142403,0.001130877157939169,6.207953077951108e-05,0.0010417450163226,0.00030620638512389355,0.00041758585905748074,0.003440024264030062,2.5206627650270943
0.008105184765517307,0.005051687307853013,0.000991032900990261,3.32927552557539e-05,0.00035874279463792865,0.00024946934184845015,0.00014048734373748543,0.00026851321543744675,2.934700274889506
0.006445374184074355,0.007423254475261038,0.0010592729417486122,2.9750995398362902e-05,0.0005122392896738251,0.0002172719830855696,8.027659271462331e-05,0.00017319190474866862,0.5111487144106694
0.005813532338794856,0.006745799108017165,0.0009861650588638418,4.670906324584162e-05,0.000330178645025615,0.0001321714992438846,0.00011113996727056332,0.0001565147269644455,0.10944041844487079
0.010929389234870182,0.005479054244280764,0.004208246508835661,4.3284456120549616e-05,0.00036731194761250576,0.00028489430153374253,0.001624920930716066,0.00019533853335422258,0.18921750474225246
0.005649547866624704,0.007098317315391518,0.0010665510026620425,1.55003295065402e-05,0.0005784990966498284,0.0005349237081094343,0.001022406616264016,0.004247580119246388,1.5996085593299214
0.009364335485729097,0.004695996035761689,0.0012997414112788667,2.849685434467151e-05,0.0003758802241889498,0.0007027325023347929,0.0005171124583864111,0.0014108511354625271,2.6530783095965407
