0.008523737211743708,0.01117714803217225,0.0013501656771056564,4.4685086232910274e-05,0.00045417915210375074,0.0004360379047143508,0.00015048571819934324,0.0005106950096295779,1.852288262573233
0.024922849013610547,0.030641684707475268,0.0034457999090049783,6.190435460683653e-05,0.0007246768163576964,0.00038300334873934413,0.000865216171459838,0.007453412189470738,2.0577366998420437
0.019592693228349164,0.014682219014103187,0.0031021534372075435,2.436765977552305e-05,0.000569836623822469,0.00030106504726278,0.00016129005425726916,0.0006991450831696937,2.9279442243866813
0.026495395064431874,0.06663603767901066,0.004361819493739719,2.954436068927319e-05,0.00042594057499334024,0.0008254803216782081,0.0059812885459895986,0.007335894643032491,2.7997125760788553
0.006600246018329477,0.011269165631565967,0.001376139339122824,6.678901615652786e-05,0.0007337592394741466,0.000713154453559459,0.0018448534392648092,0.009434609516417749,1.6216172567998022
0.007423072446253051,0.005798812610571862,0.0010844578026552453,4.780323005885793e-05,0.0005850354450890732,0.0008184896507484986,0.001532942903137289,0.0038172539696519664,1.078246960114149
0.0075360316934321514,0.0101448051498583,0.0015393254622852073,6.889334834478667e-05,0.0004733916680087472,0.0003531472724633305,0.004845269867789569,0.0067176258048495556,2.784879126511563
0.007363566929428492,0.0137975898206726,0.0017400766822668675,2.2598285844587677e-05,0.00033857203389559,0.0003520949973060131,0.00104317633509861,0.005274514053052926,0.5898942796137772
0.009088967168390734,0.009016336209876243,0.0013498561139821516,9.600134508161985e-05,0.0004536315654129464,0.00042758084483204676,0.003586590415466013,0.004437399170749457,1.9956098722378184
0.006121167933395455,0.006035090941296178,0.0010418484799411994,3.6383125372603616e-05,0.00023217160715166622,0.00028750186773974856,9.756108032076455e-05,0.0002528991868131124,2.981645155876876
0.004648241797475219,0.004749917192731208,0.000850731916440498,3.951298665441986e-05,0.00021460012663500946,0.00025605894009525797,0.00172730431132427,0.003415818727003426,1.681883315878052
0.005897777391769462,0.006174444588703722,0.001188140532519263,3.404056398671657e-05,0.0003157825536147793,0.0001942649561416529,9.14148509789503e-05,0.0001325433344801818,0.35068347424452845
0.008672279782723067,0.005689002759342174,0.0010689621772207697,1.991047192870643e-05,0.0002997972058464441,0.0003087767156116857,0.0027916830073311735,0.002345884613574104,0.9787451112175937
0.005338092341960451,0.007054185190090544,0.0012130070353407372,1.9145697249426365e-05,0.00025460549552723164,0.0004389775827060663,0.0016621393143015563,0.003572067512018571,1.2039105505565713
0.006397250152261044,0.008135141699748378,0.0010950435420327405,2.8525447793083703e-05,0.0003165215949287552,0.0003826212141888011,0.00049509720725427,0.0015725470478872609,0.33542808847500455
0.013827809899193485,0.009207595078014198,0.0011019961222559207,0.00011967341073608988,0.0006293225817509714,0.0002815281984981185,0.00216375716311987,0.01099586015672686,1.9861809954149012
0.00568236710721345,0.010817541203005418,0.0010924639905798346,3.110370621865305e-05,0.00022649934344813008,0.0002891317183022974,0.00012243611248810593,0.00028004698156516416,2.30324316937172
0.010275764654091803,0.005834401765962892,0.000915559112616996,5.2371115642793854e-05,0.0005042119235493435,0.0005732283375394784,0.0009207859800276179,0.004084781613105826,0.7901739719643597
0.004683204932087168,0.007028616206427508,0.0009550456359264363,2.5481237190997948e-05,0.0002557215226030027,0.0002816463883858452,8.114017612953767e-05,0.00017035611421321146,0.7566687626191922
0.00723734726482395,0.004758134176837815,0.0008905213057277861,5.0531605321047845e-05,0.0006253214882049288,0.000353678278995057,0.000665147321050828,0.0025572909084758395,1.4319761280822787
0.006131425564423183,0.010838678702814256,0.0014552794259040684,1.7237801362581705e-05,0.00035380724414911486,0.0001620458729714928,0.00016607639001283556,0.00037081399995597393,2.2675541524120506
0.005127755292336389,0.0066207562891233175,0.0013047620113871964,5.3591063176685206e-05,0.00044281441722497644,0.0003222903003858187,0.001267119998259702,0.0051436047507077,1.4115088427949611
0.007675738969178786,0.005665339453121388,0.0010368423735181824,4.061649234363487e-05,0.00034119285909005114,0.0002856347755831788,0.00012299712764417698,0.0002966227770430681,0.7215083666438066
0.008783775243392246,0.009915525620546841,0.0014008740348218805,8.080890265879931e-05,0.0004972888353340228,0.000538762329956808,0.0038506888596208594,0.0057280050502736225,2.1053852052827606
0.010816986214570085,0.06939078506112051,0.0036952970606903323,4.147708616041058e-05,0.0005120833658332934,0.0005974236748495664,0.005430424095722946,0.007933271712074334,1.082017362897086
0.01809041701990056,0.017284727272818653,0.0030856076824436925,3.0306123258734468e-05,0.0002595854243284109,0.0004235383824579999,0.00011340602488528238,0.00023012653279804859,2.589783255665785
0.026808008394585376,0.026888351969585614,0.003702256097079406,3.41632210485321e-05,0.0002184294385682011,0.00020846673154018374,6.689670444380226e-05,0.0001629404287075472,2.177510435836822
0.006730903637083,0.009191039478530652,0.001338284837298897,1.7465516100854537e-05,0.0003570537943819281,0.00019427652474221207,9.752864525076594e-05,0.0002766635948976896,2.121948462429548
0.01352143447986756,0.010744988690405695,0.001983815277523703,5.936840046864292e-05,0.000505797673341734,0.00033407988090073347,0.0001261339098947582,0.0004255015639980865,2.629788550807309
0.018676443587008942,0.02295038613234979,0.0037818283111045385,2.0582017223924673e-05,0.00030702996886201644,0.0001423487180576757,8.60439607382278e-05,0.00020623363883059005,0.1339555555877112
0.04778019373883447,0.033915461201493094,0.004680095988635121,3.882638221043115e-05,0.00046599607950955794,0.00019342726082238095,0.00010818334062392435,0.00017517286919948343,2.875831057720053
0.02321571446332778,0.024990055722286728,0.004395465785455855,5.4717879932042925e-05,0.0003430089243205623,0.00045833483800817893,0.003359547760846474,0.01416604122779404,1.7457858862802733
0.007749674799066031,0.011880332094176148,0.001657288457321494,2.3649516414951237e-05,0.000714093675717993,0.0005162141587558001,0.00031379696860120025,0.0013784567154226993,2.7629992044172527
0.011384712414639911,0.0086662848365497,0.0015444779722226353,5.771305314457605e-05,0.00015162726810420476,8.374073471363351e-05,7.652919049329709e-05,9.571923370045289e-05,0.11973643732082977
0.009965543617433004,0.009875948757753175,0.001420934287092849,7.693230637129087e-05,0.0008059137192654212,0.000271246747483407,0.00017741502572129507,0.00036636930494162215,2.719189045830449
0.00955009932250773,0.0050632095759676945,0.001207468115696413,5.524872621813193e-05,0.0004942246649734975,0.000302018084151713,0.0002753263812078856,0.0003502081440231833,0.23092953048452253
0.007338981948545649,0.005437886742587891,0.0009925430262937853,4.55866473179902e-05,0.00020837480299901095,0.00036242527815627724,0.00015110902907949204,0.00037418381329515745,0.9211844912484912
0.007943260342798233,0.010996917066513599,0.001286931473899503,3.082555182650488e-05,0.0004769273250707153,0.00042714927321175285,0.00018029271566129935,0.0003868821198037003,2.928135105174261
0.008980164712453855,0.0063552917357147815,0.0010485114358926991,4.502039965561927e-05,0.000130774482479747,0.0003676853564458625,9.827475569314458e-05,0.00021824094199745302,2.493864270768076
0.004991548582710356,0.007773811163623241,0.0009881849704685911,3.3842589645193626e-05,0.0003166609233851463,0.0001906741032249145,0.0001100986077272376,0.00022512201536382186,0.17744506987499895
0.006118478847111732,0.00470009516637442,0.0010273969777783005,2.0872324104177083e-05,0.00022245124470927262,0.0002715849274492477,0.0010015966298938892,0.005846666362652891,0.9702634196687832
0.006034832509732907,0.0070283584954546905,0.0012016054907740738,3.5095875022541616e-05,0.0004328330019876418,0.0005980132328473919,0.0024627643224210097,0.004300592955501181,1.8648382626816156
0.0071270918290795605,0.004487727693560423,0.0011619329681116584,1.0721676633547905e-05,0.00028192705842643325,0.0002240291036517295,0.0001034926903943065,0.00013820071690833874,2.8478316569832054
0.005343337125669658,0.006846897163405724,0.0011200441325688536,2.6370386178196466e-05,0.00036557309850129886,0.000404737244974086,0.0027467059703033293,0.00741325602980982,1.7345634053619663
0.00708741601188836,0.004117704855722824,0.0009817379017270037,2.0746871401423845e-05,0.0004618798328611107,0.00019405182006968402,0.0001355099230501083,0.0003730893647889554,0.21606099180303942
0.007404378142246283,0.005973009704125543,0.0010534943331224234,4.103606182339084e-05,0.0002565226654400867,0.00014929981274099376,8.040733875470464e-05,0.00010394214290940896,0.09097714090905702
0.008611762406690695,0.006008681731263775,0.0009949675922031622,2.3710701023943442e-05,0.00036579561767673753,0.00029784553719074456,0.0006677071089042873,0.002699651782900667,1.3948527714540406
0.010135324063395724,0.005305901468937801,0.004302193817671565,1.0765471453740415e-05,0.0003065941309352047,0.00027308181100709443,0.0014322310162283274,0.0002297466158986642,0.24354228443027506
0.005149604169463532,0.004999312144953741,0.0010665756066436025,2.6127267704009306e-05,0.00023507764502522172,0.00033406515730902137,0.002662405771608469,0.0037354093878851826,1.4529943788269017
0.009014606253017062,0.006706711826925463,0.0012712330934090657,8.903307773979538e-05,0.0007609949401134892,0.0009280295435643814,0.0005699166562335118,0.003534230664320573,0.8504886834378395
