2.7186819716721335,-0.2517658733600841,2.930588953866016,0.23534325804511405,0.0023177120727813677,0.0020210526751329406,0.0008768530611578165,0.0013060392329819785,-2.7609260734812517
-0.5500619144312888,-0.842173053455187,0.09967645162495761,0.2355899158246112,0.00649557769369398,0.0011483339099807545,0.004470655872720418,0.05381084184098727,-0.6750826209681788
-0.08422299258636147,-0.5906527140545105,0.5158174607680498,0.23531033535279083,0.003986364159903986,0.0010136889576728787,0.0008034522190913312,0.0014835814602247779,-0.9546568429695078
0.8363928645008639,-0.20379017956781045,0.8461325923611158,0.4999666113819415,0.0056967198521736375,0.0027109452974039784,0.02649862756840647,0.022555370093606912,-0.41414749781039295
0.04876271493793035,0.18321761437706813,-0.023578838035325168,0.23553648931840515,0.006545737449876265,0.0012329214842394175,0.004309664998449822,0.04412867925567211,0.08679204476816743
0.12001818453537895,-0.010699405258411853,-0.049511881288480115,0.23550645677102985,0.006083591255605899,0.0009657847651591442,0.0016052802423518068,0.011772361915702979,0.35996941711802827
0.1539128156569968,-0.11042388410056181,0.15696838005296854,0.23513942984212835,0.0035529706341803596,0.0025533441942292828,0.011444133792785428,0.044822265105276655,0.48266357001940824
-0.029212715017252668,-0.28070251088158044,0.04496419318179606,0.23544943240064825,0.006076340320107056,0.001025669758216518,0.0019110407625736283,0.007215669194212718,1.8413523868613182
-0.0985831608157722,0.06264856796093234,0.05475919466553234,0.23531638959096815,0.0015341285345043967,0.0018014300647217565,0.0010036094700625693,0.001158672839703567,-1.0895585997333732
0.04737303978127863,0.2910526026567542,0.039459168387102846,0.2355103473947657,0.006035976443636192,0.0005603883441601987,0.0012863385326279714,0.0067044600493915436,1.0039359845124012
0.17757568743992305,0.017904755046926662,-0.0028465462639748877,0.23542060000129583,0.004323219088304448,0.0015185895745469017,0.0011817979210333777,0.0023253206253288487,1.179835540799026
0.06139254627567137,-0.285002696892715,0.021588772881953038,0.23547779217527626,0.004543703026355153,0.0004892873352781598,0.000777808225796887,0.0015625909650429147,-0.4073937387540931
-0.09460668594520434,-0.09115716374159749,0.06902526558437981,0.23536204794897164,0.0029880212461454486,0.002966672106270735,0.0007886464323782266,0.0015119859134043168,-2.135612695796519
-0.016085882267718055,0.25926481381954075,0.07027679159900992,0.2355331907916409,0.0056850942871280495,0.0008029065529341518,0.0012696176061014215,0.006259823501194642,-1.1329736900606284
0.15003629590054782,0.16320003534354946,0.004012606069817829,0.23540697420744644,0.0038767444295734863,0.0022722194021520094,0.001083857350391797,0.002361569625245844,1.1976593786422949
0.14203009078394263,-0.2079490137363243,0.009999360021441254,0.2355958360994593,0.0058948988931412484,0.0013517798313520235,0.003381153928979674,0.02401210588469619,-0.5632574147223652
-0.04181744639253106,-0.2185855915848537,0.07342413328369805,0.2353489772350002,0.003757443811974583,0.0015589126034767295,0.0010010744310262264,0.0020384410590971137,-0.5015720518346487
-0.10568126830440637,0.13943466208313693,0.06126359547155735,0.23555982363824435,0.00638059099451137,0.00041084264288294146,0.004313503079434501,0.046569133542386974,-0.8366794917063376
0.10357736092304488,0.25320386634228226,0.024595726265189063,0.2353786196300417,0.0037008899987878373,0.001110082879581112,0.0007947681126716442,0.0014421923865726755,-1.0072484763042058
0.19656644998721443,-0.0627121034713887,0.019169983174141807,0.23560646327746024,0.006536927024367451,0.001483308367402084,0.001400051744147892,0.009623131261085834,1.491142607327941
0.02037088510627181,-0.31938348592750315,0.03349092841380609,0.23552342837835324,0.006767858268779734,0.0006296000542759895,0.0026026745664753945,0.023799583775202776,-0.04012708399054264
-0.7120334056685053,-0.0681809067875829,-0.642040411935596,0.23521704303673777,0.005645250218740501,0.000366215103057698,0.0064190724731207505,0.023588686650013204,-0.38360155726364714
-0.12715474597776644,0.11912677003563003,0.02513598447740947,0.23551885908172135,0.006382565317734862,0.000420404734715809,0.0030712734612432205,0.032764924685962066,-0.1658383828289265
0.011912701152306198,0.2038275085232284,0.028694058693499006,0.23547274864398318,0.006709215236243455,0.0009862160674126723,0.002693190547860969,0.024977471711074804,0.1473453162176141
-0.747158187675843,-0.23544149843672396,-0.7365524257050899,0.500019400964044,0.0020448751211865103,0.0005924860725182877,0.014336444023791868,0.02899561251639258,0.07260188591811069
0.3903561080844657,-0.9729280598018731,0.15139825341465155,0.23543034818847916,0.001461765125395043,0.0025566173882072903,0.0009792355476933373,0.0014438307062652827,-2.89141000375773
0.2630020779097485,-1.1553860971200633,-0.04549923634321651,0.23542056698551722,0.0027412529048958714,0.0021288983562006546,0.0009112567497623202,0.0017633764245275421,-1.6333905694627013
11.046902903297697,-0.39808262570972686,10.959919036609525,0.2354282609201298,0.002010838625132759,0.0019579544854772344,0.0010153920238130994,0.0014833837632772635,-2.575092076389436
-7.7210449498490625,0.3942435746701332,-7.593093560347708,0.23540111284612528,0.002003639842599048,0.001513491278097571,0.0008704008766826234,0.0011410062453657537,-2.664222909907217
-0.3119179106407138,1.166530812516003,0.0030724332315458635,0.23537294336141265,0.0024354373812134726,0.0014481463093252026,0.0008938213013482155,0.0012864014662713455,0.23768457727213724
-0.11801987805750701,1.5739333966952083,0.33081657086894767,0.23545496196692614,0.0010300196530925337,0.002504646060542644,0.0010042293448373123,0.0014106335938667656,-2.945608236248384
-4.909996134142028,0.5633726660507611,-4.71972596553945,0.23555063846310087,0.005653328437005692,0.0008914826710236116,0.004049814925806475,0.025920733279502242,-0.1284268744448604
0.10246645769689985,0.3455259082048567,0.1675477097884253,0.23536298401632258,0.004701039820141252,0.0002842224515111226,0.0006396538099592506,0.0010751909796897353,-2.342208082930024
-0.08062812516273124,0.37720612263734576,-0.018940103911108522,0.235576435121974,0.006450630479651869,0.00032461181198143216,0.0023554933795036145,0.02065949656129336,1.079143060625588
0.09511527558201,0.2088232979321253,-0.03932916536510401,0.23552333773686698,0.006399331506511464,0.0003564807194474538,0.0023344586849311615,0.0211285315911429,-0.09809283948693195
0.05637918406446168,-0.008568320718171558,-0.04167348557982777,0.23516916696555884,0.003907628487451887,0.0004119377767463259,0.0014004780308461274,0.002030355832045284,-0.11693104860214254
0.1486641123156679,-0.22992666855378135,-0.009039270256218755,0.2355191410958792,0.0061707355299715685,0.0006528954925937259,0.0009079270718885923,0.009300027254041984,-1.5440670367190161
-0.11650530765919309,-0.1737980444935971,0.01853959872986268,0.23560600147366126,0.006579610716451511,0.0005937152730174712,0.0014086912518331963,0.010500531357688374,0.06001073487516064
0.09861373376484929,0.1893808347570937,0.2823438225889416,0.23542474783647227,0.003461139392170404,0.0003257602163468359,0.0008019684199657995,0.0012305458657447693,-1.6152925681564974
0.11892439918259509,0.2089372082337826,0.03451077112374926,0.235494623427211,0.004116303962858226,0.001295165827691776,0.0009574392927408628,0.002073862645193898,-0.9155806668726729
0.15950925772097552,-0.13446109365994574,-0.0340371141193761,0.23531377626364025,0.001711851810893983,0.0008794586656439891,0.00103120322217828,0.001267528198123594,-2.5018530587035395
-0.003833040823418269,-0.21699830529984468,0.04739748334045316,0.23528119297090966,0.002066954429629224,0.0003225666037665414,0.00124565486984816,0.0014622643000006947,-0.29636172466339367
-0.15352312691940234,0.05556986716773758,0.06804267787744642,0.23555054471089582,0.006365684406431473,0.001224309555721287,0.002788393130877824,0.010002976494835655,1.5602628824996856
-0.05080631951669781,0.2702363306033499,-0.008366286756867677,0.23560071560528442,0.0060714676131209434,0.001074255502115743,0.004163506134052352,0.037526683680724836,-0.6296747829240846
0.1743916492350591,-0.0006485494063622846,-0.01710579997605523,0.2353617210623746,0.0020280453693948667,0.0003909584932034419,0.0010207601254912553,0.001318191929445031,-2.2961975096854053
0.09615174905385125,-0.26761956854561486,0.010854398803641384,0.23539265832056525,0.0032092969508532316,0.0014102026683107702,0.0009060130095318939,0.0014012075416570229,-2.674310281697603
-0.1392933083491676,-0.07097800752430761,0.03736217204655013,0.2353160409146172,0.002274992183776217,0.0006502780198809515,0.0012170005647946177,0.0015618198157519422,0.8925828964919438
-6.160512015291457,-0.005913059520332456,-6.198348928729028,0.014851402248950001,0.0007308307326237149,0.0005245925262439181,0.015097785921005049,0.01574009046876762,-0.9322137791482877
0.10467532727501754,0.1673976267358184,-0.015163141032768569,0.2355772693169658,0.0058966595592840915,0.0008203598453182904,0.0016791459925162315,0.008193470743405682,-0.8843781645013207
-0.35688348018518445,-0.01588892657350958,-0.4735603589284933,0.23530322650348534,0.0061850841071112135,0.0009687349866623768,0.003361023695963914,0.013885342634900709,-0.11445311257931709
