2.731026428677282,-0.2694899375403232,2.9306677745035943,0.2354726131423263,0.006053538661090522,0.0008103918572977267,0.0011921905795631354,0.010356888419487214,0.6838306257049755
-0.6027953370825127,-0.7304933532199165,0.09969662023386253,0.23535763424386288,0.003945104229528251,0.0008267255218787662,0.0008307945589528704,0.0013330233134716328,-2.5355372487934136
-0.0943153901042735,-0.5816499394060258,0.515563546007839,0.23526724729437315,0.0031314894864822736,0.0016590307219457147,0.0008965287204646101,0.001494662144982386,-1.6417058451105604
0.8239394073373011,-0.015008978083789384,0.8469427648038698,0.49968756730782216,0.004884834129203067,0.004941307900119639,0.03611285241169067,0.0067129079936280684,-1.8191733845977227
0.05067076709892479,0.17322133323608893,-0.023510253392464507,0.23549068834338607,0.005323121292821537,0.002319875186462612,0.004723298571751031,0.027613536533278357,-0.9272422945682461
0.11926877649351149,-0.01668223119016864,-0.04949847509149145,0.23543534068077687,0.006062347449616365,0.0008802399340697925,0.0030886574863227814,0.02409794750773006,0.7457722240358562
0.15936514819389447,-0.12192004457630845,0.1570035289100915,0.23519350560472793,0.006156972515140561,0.0006086425312209041,0.003454479887816955,0.018197309016728603,1.0568104819196096
-0.02863733202665658,-0.2881304741814026,0.044984004093541564,0.2354690324683594,0.00498421058653857,0.0021818013656638513,0.0047904550598849484,0.028523556997500688,0.41692973819259993
-0.10896177831882063,0.058649102551932494,0.054771750852920485,0.23540117477376996,0.006183010448765128,0.0013810180127948118,0.0018951833134351233,0.006437975508750179,1.6053186439432856
0.06152898796986319,0.27818790724882203,0.0394335626405646,0.2354083438776954,0.0025259877521617317,0.001985004143409584,0.0009847753400364838,0.0016341870325318544,0.057158898707254456
0.17763481125080066,0.021931547625772933,-0.0028582668971973662,0.2354658536698526,0.003542105398832123,0.0019738765483890397,0.0011920842544099256,0.002156124953430579,-0.3816927230204729
0.05490812924950922,-0.2858499998990907,0.021639471832830295,0.23542864499159935,0.002646636682369948,0.0014780136746289775,0.00088394941067311,0.0012446470907559479,-2.726803359200032
-0.09640413036777375,-0.09502164733092981,0.06905603455173923,0.2353863699258019,0.006188968740184098,0.000781977456797263,0.0022325770748403938,0.01665834623316572,-0.16383550338674516
-0.015109727286175644,0.25822475697434677,0.07031807669696888,0.23553009061901425,0.004805832678020553,0.0017554545167161408,0.0017992103461699886,0.008470326750113723,0.9073041307002423
0.15347083534064807,0.18115474128672052,0.003924182575473243,0.23548792868311258,0.006667382261470831,0.0005483341241841102,0.00328272200999219,0.023532959819341285,-0.4310401692003869
0.13811442541196947,-0.20768283931991788,0.009954694797345618,0.23556959249268353,0.00598543225126404,0.0010987333259791753,0.0023226394960090143,0.016145713092483905,-0.3237364811804876
-0.03356605093462369,-0.22585656988612554,0.07342972058596335,0.23543861905874783,0.005584483378626842,0.0005813868870952685,0.0009016134283625152,0.002951866759325315,0.8587596086355601
-0.0768400058408979,0.1450890461766897,0.06126238766555805,0.2353343622416636,0.003994752186905017,0.00023207428692101947,0.0008999814537432731,0.0014777402107806383,0.7162927401116878
0.09835901147363717,0.25701847656851373,0.02452522846381302,0.23541860441975684,0.0034549504708776438,0.0015070631645441742,0.000748361207421067,0.001346015863682264,-2.067328981662818
0.19710003981183624,-0.05775892358046011,0.019149315746491098,0.23566832661079265,0.006308906806268874,0.001817950285227033,0.001682287159928935,0.01053496282170503,1.4890451213313176
0.008432449128401978,-0.31162077973808716,0.03355594921670884,0.23542175044696206,0.0047569346603299565,0.0004825764784323492,0.0008744948611058289,0.0016121859507299688,-0.9199685728457511
-0.7127875687843098,-0.058723267053749285,-0.6419661119273602,0.2350746475968685,0.005410976547301346,0.0006824911781383078,0.004890405361004724,0.036119406849540736,-0.33836998716086314
-0.12028781260276919,0.1273572689904214,0.02508019725654399,0.23539441851747434,0.003115950167176475,0.000936571308323864,0.000828664020412142,0.0011206300645974505,0.3694457032804796
0.022771022577073734,0.20122485284681227,0.028683085896126066,0.23534737121092938,0.0037439175851262615,0.0011909521420220876,0.0009453015720761419,0.0014291663711485862,0.2720659588723138
-0.7492221130698914,-0.07564140625860047,-0.7365439088229091,0.5002566148750066,0.002286328683487476,0.004388548878203583,0.018234550080041784,0.01626811650193295,0.7526160887043134
0.3918249078723358,-0.9876744054447268,0.15108298035052253,0.23543441963185102,0.0007109449202534191,0.002465581141922282,0.0009732548252777938,0.0011877515614496454,-2.8151969472695795
0.265719811731786,-1.1935342372096105,-0.0457915139788008,0.23540430289299763,0.0034843768309824517,0.00034529617660461904,0.0007990962010902,0.0012414673441722601,-2.752699212813295
11.048361220675588,-0.3935088336255887,10.959909766243632,0.23543722102485753,0.0031113715688124966,0.0017666775577005094,0.0010118430486101464,0.0017874013815289845,0.866131386560911
-7.686995402136765,0.40539262405937204,-7.593038311685353,0.23523025007715911,0.0014793815854334796,0.0002546252957740431,0.0009125795984757333,0.0009629932359676495,-2.786139969066855
-0.3378055171832603,1.1554065569753302,0.002582595905145092,0.23541671631932207,0.003564670032141227,0.0015295116621270853,0.0008376628467965358,0.0016086302787595309,-1.6332628544550194
-0.17315324877757016,1.7010915016575272,0.32991153935903195,0.2354796658291573,0.0037208443791007574,0.0010592887826012436,0.0007672912783111725,0.0012575870557874713,-2.742409677317679
-4.884388214355389,0.5845655536866513,-4.719302487792198,0.2354673667370209,0.00585744157999431,0.0007174245940417325,0.005197617921624386,0.03817207508085544,0.46267391755382103
0.08144203899219121,0.3323802742127959,0.1675515102010939,0.235511628604434,0.006245322516006227,0.00045850567176444187,0.0009220962342597945,0.005293664889494858,1.8156900073593494
-0.02449566334126208,0.35657357533094614,-0.018907338891510084,0.23528116789687945,0.001044053508300622,0.001070686579182893,0.0010930466664268986,0.001188899318952649,-2.9294986798487206
0.09395136806502952,0.19915530153913782,-0.03931410654608103,0.2354939114557892,0.005179961055180548,0.0005861749763896949,0.0009154174950279059,0.0031926805929365556,0.09778983871862441
0.05302374460126129,-0.014703521978476651,-0.04166414502168248,0.23504512063014535,0.0028597743402150183,0.001834713346055964,0.0015082481185585198,0.002081490219247261,-0.10398789983814542
0.12794460070322997,-0.23455877395062963,-0.008995099703691419,0.23536472797628863,0.004048924814590195,0.0007245151557100045,0.0007089582943786157,0.0012831013403416473,-2.4220377315874764
-0.12006764851672344,-0.17575994507534978,0.018548661653069686,0.23559061252887636,0.006762732761048027,0.0008071803404802842,0.001664273677676903,0.012714370555307514,0.24483127641907074
0.09987108214820734,0.19108747493536438,0.2823108917046426,0.23540716195471126,0.003656749930550477,0.0004147395208893693,0.000794728763898638,0.0012918181377965232,-1.042641916841589
0.11260593219408498,0.21888010118639298,0.03449188059809611,0.23558308867192726,0.006246568482062522,0.000572192078502358,0.004918859493658219,0.04939222742532015,-0.41623274952500416
0.1852235079679095,-0.12409775662451655,-0.03406502053173685,0.235501071393078,0.005845485096162248,0.0005867325117656295,0.004070944343134918,0.04484331092283298,0.024971179933197227
0.025900254636156684,-0.2324132421102673,0.04740645408817274,0.23556444209832222,0.004473519566494087,0.0002763704893305954,0.0010594161379470447,0.0018438907229047718,2.14753752599128
-0.14417082392204247,0.0572668992541512,0.06807006566707824,0.2355147976248546,0.005721395330006461,0.001681530890848993,0.00290778852142561,0.010776030855462188,1.5691519806315273
-0.033031766195089955,0.2615053814048234,-0.008274546832519844,0.23547848696451562,0.004144437525180591,0.0017002342927466636,0.0008053861541859654,0.003035281478491807,-1.0111123226254588
0.17884204619033797,0.004263308116759594,-0.01708816885687871,0.23540206059675137,0.0035937084095077902,0.0005720264776257627,0.0008739580227478131,0.0015347451270524303,-0.4775517797580406
0.09126232635576341,-0.2710158632735814,0.010865451001848457,0.23534722916850428,0.0012809455522795486,0.0014028804684829024,0.000991875724858299,0.001104166097906992,-2.7792063886844507
-0.13857113366108967,-0.08786087763901237,0.037319019798821434,0.23546708437161593,0.003971125759923026,0.0002829209936659038,0.0010620410779591761,0.0017607293515457625,-0.13092634225663938
-6.168152954586424,-0.009989626613734932,-6.189580287468542,0.014758575095248453,0.0005612532121450209,0.00042921661080944117,0.00934334459430313,0.009285467876193984,-1.0956963556182213
0.10039750633649266,0.16631965214057792,-0.015126184322342631,0.23561516448063718,0.005057874662264644,0.0018262037322170715,0.0018825074535466064,0.010736224774091465,0.1766880773827351
-0.3650414113640231,-0.024417236643665987,-0.4734577462108079,0.23513384932141235,0.0041008954909129754,0.0013046478749858027,0.0012930253392091598,0.002788200612888738,0.9392024936041142
