2.730273885088593,-0.2738110629729736,2.9306809720440863,0.23548294133779193,0.006266988554401793,0.0004915796562916585,0.0012927128338607642,0.011471244798267416,-0.410497946195898
-0.5946004129355864,-0.7637391741333828,0.09956482645469966,0.23543065757825202,0.0030522791938445704,0.0014586050719072332,0.0007683154486685859,0.0010485829479424894,-2.768322502649278
-0.08812597945704914,-0.6158562794455139,0.516460193417368,0.2353232516957064,0.003085516077074571,0.0006376158169363001,0.0008167390632512222,0.001085353222468059,-2.843511491463975
0.8487854133121341,0.15518405647476088,0.846768770466825,0.500066534548154,0.00429090500183852,0.0012821033395185612,0.018984511557434313,0.006295627779049802,-0.2303530278841185
0.057266625526271965,0.1815502985459552,-0.023532725292840243,0.23544868245551182,0.0066197919855910435,0.0007188965763473501,0.0044703937688593985,0.03672404732377787,0.43632701058550294
0.11904055281462476,-0.013806020750362923,-0.049450238660453734,0.23546692886897563,0.005930894656019161,0.0009659391451947804,0.0021446651960724465,0.018191113059042627,-0.3772374288795865
0.16472810509911406,-0.118459206614505,0.15699797127208262,0.23529448747538012,0.005094488072376048,0.0015983111395601105,0.002796407018350674,0.02501449699587884,1.0427640850001947
-0.02350658227130544,-0.2994674638912976,0.04488266286273354,0.23552515210117417,0.006573210380238241,0.0007563866100691093,0.0027153270522967967,0.01027569974378674,-1.8872227131286488
-0.10102440960306605,0.05656243906037198,0.05475180398172455,0.23540289328399827,0.0048675060128743385,0.0023621478054246764,0.0015751339340369524,0.005141833166570902,1.7822643920522552
0.07164351268806318,0.2735242436730949,0.039427473843955764,0.23533383770353372,0.0017903470974803706,0.0012100497918263507,0.0010642104356196837,0.0013394598406366318,0.09056114213069874
0.17814548679169545,0.024647053342714317,-0.0028562844283379256,0.23550198831762828,0.005998917685533889,0.0005196473373578038,0.001141217391941745,0.0036211493586629753,-0.4636395074050652
0.04047526506173378,-0.280207987737303,0.021572997470022393,0.23533985654084097,0.002308426596759021,0.0013151067005299723,0.0009773497329784767,0.0013081186810172546,-2.8238416638829267
-0.09949512798890371,-0.08900789276630183,0.06895382057434672,0.23530766159686403,0.003760896308384579,0.0008365028931357152,0.0006353700097473289,0.0008921321960775266,0.40685394040588685
-0.02060866423587883,0.2652138281755566,0.07027051294904105,0.23554821395196257,0.005850451248919389,0.0010603806354159188,0.0026218092468719726,0.015066879333269992,1.4104527900065633
0.1536279581993915,0.15618165108987783,0.003951002972216697,0.2353325114717002,0.003725480884981769,0.0021653006572017863,0.001140300699078888,0.002353032795016555,1.690560749759875
0.1423933369605332,-0.21291428803944099,0.009991948990228278,0.23557479006052065,0.006206483178567496,0.0006926960394985339,0.0025561295100503135,0.03107456174326962,-0.11716536795481032
-0.039466048518499414,-0.22219459684873202,0.07346514952650082,0.2353801107447115,0.0033314839646124052,0.0016679822875877628,0.0009511679651873578,0.0017054966215453882,-1.6976395955860777
-0.08764049498558892,0.13993565667571195,0.06126791628324172,0.23544798011166976,0.003956911974865656,0.000338501528537481,0.0008415810073308402,0.0013205165284103483,-0.20669073787403178
0.09138424166762169,0.2538874795060316,0.024588885263262878,0.2354707233784372,0.0055670821438175006,0.001013889878387661,0.0013472483698190225,0.005044741658383649,2.1957732941716976
0.1929429236612975,-0.058937314888296816,0.01915328832259868,0.2356449856764142,0.005112203586399425,0.0027944279092196387,0.0015975690217863174,0.01485139493308114,-0.7545836790059128
-0.016373193318182405,-0.30130994079400425,0.03355275469810278,0.2352504364650486,0.002903699117047794,0.0006693121234000742,0.0010478443213215332,0.0013702813376952206,-2.5541931357193928
-0.7073928775896358,-0.07308285573177158,-0.6420272265567865,0.2353481965628733,0.005301489456864184,0.0013186112736369383,0.006078528641351918,0.023540443862685133,-0.7893770620510269
-0.12668298099172298,0.12062763223969845,0.025132588434670533,0.2355027808333278,0.006126020461138011,0.0004603639054887597,0.0006057877011370924,0.003797007043039935,-0.15888491732592852
0.004751290421442411,0.2021353392826494,0.028712539323705873,0.2355529350485543,0.0067442070081423335,0.0004584163440891232,0.0036374789970213322,0.02925027446347672,0.18828374031389372
-0.748524313268027,0.15467516554441066,-0.7364985406832847,0.5000003342244842,0.0009152077310629731,0.0002918699911313007,0.004972515149630123,0.027523640216618628,1.06567293412289
0.4239092877759982,-0.9878930516435577,0.15116742560559437,0.2354851366235073,0.002868200994070649,0.0016141516850647906,0.0008567499099805758,0.0012549244843431972,-2.844733481992929
0.23118986202108127,-1.1667481098378647,-0.04567984945620068,0.23536758162906812,0.000153523714021746,0.0028502668283933866,0.0010077547115208273,0.0013391422975680353,-2.7884239431357662
11.053803361707821,-0.3960303090960656,10.959965922768717,0.23546255917136333,0.004782254698374656,0.001202862232221985,0.00107279364117866,0.0027664073971371828,2.4136903741021083
-7.700736234492891,0.3984757140562262,-7.592945568449836,0.23530668817627942,0.0017612449907315692,0.0010919558157607004,0.000920411791205614,0.0010991996718016973,-2.8615195209124518
-0.28720786315476443,1.1111768929227661,0.0024595007925831735,0.23535440704433783,0.002094530281803363,0.0019309794525869703,0.000986237364047847,0.0015223471612975266,0.10458226858913643
-0.07294498409166013,1.5938335878993561,0.3331616811707518,0.23542588592456384,0.0016793606563697443,0.0019358398711738698,0.0009896467751191926,0.0013600721362412992,-2.421843366319417
-4.837735967991839,0.6146911893354391,-4.719191607205561,0.23530546451262963,0.002307929558780896,0.00044549486855255014,0.0007068282719430158,0.0007448930332195581,-2.593463148142679
0.07887328424257978,0.3358865433732425,0.16756954571635732,0.23552199751219735,0.006354395469944564,0.0005443285197662129,0.005572009206287819,0.03906865089447744,0.2259044201966487
-0.06060666066970436,0.36006050182980653,-0.018879849198456058,0.23548241810273893,0.0036188805683154066,0.000877759970748121,0.0009439752958156614,0.001519756763622063,-0.8245915235362077
0.09511775807646149,0.20452376793960306,-0.03932666597757408,0.23550801477344074,0.006266304673075605,0.0005983439206377535,0.0025406021022342266,0.016431708970890253,-1.290852987878511
0.06146615253733596,-0.005880937581896291,-0.041648213745371046,0.23528485684776293,0.006161219500048888,0.0004750435855246584,0.0034501657463640607,0.020824647403680056,0.852142210276832
0.13249981335337993,-0.23665938612454968,-0.008997697539147429,0.23538568987977324,0.003996252759273339,0.0008695202023428765,0.0006582239948504545,0.0010826929511928733,0.441539402760564
-0.12483823112716098,-0.1679662980606775,0.018545004874069033,0.23550383909123204,0.006588840266449766,0.0006904300276114735,0.004968982852933911,0.04568052297975487,-0.11048573538767757
0.10848183500166633,0.19353280248352628,0.2823544766604702,0.23535119771723592,0.003120006605708664,0.0006148166088892433,0.0009094094967990274,0.001371044223817965,-1.174763930116827
0.11979949152088393,0.2094131050215822,0.03444907136424846,0.2354840078156396,0.0032890470193699724,0.0010876279261697586,0.0009179601121974735,0.0014442871573067102,-1.9990333324392378
0.1869564375337678,-0.1220188203836318,-0.034042765529156215,0.23552031825842962,0.0059786094761131,0.0003505269720699424,0.001274622236671537,0.010928352044077922,0.9129708636248721
0.00830303898089013,-0.2227437768908879,0.04743528762491053,0.23539283737755942,0.0017936527174829454,0.0018770305618461092,0.0012233855129777699,0.001661699110354305,-0.6272229777626842
-0.1407466952885855,0.077091037856245,0.06802116038565881,0.23532510985967237,0.003955829344882559,0.0006886081413592721,0.0010538907771790917,0.0016932472170353068,1.9182180913833962
-0.019884581731538696,0.26062050686222515,-0.00832692832437818,0.23537850478887185,0.0029450942583914975,0.0012575438239718234,0.0007247764989149647,0.0010319013999637032,-2.667982921776777
0.18434834692022095,0.015377490492805198,-0.017097725774484467,0.23550914195433337,0.005696413504559543,0.0004646053334761208,0.0037769274553438423,0.04607364981739178,0.11061935855608947
0.10135968292065871,-0.27184285287482074,0.010909248047536218,0.23541466026548202,0.003701392564821753,0.0014788649738904345,0.0008358652829740295,0.0014365172423611526,-2.5279992884569245
-0.13775345778195572,-0.09474960973821478,0.03730027177496393,0.23552342984606467,0.0038540287833057577,0.0002574902879595222,0.001048147536669487,0.0016860242914704807,2.036390860609798
-6.164998986060042,-0.012809042360964973,-6.188572051605479,0.014714955571387208,0.0003846946719814782,0.0005883106990561418,0.009115422660193486,0.009196334120868174,2.1187246396536557
0.1121502199152654,0.1696634349372512,-0.015191536992178284,0.2355286022300149,0.005929951443490775,0.00031743837546455557,0.004032609345147314,0.04987909569476477,-0.2923280574371392
-0.3598108675886495,-0.015871945531792997,-0.4735021950054477,0.2353048004843048,0.005417173853946383,0.001205801149570096,0.006673401788857929,0.04265446422806931,-0.25411761094618773
