0.006865730550165054,0.008392604399386317,0.001325755083151829,3.329466724721929e-05,0.00018516043633748301,0.00028539828887260354,0.0009341371919750466,0.006869065172406984,1.2218848770450412
0.01919606516456849,0.02309464337885675,0.003390747618803611,2.7242749776675792e-05,0.0003887542364620555,0.00019802108700802795,0.00011616048664184298,0.0002782382784081175,0.23687697673953792
0.013288035604293981,0.024428243548176617,0.0030416667096132954,3.347003181451867e-05,0.0002364199762194206,0.00021198107774139273,0.00011722892034231336,0.000182491862821162,0.4340630211481211
0.035930742346900614,0.06326166654701397,0.004077370473221116,3.136134983994273e-05,0.0003136499183666743,0.0005408672716025806,0.01063263637353937,0.005405114648031382,1.1813553060423936
0.0065115691637747785,0.008561984414482507,0.0014049287379095804,2.7849414194081174e-05,0.00035006766608745784,0.00040164109842850894,0.0034032875348705195,0.006196852008922186,1.7430075445353297
0.007514636424343658,0.0046604487970269655,0.0010862678810632795,3.2740140986705385e-05,0.0004596261583750329,0.0005769863177292256,0.0015473057060796174,0.006746896699129132,1.4238900398039294
0.0065652710177483455,0.007305934400254557,0.0015455413457985223,5.8624293177726704e-05,0.0006481556394898755,0.0010995167919551265,0.001644034459624965,0.0066589954990962765,1.407114376472075
0.007405486929576894,0.012918654359426901,0.0017013278546046467,2.6051604009529857e-05,0.00036604529106903916,0.00048214639740010374,0.0009249644120198035,0.0024360415549025,0.6102851595046732
0.009841599859860238,0.007815103522621294,0.0013396583798838452,8.589308229593993e-05,0.000456595565543432,0.0002455133404064629,0.0006074128717663323,0.0018715099935688426,0.957764704694829
0.004321086654698202,0.008715360613526704,0.0010784376462733226,1.5189223638421204e-05,0.0002492614716435993,0.00019231321545843118,7.795793513684751e-05,0.0001062846348492487,0.07843854045377258
0.005656840549387193,0.0033658231163555207,0.0008483618939322231,1.3529609576514093e-05,0.00032421796020440624,0.00029715012265440566,0.00028582837774755894,0.0014841052210513626,0.33062902297322333
0.009577629668819414,0.007690453487406514,0.0010994591349879617,5.51960384139963e-05,0.0002721826042783088,0.00016088046760228468,8.27971712077581e-05,0.00013993240326880935,0.872809790082819
0.007728243377490748,0.008141525513016114,0.0010745624011782166,5.776059816631015e-05,0.00031339236141701536,0.00017825726557738506,0.00021561800643730126,0.0004724704753072746,0.35706177508373776
0.007440136984949333,0.008092789111196423,0.001220489143962617,3.097552955738979e-05,0.00027576070651510673,0.0004433694738795673,0.0017330780757917178,0.006000604918174558,0.6340966906158041
0.006600057652131277,0.006702162465313987,0.0010978948175875028,2.299994533474287e-05,0.0006424744118537752,0.0003058122865307637,0.00018614940621009175,0.00047614881071435033,2.3865662134713626
0.007503217563788498,0.0056992274922266295,0.0010716771771851561,3.0259749185231267e-05,0.0003912184271736978,0.0005340917611841234,0.0020175307840880298,0.00862431111339184,2.158144906101756
0.004785149868752636,0.007361365816563899,0.001053906781533108,2.15585030607425e-05,0.0003880509850686811,0.0003157828473197851,0.00013587281763873386,0.0004370087173645939,2.389447123364148
0.006511357102749543,0.004523235098327235,0.0009165104061819956,2.7227012286191347e-05,0.0002965847121481033,0.00020444034057468587,0.00013908739744090045,0.0003258943768129488,3.0039842913295103
0.004094569164381982,0.006384626198208869,0.0009477116075837955,1.6342859804054743e-05,0.0002822092381738019,0.0003237188800434196,0.000270261487009034,0.0009874032141240097,0.2904040314126715
0.006064157637530384,0.006881683991659802,0.0008958157024444671,7.598400971048819e-05,0.00038411922500283785,0.0003265023031057762,0.0011748658912378526,0.006343796437415361,2.024089176414282
0.00660991980489974,0.011423825535102817,0.0016405267857880939,2.3264634146210278e-05,0.00017331685882237521,0.0002687447904460758,0.00011175635616954334,0.0001872052867519627,1.4661104965810057
0.006750276000001766,0.01205759278498891,0.001284828714181307,7.704668164878957e-05,0.0010280984138047716,0.0006273216127799467,0.004054808177152138,0.006665852609789733,2.229339875695147
0.0054829369734338855,0.004484117205895033,0.0010040977092922066,2.1106636919490386e-05,0.0003920991167013102,0.00033066645508981476,0.0004928450756351507,0.0035804688815166083,1.0927445341511188
0.0089062136447877,0.007382240726366262,0.0013962286175175963,7.53163703379343e-05,0.00031830787723760654,0.00028003139707736657,0.002080346970232857,0.0031494079357449914,1.547295966615798
0.006762374351973588,0.06309857811590235,0.003670695343546635,1.0385703176171338e-05,0.0006291228795797752,0.0002375662166682285,0.00389017755140281,0.007157384446087195,1.3050604652172824
0.012492233757320904,0.013981456700723928,0.0031168450624630825,2.0855215433894275e-05,0.0002625001913460347,0.0002540121194183009,9.441583438154538e-05,0.00018603085951959147,0.8340383774647874
0.022032840290704236,0.02268890311202351,0.0033598323820907368,2.6492638810881122e-05,0.0001092555709193892,0.000181931216542517,6.280782250995663e-05,0.00013714214280922518,0.09687159819369015
0.006708393517788783,0.009414945347132508,0.0013626259880175368,2.1056148042257957e-05,0.0006619294779530487,0.0003448423027566174,0.00020944965754442647,0.0009692422013636979,1.292417615331886
0.010355305074237486,0.014443225932851465,0.001917449895971563,3.801385830217706e-05,0.0003761447424422658,0.0001831848886254858,0.00011936033270794053,0.00019098319847486684,0.28941163927909436
0.021782536848325852,0.023634926393361646,0.003863001920069385,4.796506529231264e-05,0.00035368956983869833,0.00019157337764802077,6.39011642499853e-05,0.00013280486005886772,0.08740462618183585
0.04614546086931613,0.020256273284388764,0.005657868996024164,3.518266648535028e-05,0.0004202177634113524,0.0004399617155906077,6.03826803713933e-05,0.00012722943544381878,1.7629672578810986
0.021440115794207987,0.023992209131146698,0.004655968605242611,3.364755879075661e-05,0.0003072484243428632,0.00025214359644942086,0.00016930557341275548,0.00028689654486179823,0.28985341648677904
0.00948655711407945,0.01062106154291626,0.0016904797181328663,4.2327438398037344e-05,0.0002901047947394721,0.0003776086064566106,0.0036657262850641487,0.011047729973155193,1.8399428639402302
0.004991151779055012,0.008835533166816805,0.0013107593127221892,1.1945931739108353e-05,0.00042106578963443036,0.0004610260672568382,9.059265730755198e-05,0.0001516487437195854,2.9356686032551043
0.007588585776509915,0.010221432984773508,0.0013533472007278332,4.995371564085755e-05,0.00035954856499872175,0.00037662522636406877,0.001603300830907919,0.006254074234298691,1.1022807576064964
0.006240604513773901,0.0054312055150851565,0.0011909835822634936,7.023870624808475e-05,0.0003888082876531194,0.00028487158669200766,0.0031481949664129124,0.010027095821130682,1.8575407130172603
0.008878213718852272,0.005956138220647963,0.0009842839778577308,4.6418925274019e-05,0.0005765676013085722,0.0005587316363837352,0.00014640315959630473,0.00031512458042060905,0.3344853366739923
0.006613018773099644,0.007944461200563732,0.0012762743861415339,3.151089696906825e-05,0.00038762996715013034,0.00039510038814484966,0.002861025074381342,0.006146737539527646,1.0840296884832326
0.009280553907075386,0.0060599111238688426,0.0010171736910925145,4.3061045757689284e-05,0.00017057641214993704,0.00024263026416520964,9.629117345590496e-05,0.00016200362466773177,2.800551181841673
0.005587221481858198,0.007582401474383672,0.0009729679402317859,3.1656597944698485e-05,0.0005264948209255999,0.0004661800407913588,0.00012366625918224932,0.0003449698248648332,2.1483669620845003
0.006341565742397832,0.005431692360700014,0.0010526808846784716,1.6146283532034555e-05,0.00019321570152660604,0.000222440589188269,0.0009565223219087002,0.005218458705298493,1.4998453568204428
0.005457510204101059,0.009919870380407175,0.0011788860193536498,2.813171378525049e-05,0.0008622997763680658,0.00021710956202058393,0.00011174263133923996,0.0002627161644160378,2.9717944718244507
0.008340508418819365,0.005390840561919478,0.0011871422017861494,3.7306794227277544e-05,0.0002350067356276112,0.0003551619426111178,0.0001322817468516855,0.00019178402399395417,2.310047743307509
0.0053771837138288335,0.008859256958153379,0.0011440549436984456,2.800382160715917e-05,0.00023492258756770975,0.0003668445332219382,0.0001715648747330145,0.00039566478039105765,0.9459869123848093
0.005108421159025502,0.005121157927369235,0.000990010264164861,3.692806025728048e-05,0.00022538908485450555,0.0002635213754324915,0.0035878943820281616,0.008594123460511206,1.840843081966265
0.007389160351874263,0.007065910262398354,0.000996916467847226,3.8309307641887336e-05,0.0001917846692218361,0.0003362758057848432,9.901292399135018e-05,0.00024197611794248423,1.4270867498082713
0.006526105075257218,0.0047191601180397134,0.0009931840123665694,1.542103088387105e-05,0.0006258107283264152,0.00014663782477534486,0.00012455379177275658,0.00017706794433355974,2.2306268106621907
0.012254978550055261,0.006736111841706851,0.004348664809094109,2.3969179776399778e-05,0.0002985096074098433,0.00042693889725957255,0.0016932029731620208,0.0002798596647181859,0.2220549700449733
0.004670339620288165,0.005307257125339146,0.0010552237958060577,3.0545393675322945e-05,0.00017244673575107924,0.00022251239804408512,0.002991839492612428,0.008018637054289837,2.0939987408032574
0.008186401588845661,0.004724360041581302,0.0012786868586494129,1.861642864652965e-05,0.0005805866509888345,0.00047925383727421124,0.004143320798538554,0.0073916880134936,0.8600051959557256
