2.730928856908271,-0.2722718209362088,2.9307067495135595,0.2354788158315292,0.006081312553645899,0.0006837852499832405,0.0024775944262209453,0.03313800186637694,0.4525098380499784
-0.5408580751071317,-0.8273286409665503,0.09995150315227187,0.23558139656781343,0.0056745280622674575,0.0016757817270289562,0.0010484405391476886,0.007348021604631551,0.6132291394867009
-0.0589048039466462,-0.6432121021218203,0.5163071627765814,0.23543925911367808,0.0022748127136829684,0.0025387827444599107,0.0008125017071277664,0.001312253334709309,0.45253392229766265
0.8454693679301515,-0.4876034882366043,0.8469751043941164,0.49997942604860507,0.005338859552065175,0.00249700147505309,0.027801305895081046,0.07982442614491728,-0.33423831551185873
0.045547615616384346,0.18726600811060198,-0.023545715368368837,0.23559088909253084,0.006652714543545906,0.0010016596962461933,0.0030578869589715815,0.02340915750055559,-0.43875166780688307
0.11722839657839627,-0.008967950004503147,-0.049505955206748505,0.23552692673618117,0.006402629012188984,0.0004954254077015216,0.009402143248445252,0.03659363977938958,-1.6842452517077233
0.16689368809634253,-0.10770862971803663,0.156926791791787,0.2353617154560431,0.004001703187622286,0.0021343803415481795,0.014449602851532666,0.0565199948760342,0.5416195625162359
-0.025335936069033126,-0.2913751159942469,0.04500562970765059,0.23549317727221364,0.00650150767196474,0.00045159741867545924,0.002582509589312546,0.009849873768659067,0.266556480591247
-0.11177986349652876,0.04196828612153407,0.05480323699668964,0.23562052498975827,0.004740303533257086,0.0027366859049661758,0.0016807977801237947,0.006810231653935884,0.8757733074886247
0.05646287500923047,0.27884057206702045,0.03934959722609484,0.23543802650035406,0.002321231733830248,0.00041590471664574766,0.0009986693796159899,0.0012330557178794252,-2.3982976913953302
0.1856518537960766,0.032821318967309304,-0.002857803244500937,0.23559134964783726,0.006741489474762,0.0006933716619317208,0.005883967445918463,0.04853918798810745,-0.3005003910893001
0.06108363190311132,-0.2863093112773209,0.02158245763231725,0.23547476461810163,0.0035181249821712906,0.0009343412976865634,0.0008012521055630419,0.0012089414546124912,-2.219808689806989
-0.09231719515011058,-0.10479173056068943,0.06903041221061294,0.23549688137314076,0.0064574537815650585,0.0007437582259989906,0.00449284272556311,0.026439830524273303,0.2811809040999057
-0.01043258287671456,0.26513646908709243,0.07026372358657272,0.2354804458634163,0.0030212405811386577,0.001113262820008126,0.0007599819868393833,0.0010517198071174159,-2.5125621854632088
0.1516596771228765,0.18114620817198496,0.003954553000122495,0.23550102191077535,0.006589239194862704,0.0008448589405600834,0.01107620576384668,0.06674106070887935,0.08962837066234743
0.14136170885834176,-0.2110071805494112,0.009999525834394812,0.2355741004680033,0.006204557545018225,0.0007073343613432272,0.0017219733839973805,0.01405699096133032,0.4870685762176978
-0.034421868331991456,-0.22350197882562298,0.07344623314271387,0.23542759406654587,0.006011250464183175,0.0004081052356049411,0.0024771381903021545,0.013479986142292708,1.5109107558365937
-0.107341890645321,0.13291148188993138,0.06129465439295155,0.2356255115327821,0.006399534829381604,0.0008855696123624062,0.001888619477676023,0.011771593103460936,-1.1605670247623021
0.09156387788910268,0.2561408181401115,0.024549208234090496,0.23547246579674647,0.0057162253707195645,0.0007690704508437932,0.0013584913234004994,0.006169269910260167,1.9215192871178526
0.19419702523585372,-0.05205332797177284,0.019155849046658555,0.23574017297541838,0.004718414993235299,0.003227794691011013,0.002987879738408813,0.03028047813951455,0.12673336040851838
0.007279907903737402,-0.3126853178763677,0.03357774054559833,0.2354131311199541,0.0021260594542141507,0.0003884467942968264,0.0009665218279651869,0.0010454366447563356,-2.794433913686449
-0.7080179698191191,-0.07124428662780298,-0.6420216946164099,0.23532015895328862,0.005305674610375936,0.0012222382729251626,0.015136488512320665,0.05263247433487782,0.3372325461053606
-0.13081097858893895,0.11676568425987038,0.0251234367037387,0.23556588514108337,0.006405529207591143,0.0007745154729182105,0.0028897344360520475,0.02291586567690706,-0.01643975039887247
-0.006618095613943775,0.20362090162967234,0.028750464342090595,0.235674963903808,0.006960637554825905,0.000820952763023881,0.006538653484197149,0.04530425602198944,0.5335316549679965
-0.7560746776419779,0.05130038433379923,-0.7368122063930461,0.49997190291010585,0.0005887897342206637,0.0017626330791703825,0.027217117162536723,0.016050946584124433,1.7377379560013126
0.4209281724628782,-0.9732034561251297,0.15132902481746854,0.23548786479397354,0.0014120609720687089,0.001557543279156954,0.0009662036075430854,0.001103239340342946,0.21749320705572597
0.26839693572646567,-1.1783721128016358,-0.04550946373037085,0.23541738019809566,0.0010376273317224767,0.002427365610656714,0.0009238182275785519,0.001275479389748629,-2.799110477813861
11.057624431661704,-0.39561072598292835,10.95992739201466,0.2354824365626027,0.004167429090609981,0.0015044390112156222,0.0010763863594367331,0.002621907945941434,1.4113689535060403
-7.7456209485986145,0.4008616359800835,-7.592957822562118,0.23550428032141454,0.005814655086106339,0.0008922412475173738,0.0028355759103375995,0.03021145759908961,-0.5756941753017336
-0.34702887994995263,1.1518144479072168,0.003056509289000547,0.23543621647584695,0.0011330745297021758,0.0013384356220005307,0.000928681130699411,0.0010227549374661293,0.29739196711982907
-0.13532493519113373,1.6111181036918318,0.33074347514938973,0.23546854940317433,0.0026704249326855345,0.0004660156011384629,0.0009393316762643662,0.0011992711419655134,-2.207635363998313
-4.939505217646598,0.5800516387310481,-4.719758508014638,0.2356276263560719,0.005977345844541719,0.0008670150338754555,0.0022108663837274866,0.014494631201382694,-0.3950898709764201
0.09738843820152437,0.34152340512314816,0.1676667651352107,0.23540751101496912,0.002452792158668927,0.0017057939527446774,0.0007837856705094488,0.0009688026608968981,-2.552788551081186
-0.06313435316448882,0.35937532684176926,-0.019083206766118428,0.2354932490340169,0.0007634620235679797,0.00182878360975537,0.0010443174271680055,0.001172858580610876,0.27021594738633936
0.0883909646058077,0.2021282326708195,-0.03935686166407833,0.23554597344042427,0.002270466352213569,0.00045122195336606396,0.000998836316552051,0.0011611022180811764,-2.2838857815851497
0.06793540649756534,0.007689122044515169,-0.041680746830293054,0.23554964056951508,0.006906252846686394,0.0007478602341593294,0.005855233678097118,0.04310114656833383,-0.4034358173618438
0.14339609403913087,-0.23177926755212283,-0.009005135600881701,0.23547180641556018,0.0019140246898355358,0.0008509663839091607,0.0006240631956657664,0.0005752441875200314,-2.578745589609743
-0.11273455435003392,-0.18136040439450882,0.018522062350379023,0.23569170704816264,0.006367612496819947,0.0018114011042779982,0.0027611533323540264,0.029377658140071226,0.2106500862248669
0.09553021508013335,0.18477466070505794,0.2823316799759886,0.23546928366592976,0.005890230676598059,0.0005792873526405488,0.0016936079425220849,0.007147707570111298,1.6339649928531323
0.1113006505711746,0.21511840586646894,0.03448570058904174,0.2355766628819365,0.004042894649259216,0.0007348917609126368,0.0008410513327594812,0.0014254429227975242,-1.5231875397066212
0.17483585294851892,-0.12273588818761431,-0.03399822059630608,0.2354657104248004,0.001456377647712155,0.0024635888847880823,0.0009234238529510372,0.001354139208684777,-2.5579466806506415
0.0280915598869246,-0.22782992523287135,0.04750919929643955,0.23557351181056416,0.002396667330210976,0.00042595474923371585,0.001163875906798165,0.0014163744292265544,-0.8227509770350897
-0.14707324666766047,0.0638811372909775,0.06804709286316085,0.23546284274099555,0.004935804464606186,0.0010346266170305001,0.001369001329555841,0.0039051156453444075,1.8916702799507057
-0.0491579788005532,0.2694711967588849,-0.008309969510339604,0.2355891759565668,0.0061614591123094024,0.0008363067740816518,0.003465804377135263,0.045130372006895195,-1.2626260477807614
0.18382132208419133,0.015733954636259127,-0.0170961772142586,0.2355116183331427,0.00570808225097054,0.0003163570879642893,0.0021383401845272466,0.019042878427685858,-1.1852405653606173
0.1107428454280948,-0.26956243892961335,0.010906625730973188,0.23548665139010486,0.004096575549523822,0.0011868701387156204,0.0007541957992647746,0.0013308544095935713,0.26015133410280655
-0.13659637848423303,-0.08646003088735017,0.03735150973526901,0.23545603281282493,0.002104974022031503,0.0002744781553839907,0.0012057857309855083,0.0014712371182515878,-0.20851707206961587
-6.164297759919222,-0.010957565092958298,-6.188379024800717,0.01475264008259026,0.0003520048831178407,0.0008107969107633926,0.00896522360676639,0.00923060363181058,-1.06858223923757
0.10277113575511186,0.17018131993128496,-0.015149122539658265,0.23561130086855092,0.005745183603993573,0.0010441270294815977,0.001681016109798105,0.009024464422917851,0.8768023944209026
-0.3570071588128214,-0.00491899111782385,-0.4735620195051374,0.2354926722844894,0.00577162924009998,0.0009231413728677669,0.004961390499930945,0.039396823054021916,-0.07001619470417796
