0.006717447423662906,0.007589577042330601,0.0013370831033883092,2.0886909130404025e-05,0.00026468442365463313,0.0002818379285002118,0.0007163396926554135,0.004291509273914002,1.996608465766663
0.015486027678816168,0.021056870013996806,0.003373549472174153,2.5920286082995556e-05,0.00027222076904005185,0.0004017045546576893,0.00016276961374381808,0.0003502592806079707,0.27664033311675806
0.019326087705012058,0.01698018737494517,0.003014240102500659,1.2048819811540196e-05,0.0005741286449606618,0.0004316608978273112,0.00011201897422805169,0.00020897781066502797,0.6802275388976815
0.023127369221177238,0.10806286098190171,0.00422145593915373,7.249332985550546e-05,0.001227196575064538,0.0005309673026050292,0.007648397703697863,0.004092840365435309,1.6930242563580244
0.0070436610498173,0.00721299043304247,0.0013931758515207597,5.776270315406636e-05,0.000434167113593055,0.00035465773139523195,0.0035398342756998245,0.011982819064451339,2.0529568915639023
0.00798305217685958,0.005756628274616597,0.0010818748471486067,5.6029326747585364e-05,0.000590341741244936,0.00030632716799632313,0.00021576274830054163,0.0005142266276693643,2.943962896368488
0.0069863407287790134,0.011779940821509982,0.0015386872819728404,6.0733331478006755e-05,0.0005463612247903108,0.00042642612006585096,0.003916186779291936,0.007555733960443355,1.6986921527738343
0.006717620760222279,0.02021489019114295,0.0016771305864082167,2.428904311895134e-05,0.0010189854422295933,0.0008647130109757886,0.001696455829403647,0.012203761326679347,1.027182318262028
0.010669424119645894,0.005420165199794665,0.001314838946993131,3.077498517110171e-05,0.00038374801813073384,0.00036900362591352334,0.005956725204640873,0.007833449537267658,0.9293610282605747
0.005054087346728972,0.008422556767215155,0.001055314245237255,2.617581794190502e-05,0.00030658871808137274,0.0004347258272100767,0.001022990265073679,0.008140569107998685,0.8632172693339782
0.006614031756525592,0.0038433988593329456,0.0008509802817452385,2.3508778052602004e-05,0.00023377308253844133,0.00032961665510549884,0.00018348511696657187,0.00043102698167212563,2.0625185240881376
0.007102199371001915,0.008971067022609417,0.0011355903282764316,3.29522130297494e-05,0.0002925181276765516,0.00021785794895991072,0.00012201769504206399,0.0001978775911097236,0.1752651334932695
0.006237095421822294,0.007783100551210682,0.0010747689260959144,5.814737097355771e-05,0.000840422781544884,0.00039199632111042236,0.002436574380418919,0.012899111196189791,2.34971252826899
0.008097874818561791,0.00870371639219273,0.0012392790549696309,4.715065030609989e-05,0.0009579258817142552,0.0003451687151389594,0.00036622647307960293,0.0029914504100800802,2.6222902850735728
0.007059937606714895,0.007382389603239646,0.0011055718753190341,4.4023154146187576e-05,0.0011848462236566683,0.00033206330067913584,0.0005447529691748004,0.0024927405186863823,2.322906553243997
0.006360102258405188,0.005759799603118128,0.0010836222076556488,2.6704199676332896e-05,0.00020984544814874918,0.00034197683218633814,0.0021439224552494266,0.005275023091101484,1.493135844901402
0.004697572908403655,0.007516562864434859,0.001075711575587605,1.1178827299752554e-05,0.00024118138389429475,0.0001465362034482404,0.00010718750083149947,0.00020178787385357296,0.8022953105643637
0.008791619682110235,0.00529421782242847,0.0009115148907692787,4.14841265114574e-05,0.0005560925784601599,0.0004750331862562152,0.0019747111440535097,0.012606270464837258,1.6149292750195534
0.004160234461745398,0.009556886348300977,0.0009534654910526566,1.628743461389821e-05,0.00024949001782327194,0.00028805997596298134,0.0006369174091784356,0.005619498104141305,0.5123824451183211
0.006372451380887665,0.006624014310209202,0.0008906648351652944,7.51214706319963e-05,0.0006512760644822133,0.0006900567245167783,0.0015999779885669532,0.013193548676872032,1.7147447999880217
0.008729687011377269,0.011622093019304265,0.001466495789869248,5.2326682395207825e-05,0.00025943756484978533,0.0002426820954561353,0.00011793366469817618,0.00019521837101789036,0.8739652378747126
0.005780522194740081,0.006850132091466817,0.0012842341180012273,5.955223411179227e-05,0.000726177230260148,0.0007100389467519683,0.0019012395666736304,0.006706532432587504,1.3664177708867666
0.0050783739722262185,0.0047961854205108975,0.0009907164143744549,1.5594501201498988e-05,0.00024071297775054635,0.00034948352817829265,0.0008083514345707395,0.003744541088251322,1.6568417065477308
0.009178713247738394,0.010292697888877813,0.0013833042372981437,6.169744857394995e-05,0.0003772061689973045,0.0005862544363351683,0.004967901769099639,0.004789506312402442,1.9033226304904884
0.025904893010125937,0.05164275777303557,0.003640790253449835,2.4794136653771967e-05,0.0004833222931784877,0.0008580956288939678,0.006286088878168652,0.007553336943698488,2.0006967321157516
0.01640110422229693,0.017066333296766347,0.003597980347427494,2.182604248615533e-05,0.00037747784771438353,0.00024862945505425333,8.765792389856126e-05,0.00024853107907963945,1.5989053395177641
0.012911988137872706,0.012935233160043974,0.0036426711878323544,8.459088963326001e-06,0.00019012946382332492,0.00020675390276864687,6.470323035304345e-05,0.00015060054640394466,0.08482882372157217
0.0055899945897908265,0.009575457621662445,0.001332707551836382,1.168455138981677e-05,0.0002735789782437094,0.0002247603823488709,0.0002972879232994011,0.001252888660831784,0.32946934325027233
0.007683687636805298,0.013060482862223194,0.0019198951328380485,1.5479832604187356e-05,0.00029396169897944656,0.00033570238723978126,0.00014394260841807985,0.0004825438401066738,1.4307080707149815
0.027646389002981605,0.022820533971791446,0.0035394160834020753,3.183457733455794e-05,0.00034423995066709326,0.000455160963011473,0.00010471073616078765,0.00024599544198603023,3.0273098318044096
0.057750432319797734,0.02850511494945443,0.004912860254416331,5.4331862398975114e-05,0.00027110705711689046,0.00043240608129813617,9.340747739281948e-05,0.00032998826741485407,1.5062492104084084
0.0198793762069689,0.030873639563181832,0.0045238812618939896,2.6151050809576633e-05,0.00036276129467322985,0.0002797606653612627,0.0038696927068886167,0.003978712178410471,1.4160808142987764
0.009614484689832881,0.010803454858630558,0.0017249698659876312,3.523031046218082e-05,0.0002119584829366066,0.00034625057662439736,0.0012480397395193232,0.004363392117200217,2.243224743282356
0.007736967840320588,0.007326267706315784,0.0013862812743366325,3.321959745339546e-05,0.00021492422400137216,0.00048263125804087927,0.001950716223347748,0.008508637286318104,1.8146683253890046
0.007503793977967852,0.006883271652666266,0.0013525985158848667,3.456119170160661e-05,0.0002676000723378335,0.00045989368771752893,0.0022603313295544683,0.004051815104305602,0.9408420938319662
0.007555117980080441,0.007241192623759522,0.0011904376340978312,0.0001165149329426487,0.000527939206282442,0.0006427430738210779,0.002817725026789836,0.009736661399071304,1.908878907299188
0.005343405916566031,0.005276902816631451,0.0009701045399112055,2.3424053994779372e-05,0.00017109828399136139,0.00030044579345266977,0.0018389430995530314,0.006130982102020886,1.7578104588883061
0.007164354127569784,0.010102149187870696,0.0012585699321391488,6.503535666505197e-05,0.0004393050143467011,0.000477570369170991,0.0018680059717943959,0.008810517978053172,1.5505249119860594
0.007047459793126701,0.006938356257570633,0.000999010224653902,2.03129700865223e-05,0.0002155527080677452,0.00031386071393337266,0.000811152726251551,0.007865862732661967,0.6630161718321335
0.0052413647693860775,0.008091521609305171,0.0010147254568059188,3.9651798305174383e-05,0.00016522368684210146,0.00013316040210094358,9.148759520436827e-05,0.00013910912614745088,0.20883221437469512
0.007379333360918576,0.004999840545653668,0.001039686001777567,2.3664704190618248e-05,0.0002959662898872894,0.00037947969539107995,0.00010939824297663119,0.00021621469718340958,2.5958644791911536
0.006324870933624697,0.009222117745253512,0.001180691240185262,4.381411031186187e-05,0.00025622192559334795,0.0003599021869004062,0.00034743422489435475,0.0011907466274109837,0.30499160843899553
0.009408726850933587,0.006716910668173824,0.0011776175849244248,5.301774320658383e-05,0.000561177092620906,0.0008452208275125787,0.0011262492780530708,0.006327526263042243,1.5093015846817204
0.004804462767763225,0.00853158563192851,0.0011204195361998572,2.363084259080835e-05,0.0003979400049731695,0.0004236196995077075,0.001375191266838588,0.008035189023997134,1.9348498988699065
0.006487379872307827,0.003671459640717969,0.0009945622601068608,1.3814859537271587e-05,0.00019513702330985596,0.00022403996198253434,0.00010817481714747108,0.00018363415375363418,2.8956696738011947
0.008520129798192765,0.007664863817424217,0.0010161872134047617,4.187826288963561e-05,0.00028305288843024186,0.0004797046028322451,0.00010234773708450946,0.00019515833025542041,0.3445101591453283
0.006733442456571677,0.005293009678385515,0.0009792493594348993,2.9788131487040724e-05,0.0004966567063669265,0.00024640287901030514,0.0006835578087329868,0.0033179747858811718,0.7969676541467402
0.017405583139939857,0.005529815166342164,0.004175970583414301,4.202385032394799e-05,0.00046304602615573784,0.0003250130391774101,0.0032904840274263812,0.0011479991080022803,0.5347436760577097
0.0046841306360892575,0.006209127602422204,0.0010614720125527528,1.7770029420044916e-05,0.0007152817107875706,0.0002657641214505319,0.00011583218513565748,0.00018513960705159152,2.555972123837857
0.0073661530478042365,0.005661734739545854,0.0012562675046649614,5.792551363125853e-05,0.00033394204489272007,0.00030505648534221455,0.0021951450700849313,0.0064461135464574095,1.6356249807038565
