0.0077141138465214205,0.009094309780548104,0.001971959960947531,0.0,0.0,6.036525946834803e-06,0.002555283490858929,0.0002334231776669768,7.659311878080064e-05,0.0003326825847878709,0.06872953208721813
0.017277938829648103,0.018797434004877336,0.003887411140327568,0.0,0.0,2.019438864440588e-05,8.065856497273689e-05,8.437703937079297e-05,0.0003199791767917102,0.0038540836105223197,0.6168606465258601
0.026074148095119442,0.04842958010552998,0.009599744471986818,0.0,0.0,9.81643035805373e-06,0.0008804637624907874,0.0001615959666860383,0.0001142600385109008,0.00042545218963520803,0.06867090445547842
0.025813796880972326,0.030575802490549343,0.004293510836391531,0.0,0.0,1.1775018870007599e-05,0.003625341189376636,0.00016154073432382126,0.00011739469946840324,0.0005617046982539823,0.1410433005167454
0.010607583292876286,0.011089804275452367,0.001617376552841482,0.0,0.0,1.57487603299891e-05,0.0029037203108153117,0.00025126587969627126,0.00015161710846533884,0.0007052510899813006,0.11467351879394036
0.005726361860354042,0.004424918992522858,0.0011928553247433074,0.0,0.0,6.783410480697258e-06,0.0022597200383257772,0.0003051947316815795,6.604667379676262e-05,0.0002677229672783066,0.06235082627404989
0.010963424244034093,0.007273872980717924,0.0016802701124858774,0.0,0.0,2.8705662206936317e-05,0.00223547103566024,0.0004877001753832779,0.0001234494178781341,0.0006292562751901088,0.1709170076618156
0.006207027199274148,0.011928472771507272,0.0015777759218734016,0.0,0.0,1.9080965940445902e-05,0.002506431448712349,0.0006125051271925766,0.0002558216307470501,0.0008402209471855835,0.1944488942961975
0.007564079243723999,0.010599882453639048,0.0021066323003657884,0.0,0.0,3.0309095377010554e-05,0.0018094713165609712,0.00023751330717889434,8.968851273336271e-05,0.0005211224717314223,0.12518903280874663
0.005185368469800868,0.0037656743459793876,0.0008449177212570235,0.0,0.0,1.0223440926865922e-05,0.0027301728784539328,0.00025476766204046415,9.6709322928078e-05,0.0003822301076327251,0.08243129731120986
0.008833464111828553,0.006720420333688,0.0014262601035475502,0.0,0.0,3.020819685104683e-05,0.0014809349547646735,0.0001631664926879558,9.152631663130392e-05,0.00041062382210647983,0.046289488388762234
0.0053676310593854725,0.0029567397293994426,0.0009316787226908857,0.0,0.0,8.370932683464875e-06,0.0011573045100667615,0.00030042424459053775,7.364920458652448e-05,0.0002777127327443798,0.04726785279002785
0.013378602373786916,0.006947650285925579,0.0011999619832685025,0.0,0.0,8.618533260283433e-05,0.00010510408130176865,0.00012257810962897731,0.00030198603067694814,0.005116325634390733,1.795329006623115
0.006374058502790784,0.0036396099301081396,0.0010515482390226207,0.0,0.0,1.1066372197366357e-05,0.0016134025328328572,0.0002720837324600811,9.117114921295974e-05,0.00045650535113718477,0.12470335641679682
0.013190057857032823,0.02492538929656337,0.002918558499841186,0.0,0.0,3.327396217538231e-05,0.0024405952183014674,0.000369780366325678,0.00019210242767186788,0.0007804898381711503,0.1449459646346617
0.007395937303347319,0.0038484930026844804,0.0010059985463706021,0.0,0.0,1.1334857651557543e-05,0.0016813694813182195,0.0002710926607307163,7.77494598214557e-05,0.0003094940901706592,0.0501709910712186
0.0063089333330845826,0.009837081510689608,0.001362305092725791,0.0,0.0,2.4731944372136986e-05,0.0030744044715997633,0.00015101934907664567,7.712368128036383e-05,0.0004320106597146495,0.09565248886061695
0.0063978632098788965,0.00454541148757348,0.0010914134215480212,0.0,0.0,1.4323046675670648e-05,0.0012047311152253487,0.00010216984512321669,7.502393863822421e-05,0.00022675066662144797,0.07033208695347944
0.004160769991563424,0.008446684641955407,0.001274316851475557,0.0,0.0,1.7688693340299454e-05,0.0008697078391509124,8.279493756067452e-05,7.025348790979406e-05,0.00038661567838471097,0.08661387185533487
0.007022499614823478,0.004700161798928343,0.0009288102374358991,0.0,0.0,5.61196451173717e-06,0.0014199770423861213,0.00027074315937068103,7.828197086866562e-05,0.0005296414418066551,0.08885777090036535
0.012348183101727094,0.006645691930121204,0.0011847066410666973,0.0,0.0,8.71015850790545e-05,0.00012490232428587873,0.0001637926761214407,0.00032828660172307594,0.004903197384140739,1.4034391950903033
0.006559944031093211,0.01124485495824738,0.001287659858887258,0.0,0.0,5.797609890610944e-05,0.0017864173327460315,0.001165139757272519,0.00019920961193660994,0.0062527828266338605,2.3124620190413356
0.012155111945313175,0.0062222768382994295,0.0015795209109982728,0.0,0.0,1.7458864262666602e-05,0.0017623868330593785,0.00022157733716511943,8.668110242823124e-05,0.0005690863057028679,0.1488137439686727
0.009176963809029904,0.007058027124675776,0.0013486110178797762,0.0,0.0,3.089745261649306e-05,0.0010289347929637877,0.0007195741285975983,0.0001175255352647365,0.0006721167369159369,0.12994749014800394
0.006250492687318611,0.011171369509820546,0.001739264512542866,0.0,0.0,1.971773354995714e-05,0.002117379687016321,8.694974047550548e-05,7.239737786456436e-05,0.0004679974797705656,0.09387425934776036
0.03269094735787278,0.026468432108483576,0.0050511855138839195,0.0,0.0,4.369209512930227e-05,0.0007933667709379911,0.00029798234336822943,0.000262142671850219,0.000631816505533873,0.11892847650621985
0.028787644232154283,0.0617355178226407,0.013095220631502645,0.0,0.0,9.91116801633727e-06,0.0015498419814284512,0.00023924038289215602,0.00011483403611177816,0.0005420747256525035,0.09463159594455241
0.02784503959284995,0.02760338706118447,0.01005588445681209,0.0,0.0,2.633082515953493e-05,0.002404283209368247,0.00041668044646228815,0.00044754090038302174,0.0036319118205562027,1.7180277152049732
0.00998404397424026,0.00725240504128802,0.0017656619748598204,0.0,0.0,2.7976934834901805e-05,0.0028212422061366068,0.00016858017576696144,5.493213243667035e-05,0.00042249398644763427,0.1173843683094555
0.006696310759558968,0.012072374074214182,0.001639433012322558,0.0,0.0,1.6175046414719456e-05,0.0014418929808784264,7.418115587512174e-05,6.966031777598887e-05,0.00045571286697155606,0.10699808808748039
0.023724361457719136,0.0313419933152664,0.004845400829909917,0.0,0.0,4.8535420171985924e-05,0.0006729847236266415,0.00026189519374121084,0.0001491752151773577,0.0006072386778836417,0.08680497994485845
0.015516683231646206,0.06470956754492815,0.00565818325771875,0.0,0.0,1.65946676219314e-05,0.001195748027183043,0.00023358029692398526,0.00018688611800923843,0.0004146413072579477,0.06384046338631223
0.02633107027414846,0.043186317247431286,0.0037696834219513313,0.0,0.0,3.345573144967703e-05,0.005957043068588327,0.0004959294753938809,0.0007776081820419546,0.0042476668891201505,1.6492626902687144
0.008411150241190936,0.013508749874534917,0.0017120091280176757,0.0,0.0,1.5611514434664718e-05,0.0034411323863280455,0.00034926811116291873,0.00020172936010486917,0.0008139334663591893,0.16651200843614028
0.009891670413813164,0.019330947390517238,0.0012323700055760643,0.0,0.0,3.422530086440869e-05,0.00094223518118801,0.0002439369332982522,0.00016304175452399946,0.004673292413733137,0.46766533142337624
0.009583021037157373,0.00461164807088628,0.0013211851737407031,0.0,0.0,2.373880162016092e-05,0.0032632973579935745,0.00027447859541606957,0.00012328765596059398,0.0006409383087578393,0.13795685486787926
0.021876714194280802,0.018818259840590074,0.0015162545880121616,0.0,0.0,3.616578003880676e-05,0.0015789481435978,0.00030910986930214585,0.00024765124058961517,0.0044907449526305505,0.5427154632946172
0.02075383506808283,0.016010652993220017,0.0010388632901772437,0.0,0.0,8.603687876598807e-05,0.0005611777821058811,0.0003994076884758456,0.00040865437380500187,0.010525900848871773,0.6298913932221439
0.00683229191725165,0.007105034986222006,0.0011698392220379505,0.0,0.0,3.253651952406531e-05,0.0017002213336253407,0.00014912014345178933,7.386172571396392e-05,0.00042566189618978165,0.061823643040479846
0.0057607915726926116,0.00831948046231864,0.0010218115882514836,0.0,0.0,2.098466844449707e-05,0.001737082314562578,0.00021988925044313113,0.00014209530884488891,0.0006486940981180164,0.13764088906966035
0.020490085930391626,0.0183795566251894,0.001129510046280875,0.0,0.0,0.0001056322583534148,0.00029190439162888454,0.00013042639125104475,0.0006143209838073004,0.014176728108735962,2.199258369049701
0.0056046591266012994,0.00785705605148749,0.001231888458234787,0.0,0.0,3.5006528745774286e-05,0.0015408118727689509,0.00011117768745194533,6.974305771201283e-05,0.0004661583685377327,0.10831463903696127
0.00698868681348575,0.004803508941520099,0.0013708701277435633,0.0,0.0,1.757384100072116e-05,0.001519362312174959,0.00020160538526138854,7.32249853789164e-05,0.0004998799201940162,0.11076713014209547
0.005370304436273698,0.015098680109910285,0.001198628794263954,0.0,0.0,3.811199936270156e-05,0.0008892480677835282,0.0002990550742839088,0.0003616392104048875,0.0023232189153678776,0.2985441006369306
0.016823215609660387,0.010873282909174236,0.001106421536977274,0.0,0.0,7.513807106753949e-05,0.0005207492521923543,0.00014072671115544736,0.0005740905883358338,0.006056951351483331,0.4619684368674391
0.004582167892777883,0.007141527089904713,0.0010721516839178745,0.0,0.0,1.8851324294862834e-05,0.0017359653675049608,0.00012174874065606344,8.062523528135506e-05,0.0005981888834730144,0.12543895576076686
0.007763501506789928,0.005652320301589246,0.001249058464045283,0.0,0.0,2.8874557581298317e-05,0.0018147917461922964,0.00022223576291758432,7.935108039706876e-05,0.0002823770450602609,0.05808068582019063
0.004448255461034247,0.007090173079550057,0.0011431331801329417,0.0,0.0,2.185011017070768e-05,0.001293705434686321,0.00010909383829272103,5.905901367517218e-05,0.00044068483985511075,0.11436344039998753
0.006708430066274152,0.01237716168195069,0.0012481545037909517,0.0,0.0,0.000103782949053649,0.00012585097889142335,0.0001687497041984704,0.0013173547038720893,0.004066957471308071,0.6705470754411034
0.005858469953203467,0.007820569325311553,0.0015429414492848577,0.0,0.0,2.4533373567230135e-05,0.0015094409578246563,0.00035487320549683316,8.686747848893906e-05,0.00041288664134123473,0.11187943779154234
0.026011124657326735,0.09650358474064669,0.04536487092291689,0.0,0.0,5.1292421214546176e-05,0.0026675612576085262,0.0003955598956188898,0.00044497047285612745,0.0035144495008418487,1.6016059420186122
0.005786192731045611,0.011021847523696183,0.0014184950686140184,0.0,0.0,3.667545777418071e-05,0.0022220349753248347,0.00022010287340710252,0.00021268985624662312,0.0007472792356900991,0.16594603685005596
0.006789564350693471,0.005180345316421917,0.0013813712233665405,0.0,0.0,9.777765595948269e-06,0.0021600434770257426,0.0001338114084670442,0.00010201504148410426,0.0005420904907271189,0.12982425966745667
0.006930039967063905,0.013476856963217342,0.001812531482535085,0.0,0.0,1.67944006101046e-05,0.003007061385513046,0.00019555178713090491,0.00016003952270944916,0.0007410112265282023,0.1831384923809394
0.017989056926713702,0.012404893654384538,0.0027777534691534977,0.0,0.0,2.5021864542416504e-05,0.002413751742137054,0.0003071823453229382,0.00018977577840282944,0.0008638983435401615,0.1967307573100568
0.025184830526226998,0.019534167579552075,0.003196805772804174,0.0,0.0,1.9487061578487265e-05,0.0035026816100642067,0.0002239654193042714,0.0001865405643470039,0.000808652437703818,0.1627778888121452
0.004740962217927841,0.005720454014269646,0.0010800123922280744,0.0,0.0,1.650117541659383e-05,0.002957084582935116,0.00027588982997673635,0.00011182175199076566,0.0005182434051790122,0.16914294529572796
0.058314330580828036,0.10964285570552655,0.03915057161330896,0.0,0.0,2.655969413009442e-05,0.009522958854278544,0.00034346920257778674,0.0004236688245599709,0.008263997049058643,2.143970252801338
0.005962412062793076,0.025888686682446413,0.013294883764538998,0.0,0.0,5.61252136585265e-06,0.0011771760581318423,8.100389600370806e-05,7.375078838417643e-05,2.2288942603694257e-06,0.25437886975176754
0.007518098865092276,0.003894667036343638,0.001207382934754908,0.0,0.0,2.9482625889421884e-05,0.0039100699775555334,0.00014349650111880247,0.00010200355102831708,0.0005094557751070351,0.10250181398181396
0.016740202166401784,0.012060890709119488,0.003021157582871715,0.0,0.0,2.2901146914378835e-05,0.0025772149414625633,0.00026236194790482485,9.881932397606302e-05,0.000516334369141861,0.13061995374246294
0.02267590990965428,0.019335100484900853,0.0032236675499802935,0.0,0.0,4.320729343854169e-06,0.0014151906290286907,0.00015851120281776073,9.715326864809597e-05,0.00042635520864830247,0.13979181474427274
3.9374962594939025e-06,0.00028289414348864675,1.2053865110216941e-05,0.0,0.0,3.262398058062161e-07,4.213853637061547e-05,4.676960905106633e-06,1.3638669546131925e-06,2.742786450342893e-05,0.00046025248244348644
0.011061032107881652,0.015080643781803411,0.001867275789093297,0.0,0.0,1.3660400425320454e-05,0.002584463533192087,0.00045807730673608926,0.00024397863095093711,0.0008681642180005354,0.2899339071598834
0.00783514646842771,0.01353448862244128,0.0019146005565381353,0.0,0.0,2.4404080452750577e-05,0.0015208534614072173,0.0002157624838197833,8.732941515188146e-05,0.0004993272855074109,0.11268907320580245
0.011744304596542082,0.008893830025249929,0.0014454433852571485,0.0,0.0,4.916047500397255e-05,0.002833676994176327,0.0003342711121108956,0.00016855349256659965,0.0009720920707219905,0.20754227360678293
0.012666447058964454,0.005322534649907619,0.0013054829719002798,0.0,0.0,4.170717277389445e-05,0.0035388244875912108,0.0004513727548525761,0.0005398314238484499,0.001402463062730057,0.3237737632387328
0.007351821084188969,0.006210417957501731,0.0013559532047302727,0.0,0.0,1.889752348389465e-05,0.0018100160238456624,0.000131694796149096,6.869275495340858e-05,0.00046892938684452173,0.1029527861056227
0.005402949808294047,0.005371494006146234,0.0012014474108744471,0.0,0.0,1.6516959169628538e-05,0.00175072438774246,0.00012224347492830856,6.590954361489047e-05,0.0005640088741819394,0.11906208671792788
0.008252686882306584,0.006011227670490202,0.0014058627986247565,0.0,0.0,3.352361039061312e-05,0.002693214898375452,0.0003413106828895217,7.501227912157266e-05,0.0004934578164285717,0.09740723609008099
0.0046123017472777285,0.006870259482380412,0.0010161960684537618,0.0,0.0,1.577201725006662e-05,0.0022725782111929806,0.00026887803281740944,0.0001338722056010357,0.0006266121075593592,0.13548485980551694
0.005274082513417344,0.017341587919542545,0.0012056859481026595,0.0,0.0,0.00013085496573131798,0.0001197959035178228,0.00012238251658025512,0.0004495111022988636,0.0049429805502330055,0.9502752669167586
0.006131790386806268,0.013962547298748332,0.001671736595827923,0.0,0.0,3.4854132651571295e-05,0.002882185629214783,0.0003986875816926805,0.000137309175621198,0.0008076549931878962,0.19646825750339192
0.007983056039408163,0.005492470070795777,0.0015089627139317978,0.0,0.0,1.8213313063115813e-05,0.0014650396863634093,0.00013922750845381173,0.00014080180360377776,0.0004949182687802811,0.14776340772015528
0.004276692599022602,0.011120064386763565,0.00101221628399153,0.0,0.0,1.6967614210223516e-05,0.00018589057323347666,0.00012880584341017098,0.0011849059756650587,0.001356779246862071,0.14146981608821546
0.009718172689681438,0.0036314350172855876,0.001332203320382371,0.0,0.0,1.7706536713278072e-05,0.0009172169983580128,0.00012854044505282206,6.990247938434682e-05,0.0005316495696398932,0.13841929367720068
0.0045931637198234595,0.009838539408758892,0.0011407200191754158,0.0,0.0,2.9750659460480098e-05,0.0013976700174474065,0.0002918806677532801,0.00010034126425148759,0.00020515935936313135,0.03684094651609533
0.010503092734466845,0.007844865266378998,0.0011555773877613563,0.0,0.0,4.7347819897635407e-05,0.0010737854829065466,0.00024355545981780518,0.00014982155704438822,0.0009526969840147172,0.24794705480178428
0.0033454913316704406,0.004650243692738738,0.000879002579875136,0.0,0.0,5.470540878476096e-06,0.0018520218222155397,0.00011858873936718294,6.609125678508411e-05,0.0004956803184773163,0.08629350512167012
0.0076642407005812745,0.004426510399601681,0.0013258513833700955,0.0,0.0,2.5567348938419426e-05,0.0013992670138442925,0.0001879295803722551,6.65078269606815e-05,0.0004799201527190976,0.11248379458622666
0.015644795716954728,0.014303587988883953,0.0018869632072539269,0.0,0.0,3.02173707754673e-05,0.0009854900931213942,0.0008474458627678518,0.0012502947956894801,0.0025875028952533057,0.4157140057599058
0.004609529812906485,0.00595549608096951,0.0015200806505237343,0.0,0.0,4.517528907677991e-06,0.0036137643104561744,0.00012665711417830994,6.931883191312812e-05,0.0004994875647667781,0.09609275333093546
0.0060582074759805895,0.007361181051256129,0.0010931176352819633,0.0,0.0,1.2626194248612178e-05,0.0018768408414243261,0.00019784871973884443,8.940478271554663e-05,0.000559334436861492,0.11163970450396002
0.00903251240371709,0.012032619741812781,0.0015084805591501667,0.0,0.0,3.431531304318747e-05,0.0023698096195571526,0.00022636127685252217,0.00015165046540677066,0.0006460358060918399,0.13761044477653606
0.026283345574342306,0.013223423843595894,0.0036475916842183187,0.0,0.0,1.0842233438632245e-05,0.0021596323616738977,0.00030838097387983206,9.051991376486592e-05,0.0005481768382729419,0.13272685735824868
0.020763243530226076,0.010031741127159667,0.0031807095844286954,0.0,0.0,8.172608295000482e-06,0.002614142413664953,0.00018000403579941548,0.00012352065239781007,0.000550410641405063,0.14345388184128138
0.012147767341071631,0.008372507487106422,0.001347494482586319,0.0,0.0,4.003040322277673e-05,0.004092988429876807,0.0002763207449729251,0.0004943862977858106,0.005565745315062636,0.4970473868904501
0.00827469944461984,0.007527367713540069,0.0011869172283679133,0.0,0.0,1.1251749292484178e-05,0.0013954753377236652,0.0002895397299416436,0.0001626562155169571,0.0008170228052046139,0.15633632300802056
0.02065251924164764,0.013278001639836843,0.002603974912207548,0.0,0.0,3.0135773462644686e-05,0.002403878540872717,0.00014487113601936694,7.601698283558338e-05,0.0003660289229096929,0.05281745995056858
0.018686221271552835,0.008258502113934845,0.0025318031573284463,0.0,0.0,3.2960851586543534e-05,0.002865954762760713,0.00016998098646305978,0.00014810274869071866,0.0005458887130417929,0.10907152295694006
0.005900011672628756,0.008459881231660905,0.0015351735616744107,0.0,0.0,1.7578553838658135e-05,0.0007981969392420854,0.0003959484087407985,0.00037807429548548265,0.004556832457025448,1.097330364944837
0.007437390599578649,0.0074784456857217825,0.001343075468339984,0.0,0.0,1.8775771722577063e-05,0.002110116741177039,0.00023438425936794796,7.76959686535376e-05,0.0005467018598551921,0.11558956844562028
0.004592211362316156,0.011612343576436675,0.0013635640683193947,0.0,0.0,3.5954773165556306e-05,0.0012685488317892234,0.0005604065386555586,0.0001740483707826891,0.0007975150810038381,0.17703014166279887
0.0068396072303897795,0.008609324192673273,0.0013487767681298406,0.0,0.0,1.1517387486462316e-05,0.0026796764758902046,0.0004791439042988539,0.00010066866183698641,0.0003546156484230173,0.08844945836734171
0.007152728580701064,0.003997050867266772,0.0010528938068651585,0.0,0.0,7.345721554389951e-06,0.0010873974282055885,9.066916456574002e-05,6.729955611425954e-05,0.00036568053579079016,0.03725745248787777
0.0061151110906887815,0.008132253703322559,0.001130746355081879,0.0,0.0,1.3762948820114653e-05,0.0017920330209750068,0.00015889248182467442,9.344899246731295e-05,0.0004857075609706204,0.14243882669583
0.006519224785515855,0.006738211391527198,0.0010219134263556892,0.0,0.0,5.43295923023515e-05,0.0001623647087221863,0.0001163758459227893,0.000262865346679429,0.0010713316001491086,0.10276135439765606
0.004250533418714726,0.007334294201007731,0.0009377694860258208,0.0,0.0,5.891681684174167e-06,0.003043470834470205,0.00012717923793052483,9.308967864825518e-05,0.0004497339028057377,0.11387494465505324
0.008722962562414104,0.01306719960689953,0.0011506861905527218,0.0,0.0,0.00010863953230546606,0.0005154724434115008,0.0005020848004521987,0.0005759313382346953,0.0029302474639590595,0.3543666024035988
0.00502067907208576,0.007876844757391064,0.0014116092121170386,0.0,0.0,2.345043287723938e-05,0.001347072736738757,0.00011434521387278331,0.00011292430806508496,0.0004605980872077498,0.05634642632765619
0.007904853799549036,0.006915123514933984,0.0013767101017879689,0.0,0.0,2.1492673641629133e-05,0.0019325011352902177,0.00019013373432850454,8.538464108219791e-05,0.00044471363902083826,0.09007780656683156
0.0034184306971479055,0.005829733137611364,0.0010085372864664993,0.0,0.0,1.0951514972134772e-05,0.0019259554689865124,0.00014176489799384327,8.875536852532098e-05,0.00042709940642266387,0.10286055768748995
0.005968702927246596,0.013256450372908256,0.00111063580456755,0.0,0.0,9.956830598864376e-05,0.00013530528957060142,0.0001270742183425929,0.0003121744068707077,0.003148879115335791,1.269274079059191
0.013103479386395193,0.005595638988778475,0.0009771801864860178,0.0,0.0,0.00012237781458373148,0.00043766915055658447,0.00020813326709276627,0.00023568642094542913,0.006100138634943682,1.1599500713604025
0.010344585658380426,0.006458274299830926,0.0013404799977725641,0.0,0.0,3.735621988391201e-05,0.0016194571087006404,0.00017933025911215695,9.775511091905384e-05,0.0003631160596104277,0.07233845418527962
0.004709231137689936,0.006352851590965902,0.0012897810155103804,0.0,0.0,1.3162226893391022e-05,0.0017719630249990472,0.00012698052646701048,7.316491752270887e-05,0.0003843363897032086,0.0664767867146334
0.009436229501890058,0.007246099901815314,0.0015771623580738542,0.0,0.0,2.22232515309318e-05,0.002129014328019807,0.00025367962471237117,0.00011347123180788243,0.0006993380525066548,0.13822159973273662
0.008017127983106095,0.005596400554603613,0.0013097289419104284,0.0,0.0,2.342072216625536e-05,0.0011131938883120421,0.0004980496722731758,0.00039670164956115905,0.005707069880546207,0.9732256110186102
0.0060599982689489304,0.009433232534380958,0.001080936633173869,0.0,0.0,1.3209014182811213e-05,0.00042322118835382493,0.0002171871867415926,0.0004413529559699747,0.0015334371657884807,0.18722189109703002
0.015433937464619274,0.007426634136563018,0.001557400740783015,0.0,0.0,4.1094705609204e-05,0.0014345027758665232,0.00047521553547484846,0.00035108267120590977,0.0012661614177880605,0.22006465709723222
0.01869776675187781,0.03192256612584832,0.0022797459417026487,0.0,0.0,8.647369121318011e-05,0.0028982423104675485,0.0016179325708454563,0.000281194454229006,0.007674787311556609,2.293294784891617
0.12121508194211786,0.018508941409496583,0.04406994146377608,0.0,0.0,5.645061640536133e-05,0.000437790663655487,0.0002038221174653702,0.0003360853939549084,0.0005342163886811551,2.4211020091370563
1.8067212764934226e-18,2.498001805406602e-16,1.7759231585312563e-15,0.0,0.0,1.1943164556285635e-18,3.298685109787147e-17,3.4423418976414766e-18,4.824699667560495e-18,1.870031907102998e-15,1.4865886299730846e-13
6.963039670023275e-06,0.0003651211912768889,0.00021091574355143914,0.0,0.0,4.19505357264124e-07,3.232067801677572e-06,1.678969766755904e-06,4.695144987709804e-06,6.650298445890214e-06,0.020769059017819138
0.011595688475212196,0.01611876620139256,0.0020834104175196486,0.0,0.0,1.938154632696834e-05,0.0003005704087481908,0.00022390882398052206,0.00046408809857419685,0.0013048215270506913,0.1499766869137113
0.014986312568475471,0.020609052992353466,0.0031628146626213063,0.0,0.0,3.152525281674612e-05,0.003066159741301541,0.00016880852306611475,0.00011048647138718142,0.00038713999007291633,0.10728141011987359
0.02609634221716112,0.005867673056355271,0.0009520499909374843,0.0,0.0,0.0001097423047751784,0.0018163697517925479,0.0009283492578611731,0.0006560755742900204,0.006549128708348473,0.8858358921703811
0.00966957051945938,0.00563485956349885,0.001559329238215325,0.0,0.0,2.275564413354266e-05,0.0014110018605613974,0.00011643343561001869,6.496211129363841e-05,0.0004881794503112861,0.09306743086543667
0.006913102515977758,0.008671738875748713,0.001796466844705284,0.0,0.0,3.6679744146487234e-05,0.0018421246797409294,0.00015903962199837436,0.00011729944759976132,0.0004910866697050632,0.12605637748142948
0.005895630518429889,0.009764678591508367,0.0014009342047375823,0.0,0.0,1.0339670553308038e-05,0.002845120090626303,0.0006265079794353576,0.00023561358576505275,0.0008768623930350458,0.2252816165560385
0.00552635884917769,0.008136635470528682,0.0012594143112302832,0.0,0.0,1.6954498338388673e-05,0.0022401867345618444,0.0003606790632564692,0.0001000514532904614,0.00047942173132888835,0.1328160258000624
0.010238060735020283,0.00530235831137964,0.001246557940090486,0.0,0.0,7.928979680935433e-06,0.0012208816751051665,0.00016476980958162761,8.330018891304281e-05,0.00034972691020680047,0.045177020229984155
0.00408450316481229,0.005404869676644502,0.0008661412960600361,0.0,0.0,7.375858428620754e-06,0.000995884106344792,0.00012766212332192742,7.473254006880366e-05,0.0005155471027349745,0.10344432139849245
0.0099248822222826,0.006572183624899305,0.0011749092640380313,0.0,0.0,8.487583633638551e-06,0.001910951930273511,0.00012123388889733253,0.00010364640118822787,0.00028193677556480215,0.09199720586927178
0.0043024437183346075,0.008589214072604474,0.0010081890921768764,0.0,0.0,6.520734358373783e-06,0.002905018420278304,0.00013889442953015298,9.183084752048225e-05,0.0005468823747583678,0.08707604804086824
0.008511775649465427,0.008945645115247843,0.0014095762479033609,0.0,0.0,5.136036389097479e-05,0.007884935502134684,0.0004092976787683548,0.00033881155460364746,0.0029984894423448053,1.863914920478256
0.012172380942625247,0.00760273235851596,0.0013258014730320985,0.0,0.0,0.0001100183014966033,0.00028428606495626223,0.00020630118931026532,0.0005384236803033368,0.005066360118828286,0.9289339274492653
0.007990085952733773,0.0050053437777460704,0.001265823174748748,0.0,0.0,2.6208742496363184e-05,0.0027074271509594182,9.545148521941375e-05,9.161786745709087e-05,0.00026304507886263837,0.07504761300442647
0.0037275689222088684,0.006686519590936692,0.0009670653022234302,0.0,0.0,1.3433826185655095e-05,0.002334554520387841,0.00024399518270151624,6.4567229438783e-05,0.00034024363189429687,0.06480078295847562
0.007268214782028466,0.005303309418661319,0.001195929634245458,0.0,0.0,3.894924421298314e-05,0.0027307550807745195,0.00018941190491581283,9.26537601120529e-05,0.0005327697197080795,0.1363215683084076
0.004114193604599372,0.007796999928534205,0.0009533194389737372,0.0,0.0,5.671850472402908e-06,0.0016233461426280564,0.00031434056444722727,9.448635746688311e-05,0.00040036720640556256,0.06575787987222904
0.005783849703586538,0.004049045215522969,0.0009004251018638358,0.0,0.0,1.714607843867667e-05,0.0013033455840107406,0.00019709063594119367,6.407862576407148e-05,0.0002928437641800272,0.0364647660086789
0.0058254376741651535,0.011459724344881217,0.00139773301695143,0.0,0.0,2.5731704115490077e-05,0.002065260547638376,0.0001163467173489961,0.00011920655325682635,0.0004814265996256416,0.09942271465991258
0.005149994072720969,0.006976835841538383,0.0012703203715806954,0.0,0.0,1.7129074242349564e-05,0.002365820838023158,0.00017652364848026687,0.0001615520478428699,0.0008135465229304606,0.20683705067143734
0.02300439140521812,0.014806963032112326,0.0033467609783655273,0.0,0.0,3.2980480660703296e-05,0.004470752233609017,0.0002687256369326387,0.00024678774961482556,0.0012033125958195003,0.2991574448208602
0.00751728425091867,0.00481303002893077,0.0012538031280903933,0.0,0.0,8.083675473176069e-06,0.001350676837610168,0.0006215249964579182,0.0001027558560924988,0.0005920250281799434,0.12557594635671257
0.014901554744284912,0.010299799733713276,0.0012624415491123656,0.0,0.0,1.3942126381031806e-05,0.0003070648763856475,0.00019943048434076254,0.00038988552915149527,0.0034830790582604334,0.23783550208943605
0.008856392142659113,0.011947402926478987,0.0015735648825888123,0.0,0.0,2.4381839259437838e-05,0.002492658834382695,0.00014951545068322,0.00012282737065344917,0.0006537406075484395,0.15752408697555229
0.012099136487084505,0.01573330009071957,0.003163182695667409,0.0,0.0,1.3025222848370828e-05,0.002266081439690096,0.00022271661739116605,0.000105538938496717,0.00025223894706214855,0.05901647776042205
0.0169445475393073,0.018526890360154726,0.003077380669938715,0.0,0.0,2.170442120520876e-05,0.0022232934416838677,0.0003181232301988425,9.120896781949612e-05,0.0005206795785039053,0.14345297796863238
0.00405068453126471,0.004686756595046989,0.003752928237217132,0.0,0.0,1.1133160849866902e-06,0.000525750994466872,2.5386088159644987e-05,6.302599607184709e-05,3.776422765616021e-07,0.1312470277639862
0.02120172139785413,0.015282535524184106,0.0028351581461110906,0.0,0.0,4.911691321487545e-05,0.0012491037494162993,0.0007695925412625052,0.00024510445791839976,0.0013938425472515663,0.2616632469845764
0.015154493538493777,0.04264901010059456,0.0027425975641994084,0.0,0.0,8.78820931265052e-05,0.003201093745021763,0.001680513375753399,0.0003835837582504164,0.007740368943227307,0.7414867470399349
0.007910452029537189,0.005903445669402069,0.0017013411904211841,0.0,0.0,2.9084737383469675e-05,0.002181366366829518,0.0002914585332167137,0.00012194378668898123,0.00048348815437202283,0.0918187672344826
0.006315725904718572,0.007774161819966107,0.0013239673532882772,0.0,0.0,1.896232407038969e-05,0.0016038124914217696,0.00030719166048432924,0.0001208660068151624,0.0002784055703799978,0.059122820356467404
0.009239366907892536,0.004641385774932893,0.001306476158617908,0.0,0.0,1.819774240410276e-05,0.0015409467676933005,0.0003784371392522071,0.0001547570747039646,0.00035906068702337305,0.05434589631876808
0.014910246806927246,0.009691042569213508,0.001434243185289583,0.0,0.0,1.0927888697259456e-05,0.0020965048197710444,0.0002376535792633014,0.00014585232396323948,0.00047364822374548917,0.1119421476139809
0.005082395784544119,0.0056716152879272485,0.00100763226895352,0.0,0.0,1.365787456178704e-05,0.002637080976682491,0.000194422879902539,7.795124979508994e-05,0.0004277087107815717,0.10199872338872039
0.006943869023303004,0.009486967299517389,0.0010612842422873983,0.0,0.0,7.414215122596157e-05,0.0001286079875468971,0.0001185042227182717,0.00024317255123081747,0.009364551704921772,1.8898412483221996
0.0036457806427786232,0.004214937124841927,0.000833169407879319,0.0,0.0,1.1281213489272836e-05,0.00018099368091548798,0.00013867645328084625,0.000266920255799133,0.0029902928147594724,2.253546790093851
0.009832442263730931,0.007231957737070174,0.0012594550780506521,0.0,0.0,4.5482781682097546e-05,0.003666448411169491,0.00017789262298527946,7.645550999340444e-05,0.00037120609871594504,0.10178661548429822
0.0034359464700076067,0.010003275527198255,0.000989528348762374,0.0,0.0,8.374049315403882e-06,0.0010312057517574687,0.00013211838995878298,9.7947480676215e-05,0.000587031516336763,0.15198249800792088
0.007885974085195925,0.010532884976931067,0.0014622455563327492,0.0,0.0,1.241534290619642e-05,0.0015575721375988634,0.00015119980385069724,9.991197174252088e-05,0.0005976658003719898,0.12165988828911309
0.005722129843759109,0.009455456003187517,0.0012649686492128217,0.0,0.0,3.1137809225102865e-05,0.0017159442471571243,0.00019405109603594267,0.00017083508993899488,0.000621817015565911,0.08304419528937843
0.008429106303548192,0.0048762153466989835,0.0014434159367444353,0.0,0.0,1.0492146555326523e-05,0.002305509361757554,0.00022934712667564735,7.879186591432413e-05,0.0005054254660685887,0.08829526499600342
0.003543335557281208,0.008328888621729378,0.0009726917680314365,0.0,0.0,3.6760075350578625e-06,0.0009607046353261508,0.0001312108398135746,0.00011133894028277541,0.00031262453420976573,0.08997122002567146
0.004503095789247871,0.010227213031030255,0.0011465472386373828,0.0,0.0,8.253480257792655e-06,0.0016558554876292186,0.00012941387921848896,0.0001176391921616569,0.0003569351596220566,0.062130219205882194
0.00533382215307484,0.009404328965956036,0.0010610079711353862,0.0,0.0,4.0817362255535836e-05,0.003023451396084311,0.00036921462330091824,8.852160827808283e-05,0.0003242677365860428,0.09983603034222313
0.010892791882494781,0.005292953999534597,0.001376359530739647,0.0,0.0,2.697152905816773e-05,0.0019472272465943438,0.0001220610966789502,0.00010561913428600231,0.00025501363077474765,0.05479124914856458
0.005635581945578324,0.009962407387522614,0.0015547518850860282,0.0,0.0,1.1065910252814057e-05,0.0029828375568346386,0.00016553867853287243,9.097253680272137e-05,0.0004944260712195385,0.09003222634651621
0.006736985600938315,0.012146227160908215,0.001405508859894158,0.0,0.0,2.9805432008481976e-05,0.004004762177966265,0.00030889772430079245,0.00029330938235143166,0.0014062764950678154,0.6538449376023145
0.011220708239529182,0.005134704661929989,0.0015274711819317113,0.0,0.0,1.2115892712904362e-05,0.0012646001588718576,9.551582939478894e-05,7.894973777057375e-05,0.0004206672999312272,0.13398885366749894
0.007574132951781872,0.007899981244132794,0.001452387602628011,0.0,0.0,2.501536195016646e-05,0.0017775967607676362,0.0003458473826537187,0.00016131910204974348,0.0006153301198640363,0.15333890342116022
0.02714547546560673,0.029689157975032385,0.004310189077372197,0.0,0.0,2.8752016703048817e-05,0.0023159801459963166,0.0003251091632605105,0.0006869939128568268,0.0036723653586964865,1.729981904448114
0.024482772722759887,0.023876587764318363,0.004851970253798033,0.0,0.0,4.159915857877326e-05,0.001824936793813353,0.0002193616461831114,9.657730625597866e-05,0.00041678792228294794,0.09521693340610955
0.05533096850193763,0.05789279635334659,0.008742025328322167,0.0,0.0,7.3542378763193225e-06,0.002094714605086775,0.00013354463007445502,0.0001352089023376743,0.0003001310494968333,0.052476320325625964
0.009943653368283957,0.010227442665617996,0.0017902238908089202,0.0,0.0,3.1933658866816446e-05,0.0017276720246692412,0.00012989128855528514,8.394413519473016e-05,0.0006210758683036287,0.12074256894482487
